time,CP6,F7,CP2,FT8,P1,PO8,P9,P4,CPz,P6,FT7,AF8,Fp2,P2,CP5,Pz,O1,FC5,F8,P5,Oz,FC3,P3,PO7,F5,FC2,TP8,CP1,TP7,POz,CP3,T8,Fp1,FC1,F10,F1,C3,T7,C1,C2,C4,FC4,C6,C5,F2,F6,AF3,PO4,P10,P8,P7,PO3,Fz,AF7,FCz,CP4,F4,AF4,Cz,FC6,F9,F3,O2,AFz
-100,0.701,0.084,0.542,0.137,0.242,0.614,0.688,0.605,0.117,0.877,0.835,0.819,0.25,0.015,0.563,0.537,0.504,0.674,0.152,0.811,0.389,0.535,0.073,0.322,0.07,0.173,0.513,0.289,0.26,0.315,0.99,0.444,0.935,0.563,0.972,0.539,0.098,0.087,0.64,0.848,0.494,0.524,0.142,0.608,0.991,0.469,0.317,0.799,0.693,0.169,0.885,0.463,0.979,0.5,0.908,0.193,0.023,0.257,0.16,0.869,0.731,0.526,0.985,0.532
-98,0.078,0.444,0.804,0.979,0.367,0.164,0.673,0.943,0.208,0.117,0.859,0.78,0.072,0.932,0.973,0.276,0.468,0.358,0.02,0.179,0.769,0.344,0.055,0.228,0.62,0.262,0.805,0.485,0.502,0.954,0.964,0.27,0.398,0.305,0.586,0.587,0.659,0.07,0.497,0.615,0.156,0.202,0.365,0.581,0.165,0.06,0.285,0.853,0.901,0.127,0.864,0.281,0.793,0.66,0.542,0.954,0.652,0.476,0.19,0.689,0.384,0.843,0.07,0.92
-96,0.615,0.073,0.129,0.578,0.219,0.118,0.892,0.392,0.533,0.34,0.605,0.313,0.528,0.203,0.414,0.472,0.062,0.483,0.33,0.182,0.389,0.627,0.193,0.601,0.756,0.591,0.686,0.557,0.651,0.635,0.214,0.394,0.234,0.278,0.733,0.229,0.563,0.002,0.67,0.956,0.448,0.427,0.293,0.834,0.328,0.976,0.82,0.957,0.917,0.733,0.367,0.87,0.179,0.424,0.859,0.278,0.023,0.374,0.615,0.528,0.89,0.186,0.647,0.971
-94,0.807,0.316,0.588,0.293,0.997,0.856,0.651,0.054,0.914,0.95,0.062,0.281,0.931,0.271,0.652,0.028,0.261,0.866,0.288,0.423,0.38,0.996,0.497,0.339,0.614,0.73,0.123,0.827,0.945,0.48,0.745,0.386,0.255,0.917,0.614,0.929,0.091,0.943,0.828,0.003,0.179,0.434,0.482,0.98,0.903,0.959,0.172,0.721,0.778,0.658,0.576,0.189,0.912,0.246,0.635,0.803,0.83,0.16,0.061,0.119,0.745,0.458,0.513,0.542
-92,0.038,0.28,0.821,0.949,0.861,0.175,0.678,0.963,0.725,0.606,0.968,0.003,0.35,0.344,0.905,0.908,0.205,0.381,0.123,0.567,0.704,0.487,0.774,0.455,0.786,0.897,0.089,0.831,0.264,0.613,0.915,0.245,0.411,0.328,0.742,0.743,0.574,0.908,0.63,0.214,0.243,0.553,0.684,0.895,0.115,0.713,0.854,0.008,0.467,0.151,0.288,0.655,0.964,0.251,0.518,0.053,0.891,0.287,0.267,0.692,0.369,0.591,0.155,0.822
-90,0.907,0.1,0.279,0.49,0.423,0.298,0.758,0.845,0.94,0.774,0.512,0.52,0.688,0.938,0.736,0.062,0.187,0.068,0.562,0.15,0.761,0.753,0.163,0.114,0.396,0.343,0.587,0.928,0.242,0.036,0.563,0.358,0.111,0.781,0.11,0.397,0.328,0.045,0.232,0.811,0.673,0.097,0.951,0.705,0.412,0.265,0.236,0.225,0.561,0.835,0.878,0.242,0.955,0.981,0.893,0.835,0.776,0.088,0.225,0.175,0.997,0.408,0.403,0.183
-88,0.309,0.523,0.633,0.478,0.117,0.164,0.209,0.404,0.414,0.295,0.344,0.042,0.668,0.964,0.994,0.215,0.301,0.342,0.175,0.093,0.474,0.272,0.445,0.559,0.996,0.412,0.181,0.132,0.208,0.658,0.147,0.734,0.608,0.51,0.184,0.217,0.766,0.79,0.82,0.096,0.896,0.137,0.618,0.378,0.006,0.176,0.747,0.395,0.146,0.359,0.428,0.322,0.362,0.358,0.217,0.353,0.201,0.059,0.742,0.963,0.488,0.208,0.065,0.359
-86,0.072,0.729,0.045,0.611,0.578,0.757,0.847,0.604,0.116,0.362,0.094,0.879,0.353,0.329,0.761,0.825,0.505,0.29,0.199,0.917,0.9,0.821,0.928,0.124,0.458,0.361,0.576,0.022,0.779,0.654,0.203,0.623,0.771,0.063,0.851,0.022,0.136,0.692,0.483,0.572,0.291,0.819,0.758,0.862,0.963,0.096,0.61,0.952,0.255,0.324,0.602,0.137,0.312,0.44,0.68,0.765,0.117,0.374,0.238,0.48,0.307,0.073,0.661,0.809
-84,0.028,0.772,0.5,0.777,0.737,0.227,0.9,0.782,0.029,0.287,0.805,0.606,0.73,0.507,0.597,0.732,0.315,0.94,0.522,0.806,0.798,0.931,0.821,0.583,0.416,0.671,0.347,0.797,0.154,0.719,0.792,0.617,0.244,0.901,0.243,0.062,0.515,0.11,0.015,0.621,0.19,0.69,0.913,0.055,0.72,0.247,0.543,0.366,0.011,0.873,0.766,0.787,0.951,0.965,0.844,0.294,0.578,0.186,0.056,0.987,0.206,0.498,0.177,0.964
-82,0.179,0.916,0.171,0.809,0.21,0.208,0.793,0.373,0.407,0.966,0.023,0.3,0.058,0.912,0.545,0.945,0.476,0.049,0.583,0.282,0.316,0.106,0.661,0.001,0.159,0.376,0.618,0.253,0.164,0.167,0.403,0.851,0.668,0.671,0.113,0.088,0.067,0.349,0.824,0.995,0.78,0.607,0.508,0.753,0.229,0.204,0.546,0.019,0.346,0.442,0.449,0.148,0.738,0.276,0.413,0.709,0.177,0.324,0.548,0.999,0.259,0.328,0.435,0.816
-80,0.674,0.902,0.597,0.314,0.98,0.422,0.426,0.841,0.211,0.206,0.102,0.677,0.592,0.686,0.692,0.934,0.435,0.65,0.183,0.686,0.347,0.739,0.102,0.731,0.688,0.77,0.383,0.882,0.866,0.359,0.816,0.457,0.397,0.709,0.695,0.942,0.258,0.749,0.423,0.351,0.244,0.677,0.604,0.57,0.723,0.654,0.941,0.337,0.081,0.438,0.73,0.688,0.773,0.737,0.557,0.434,0.224,0.952,0.491,0.671,0.563,0.779,0.18,0.116
-78,0.225,0.408,0.468,0.669,0.296,0.67,0.335,0.506,0.603,0.374,0.837,0.342,0.418,0.099,0.428,0.034,0.318,0.025,0.155,0.783,0.579,0.6,0.218,0.929,0.601,0.512,0.464,0.849,0.163,0.102,0.957,0.694,0.351,0.302,0.836,0.387,0.251,0.38,0.574,0.885,0.947,0.023,0.581,0.578,0.885,0.088,0.314,0.422,0.328,0.139,0.476,0.184,0.005,0.332,0.207,0.888,0.059,0.868,0.048,0.697,0.442,0.764,0.442,0.747
-76,0.944,0.037,0.779,0.51,0.028,0.467,0.354,0.372,0.756,0.883,0.578,0.707,0.65,0.466,0.729,0.569,0.864,0.28,0.323,0.438,0.383,0.283,0.72,0.661,0.68,0.741,0.835,0.084,0.652,0.426,0.246,0.628,0.655,0.035,0.844,0.956,0.964,0.964,0.963,0.612,0.936,0.321,0.44,0.625,0.735,0.288,0.321,0.822,0.814,0.588,0.371,0.251,0.865,0.252,0.633,0.247,0.846,0.266,0.309,0.188,0.707,0.608,0.514,0.785
-74,0.727,0.438,0.847,0.944,0.477,0.473,0.57,0.793,0.759,0.763,0.029,0.551,0.637,0.779,0.089,0.87,0.293,0.664,0.609,0.712,0.642,0.466,0.679,0.648,0.986,0.62,0.985,0.24,0.469,0.835,0.969,0.726,0.008,0.118,0.353,0.092,0.938,0.271,0.85,0.937,0.269,0.316,0.054,0.773,0.608,0.373,0.6,0.357,0.836,0.545,0.972,0.713,0.203,0.836,0.063,0.781,0.707,0.063,0.716,0.506,0.181,0.467,0.843,0.804
-72,0.365,0.069,0.672,0.236,0.918,0.842,0.777,0.502,0.354,0.23,0.612,0.336,0.682,0.536,0.083,0.14,0.5,0.078,0.311,0.482,0.733,0.444,0.146,0.862,0.592,0.103,0.952,0.22,0.525,0.602,0.668,0.088,0.062,0.611,0.299,0.82,0.737,0.767,0.29,0.182,0.882,0.189,0.581,0.925,0.328,0.744,0.07,0.564,0.944,0.187,0.045,0.253,0.255,0.694,0.77,0.74,0.967,0.071,0.695,0.598,0.65,0.11,0.605,0.107
-70,0.973,0.153,0.688,0.374,0.35,0.66,0.328,0.456,0.415,0.99,0.306,0.38,0.671,0.947,0.827,0.145,0.817,0.774,0.645,0.244,0.092,0.465,0.225,0.708,0.881,0.374,0.449,0.506,0.678,0.191,0.883,0.696,0.911,0.379,0.161,0.976,0.564,0.339,0.16,0.507,0.637,0.317,0.032,0.647,0.777,0.725,0.859,0.456,0.426,0.628,0.294,0.078,0.039,0.76,0.664,0.321,0.353,0.627,0.051,0.261,0.164,0.273,0.779,0.071
-68,0.316,0.018,0.073,0.167,0.356,0.023,0.699,0.861,0.438,0.962,0.701,0.311,0.937,0.836,0.854,0.198,0.752,0.54,0.215,0.013,0.092,0.577,0.59,0.7,0.101,0.384,0.743,0.903,0.935,0.887,0.256,0.549,0.468,0.351,0.701,0.849,0.465,0.696,0.527,0.623,0.335,0.242,0.601,0.752,0.464,0.167,0.099,0.512,0.849,0.456,0.486,0.055,0.814,0.982,0.181,0.579,0.208,0.907,0.281,0.726,0.788,0.411,0.756,0.276
-66,0.03,0.158,0.796,0.441,0.834,0.604,0.416,0.234,0.24,0.433,0.022,0.106,0.379,0.298,0.904,0.818,0.497,0.453,0.631,0.572,0.419,0.346,0.501,0.221,0.273,0.403,0.249,0.915,0.655,0.212,0.955,0.615,1.0,0.866,0.454,0.361,0.257,0.401,0.466,0.988,0.512,0.975,0.235,0.037,0.695,0.728,0.412,0.499,0.901,0.097,0.488,0.944,0.258,0.033,0.305,0.049,0.361,0.907,0.583,0.528,0.174,0.184,0.859,0.525
-64,0.066,0.637,0.976,0.041,0.928,0.035,0.11,0.059,0.737,0.891,0.425,0.259,0.203,0.088,0.15,0.835,0.384,0.385,0.692,0.346,0.688,0.697,0.64,0.672,0.282,0.47,0.381,0.189,0.678,0.06,0.165,0.699,0.66,0.586,0.139,0.095,0.68,0.073,0.183,0.958,0.65,0.475,0.184,0.189,0.802,0.823,0.721,0.41,0.435,0.494,0.26,0.873,0.473,0.327,0.362,0.755,0.331,0.454,0.57,0.636,0.364,0.789,0.256,0.222
-62,0.253,0.323,0.514,0.699,0.856,0.548,0.82,0.714,0.143,0.896,0.844,0.75,0.311,0.624,0.891,0.976,0.708,0.096,0.855,0.156,0.627,0.88,0.383,0.788,0.911,0.293,0.743,0.168,0.689,0.252,0.552,0.119,0.197,0.108,0.031,0.699,0.518,0.203,0.102,0.174,0.506,0.119,0.345,0.353,0.249,0.898,0.485,0.268,0.43,0.045,0.567,0.399,0.548,0.965,0.867,0.638,0.125,0.125,0.732,0.863,0.197,0.399,0.469,0.608
-60,0.84,0.335,0.094,1.0,0.891,0.524,0.619,0.751,0.744,0.065,0.242,0.376,0.999,0.386,0.157,0.741,0.547,0.536,0.909,0.41,0.053,0.946,0.693,0.012,0.252,0.161,0.008,0.776,0.914,0.845,0.384,0.869,0.886,0.045,0.814,0.671,0.607,0.831,0.33,0.448,0.881,0.433,0.552,0.856,0.839,0.291,0.792,0.962,0.112,0.542,0.158,0.177,0.51,0.006,0.047,0.265,0.448,0.201,0.784,0.187,0.492,0.455,0.133,0.938
-58,0.901,0.306,0.916,0.479,0.071,0.125,0.693,0.954,0.668,0.816,0.557,0.365,0.596,0.657,0.033,0.052,0.891,0.67,0.174,0.393,0.537,0.369,0.221,0.171,0.906,0.622,0.071,0.43,0.543,0.909,0.354,0.122,0.468,0.202,0.005,0.256,0.751,0.906,0.236,0.843,0.006,0.761,0.012,0.639,0.248,0.878,0.717,0.163,0.091,0.455,0.344,0.68,0.157,0.935,0.843,0.156,0.271,0.228,0.927,0.69,0.597,0.225,0.655,0.213
-56,0.962,0.442,0.922,0.991,0.803,0.269,0.949,0.21,0.562,0.654,0.798,0.722,0.614,0.412,0.791,0.989,0.149,0.878,0.325,0.911,0.226,0.745,0.948,0.235,0.274,0.5,0.271,0.221,0.613,0.339,0.108,0.847,0.501,0.669,0.497,0.756,0.653,0.517,0.731,0.488,0.752,0.632,0.126,0.13,0.379,0.701,0.834,0.823,0.8,0.928,0.354,0.049,0.559,0.61,0.438,0.364,0.114,0.362,0.375,0.27,0.799,0.872,0.484,0.909
-54,0.287,0.146,0.496,0.792,0.949,0.705,0.77,0.405,0.683,0.554,0.669,0.012,0.005,0.906,0.497,0.803,0.818,0.491,0.7,0.53,1.0,0.579,0.936,0.449,0.884,0.516,0.77,0.852,0.399,0.087,0.71,0.247,0.315,0.194,0.958,0.315,0.835,0.75,0.865,0.379,0.216,0.486,0.512,0.158,0.542,0.019,0.787,0.023,0.736,0.204,0.33,0.968,0.745,0.258,0.153,0.591,0.889,0.373,0.576,0.293,0.404,0.373,0.987,0.335
-52,0.496,0.986,0.355,0.56,0.168,0.449,0.147,0.207,0.635,0.414,0.183,0.171,0.382,0.369,0.685,0.453,0.226,0.116,0.309,0.586,0.89,0.664,0.158,0.585,0.947,0.958,0.494,0.504,0.711,0.421,0.553,0.693,0.794,0.191,0.681,0.207,0.291,0.263,0.322,0.317,0.193,0.773,0.986,0.3,0.044,0.945,0.606,0.586,0.971,0.08,0.133,0.035,0.589,0.14,0.83,0.877,0.125,0.478,0.215,0.229,0.94,0.904,0.223,0.058
-50,0.65,0.733,0.413,0.297,0.547,0.879,0.064,0.483,0.289,0.315,0.775,0.49,0.754,0.81,0.821,0.324,0.345,0.861,0.335,0.442,0.082,0.758,0.726,0.125,0.342,0.686,0.528,0.353,0.617,0.921,0.835,0.353,0.112,0.576,0.78,0.363,0.018,0.545,0.791,0.713,0.198,0.587,0.968,0.929,0.853,0.006,0.512,0.749,0.914,0.824,0.02,0.687,0.987,0.633,0.752,0.009,0.02,0.23,0.619,0.362,0.253,0.848,0.089,0.163
-48,0.512,0.626,0.369,0.035,0.703,0.857,0.963,0.797,0.595,0.347,0.424,0.62,0.266,0.49,0.85,0.368,0.425,0.97,0.037,0.549,0.923,0.075,0.917,0.068,0.785,0.076,0.2,0.25,0.202,0.708,0.809,0.38,0.245,0.311,0.699,0.779,0.874,0.279,0.442,0.104,0.144,0.796,0.535,0.297,0.194,0.938,0.813,0.977,0.135,0.018,0.695,0.058,0.564,0.778,0.69,0.315,0.283,0.766,0.055,0.016,0.913,0.338,0.322,0.314
-46,0.153,0.181,0.654,0.737,0.393,0.645,0.618,0.713,0.944,0.831,0.621,0.794,0.708,0.054,0.708,0.521,0.285,0.828,0.738,0.785,0.774,0.958,0.764,0.056,0.482,0.133,0.09,0.97,0.595,0.19,0.406,0.419,0.138,0.228,0.645,0.521,0.187,0.409,0.911,0.537,0.287,0.63,0.631,0.221,0.121,0.593,0.566,0.89,0.841,0.782,0.003,0.252,0.906,0.493,0.568,0.258,0.819,0.347,0.884,0.798,0.405,0.33,0.841,0.905
-44,0.074,0.527,0.65,0.666,0.038,0.925,0.163,0.332,0.217,0.013,0.535,0.702,0.126,0.726,0.907,0.822,0.784,0.202,0.576,0.447,0.508,0.698,0.577,0.581,0.759,0.653,0.148,0.391,0.423,0.51,0.045,0.179,0.725,0.239,0.021,0.93,0.745,0.655,0.647,0.514,0.69,0.951,0.752,0.967,0.147,0.254,0.343,0.376,0.207,0.816,0.89,0.177,0.527,0.293,0.542,0.525,0.144,0.252,0.405,0.848,0.345,0.011,0.443,0.065
-42,0.145,0.255,0.585,0.403,0.472,0.454,0.69,0.433,0.108,0.706,0.189,0.586,0.448,0.782,0.466,0.705,0.753,0.718,0.256,0.868,0.653,0.307,0.2,0.414,0.545,0.97,0.1,0.706,0.531,0.744,0.215,0.328,0.88,0.967,0.655,0.292,0.222,0.279,0.607,0.745,0.867,0.389,0.313,0.875,0.43,0.038,0.835,0.919,0.673,0.122,0.643,0.044,0.135,0.107,0.576,0.691,0.771,0.801,0.926,0.589,0.364,0.508,0.336,0.811
-40,0.866,0.367,0.585,0.907,0.453,0.814,0.046,0.956,0.817,0.797,0.39,0.808,0.096,0.796,0.07,0.561,0.766,0.894,0.417,0.688,0.982,0.152,0.823,0.605,0.798,0.474,0.815,0.496,0.079,0.245,0.541,0.191,0.559,0.871,0.136,0.479,0.351,0.005,0.796,0.593,0.4,0.853,0.847,0.033,0.708,0.091,0.91,0.469,0.614,0.774,0.604,0.828,0.18,0.953,0.161,0.651,0.177,0.458,0.213,0.386,0.753,0.137,0.974,0.841
-38,0.775,0.634,0.698,0.416,0.939,0.298,0.385,0.838,0.125,0.488,0.419,0.854,0.124,0.488,0.494,0.394,0.248,0.971,0.424,0.721,0.775,0.056,0.244,0.902,0.86,0.991,0.583,0.422,0.568,0.107,0.441,0.57,0.939,0.167,0.952,0.364,0.71,0.357,0.404,0.566,0.087,0.336,0.468,0.198,0.611,0.18,0.634,0.752,0.018,0.364,0.887,0.48,0.104,0.202,0.088,0.701,0.619,0.966,0.567,0.178,0.52,0.049,0.593,0.331
-36,0.062,0.189,0.841,0.689,0.057,0.128,0.236,0.775,0.756,0.109,0.681,0.546,0.041,0.882,0.136,0.567,0.96,0.682,0.394,0.921,0.255,0.715,0.704,0.374,0.668,0.413,0.431,0.528,0.944,0.61,0.392,0.463,0.928,0.47,0.389,0.201,0.058,0.955,0.49,0.451,0.958,0.75,0.433,0.141,0.704,0.613,0.324,0.575,0.498,0.419,0.954,0.164,0.441,0.321,0.288,0.383,0.743,0.698,0.682,0.192,0.132,0.187,0.172,0.096
-34,0.611,0.062,0.624,0.117,0.876,0.056,0.486,0.592,0.387,0.174,0.585,0.427,0.076,0.964,0.059,0.262,0.39,0.565,0.149,0.247,0.403,0.857,0.486,0.575,0.706,0.368,0.91,0.587,0.69,0.574,0.842,0.75,0.336,0.085,0.417,0.189,0.245,0.013,0.497,0.098,0.425,0.235,0.678,0.258,0.272,0.61,0.376,0.214,0.76,0.028,0.549,0.937,0.663,0.046,0.387,0.342,0.827,0.628,0.353,0.783,0.333,0.43,0.783,0.696
-32,0.661,0.888,0.005,0.73,0.77,0.282,0.252,0.36,0.825,0.594,0.251,0.415,0.089,0.495,0.403,0.721,0.816,0.233,0.924,0.645,0.957,0.086,0.772,0.719,0.772,0.33,0.423,0.032,0.778,0.95,0.759,0.709,0.841,0.655,0.972,0.287,0.675,0.771,0.351,0.789,0.628,0.754,0.212,0.168,0.933,0.712,0.98,0.174,0.163,0.845,0.137,0.572,0.01,0.459,0.355,0.116,0.431,0.68,0.076,0.932,0.899,0.76,0.912,0.497
-30,0.689,0.373,0.842,0.889,0.183,0.092,0.243,0.334,0.904,0.149,0.462,0.871,1.0,0.825,0.854,0.587,0.397,0.774,0.586,0.712,0.225,0.48,0.75,0.974,0.403,0.389,0.106,0.316,0.789,0.27,0.804,0.103,0.234,0.959,0.285,0.347,0.472,0.112,0.13,0.7,0.848,0.692,0.517,0.053,0.76,0.045,0.015,0.071,0.982,0.393,0.304,0.491,0.117,0.941,0.484,0.04,0.248,0.609,0.382,0.963,0.324,0.509,0.06,0.866
-28,0.2,0.14,0.028,0.8,0.545,0.344,0.389,0.213,0.052,0.643,0.841,0.628,0.466,0.201,0.421,0.636,0.418,0.067,0.692,0.858,0.835,0.824,0.618,0.386,0.113,0.34,0.368,0.517,0.357,0.33,0.096,0.209,0.664,0.052,0.04,0.52,0.334,0.591,0.855,0.731,0.126,0.486,0.119,0.911,0.363,0.345,0.575,0.152,0.688,0.417,0.922,0.371,0.679,0.589,0.476,0.715,0.156,0.963,0.417,0.802,0.1,0.648,0.913,0.115
-26,0.45,0.61,0.572,0.702,0.275,0.311,0.499,0.873,0.367,0.13,0.566,0.53,0.566,0.293,0.865,0.905,0.331,0.064,0.499,0.416,0.121,0.217,0.07,0.221,0.002,0.045,0.317,0.042,0.052,0.192,0.461,0.654,0.055,0.535,0.371,0.918,0.224,0.365,0.165,0.344,0.126,0.824,0.499,0.771,0.579,0.52,0.51,0.888,0.837,0.445,0.815,0.369,0.205,0.719,0.3,0.099,0.075,0.727,0.663,0.989,0.495,0.237,0.919,0.183
-24,0.987,0.779,0.991,0.766,0.531,0.795,0.129,0.907,0.897,0.345,0.601,0.648,0.547,0.412,0.266,0.914,0.224,0.111,0.985,0.325,0.7,0.162,0.411,0.839,0.251,0.536,0.955,0.475,0.531,0.78,0.613,0.096,0.024,0.288,0.182,0.295,0.968,0.997,0.325,0.109,0.68,0.418,0.739,0.245,0.983,0.358,0.938,0.431,0.785,0.091,0.627,0.153,0.469,0.264,0.771,0.39,0.043,0.507,0.238,0.44,0.986,0.737,0.297,0.674
-22,0.46,0.159,0.877,0.981,0.227,0.481,0.436,0.966,0.128,0.897,0.356,0.246,0.483,0.493,0.772,0.522,0.13,0.939,0.331,0.879,0.477,0.495,0.068,0.437,0.605,0.373,0.087,0.652,0.394,0.85,0.38,0.486,0.713,0.064,0.889,0.415,0.829,0.738,0.467,0.36,0.887,0.632,0.106,0.746,0.319,0.392,0.516,0.691,0.391,0.686,0.76,0.533,0.857,0.491,0.376,0.787,0.326,0.36,0.337,0.846,0.575,0.703,0.439,0.652
-20,0.68,0.523,0.518,0.087,0.336,0.765,0.474,0.363,0.354,0.682,0.036,0.184,0.01,0.665,0.174,0.933,0.911,0.368,0.583,0.994,0.299,0.998,0.181,0.171,0.415,0.119,0.921,0.317,0.771,0.533,0.064,0.208,0.618,0.633,0.033,0.54,0.082,0.542,0.893,0.068,0.485,0.081,0.541,0.249,0.403,0.724,0.833,0.543,0.494,0.684,0.408,0.964,0.864,0.991,0.336,0.073,0.361,0.386,0.376,0.251,0.389,0.653,0.823,0.206
-18,0.717,0.836,0.319,0.989,0.962,0.346,0.09,0.595,0.101,0.275,0.602,0.774,0.403,0.032,0.051,0.659,0.815,0.565,0.112,0.231,0.035,0.011,0.428,0.526,0.201,0.784,0.115,0.423,0.31,0.18,0.869,0.582,0.261,0.829,0.937,0.351,0.251,0.714,0.967,0.455,0.51,0.129,0.942,0.644,0.557,0.317,0.344,0.472,0.348,0.607,0.984,0.116,0.729,0.931,0.97,0.019,0.557,0.147,0.037,0.123,0.221,0.412,0.248,0.905
-16,0.817,0.515,0.448,0.933,0.445,0.464,0.331,0.052,0.356,0.307,0.844,0.535,0.863,0.545,0.505,0.652,0.711,0.888,0.275,0.604,0.042,0.068,0.775,0.166,0.512,0.363,0.064,0.082,0.048,0.472,0.889,0.416,0.093,0.87,0.785,0.926,0.945,0.636,0.241,0.231,0.068,0.039,0.57,0.441,0.585,0.037,0.459,0.566,0.165,0.069,0.489,0.087,0.845,0.174,0.045,0.074,0.844,0.319,0.528,0.511,0.055,0.64,0.974,0.274
-14,0.51,0.528,0.878,0.764,0.94,0.812,0.507,0.053,0.923,0.493,0.569,0.024,0.911,0.271,0.568,0.355,0.096,0.379,0.444,0.309,0.89,0.878,0.976,0.445,0.988,0.666,0.509,0.176,0.129,0.377,0.303,0.175,0.852,0.555,0.184,0.736,0.031,0.971,0.733,0.841,0.172,0.877,0.642,0.434,0.507,0.032,0.848,0.762,0.868,0.108,0.705,0.278,0.663,0.255,0.734,0.112,0.245,0.939,0.225,0.919,0.417,0.73,0.804,0.077
-12,0.464,0.871,0.244,0.447,0.934,0.68,0.667,0.98,0.782,0.32,0.468,0.597,0.38,0.109,0.909,0.189,0.62,0.784,0.262,0.325,0.463,0.893,0.496,0.916,0.835,0.147,0.947,0.075,0.747,0.901,0.186,0.21,0.487,0.507,0.144,0.987,0.355,0.591,0.813,0.613,0.179,0.315,0.927,0.663,0.93,0.943,0.576,0.187,0.318,0.35,0.474,0.142,0.735,0.648,0.797,0.812,0.629,0.809,0.534,0.812,0.725,0.865,0.831,0.455
-10,0.461,0.314,0.489,0.837,0.38,0.48,0.284,0.645,0.19,0.683,0.956,0.29,0.876,0.569,0.189,0.793,0.057,0.617,0.137,0.814,0.628,0.734,0.017,0.924,0.44,0.363,0.392,0.236,0.129,0.452,0.912,0.316,0.362,0.338,0.536,0.289,0.573,0.556,0.213,0.528,0.769,0.94,0.955,0.913,0.047,0.939,0.566,0.998,0.827,0.867,0.363,0.082,0.218,0.364,0.698,0.113,0.178,0.983,0.284,0.642,0.501,0.717,0.321,0.949
-8,0.775,0.262,0.264,0.597,0.163,0.96,0.314,0.546,0.421,0.154,0.711,0.919,0.832,0.993,0.567,0.474,0.823,0.967,0.314,0.139,0.188,0.945,0.622,0.636,0.525,0.257,0.573,0.603,0.366,0.003,0.795,0.07,0.642,0.358,0.526,0.166,0.156,0.124,0.741,0.907,0.743,0.928,0.067,0.41,0.73,0.738,0.261,0.908,0.104,0.552,0.191,0.723,0.188,0.88,0.728,0.948,0.897,0.966,0.707,0.26,0.163,0.287,0.72,0.377
-6,0.999,0.142,0.494,0.164,0.855,0.388,0.526,0.845,0.425,0.995,0.846,0.902,0.904,0.491,0.025,0.909,0.661,0.978,0.38,0.478,0.695,0.304,0.98,0.418,0.239,0.33,0.497,0.302,0.914,0.005,0.369,0.269,0.169,0.852,0.668,0.391,0.488,0.205,0.688,0.006,0.779,0.365,0.685,0.276,0.454,0.381,0.358,0.641,0.654,0.575,0.732,0.069,0.218,0.559,0.777,0.411,0.545,0.367,0.506,0.434,0.588,0.332,0.911,0.362
-4,0.968,0.386,0.598,0.34,0.616,0.208,0.916,0.49,0.163,0.274,0.701,0.371,0.676,0.137,0.691,0.226,0.541,0.707,0.485,0.227,0.224,0.721,0.269,0.196,0.633,0.61,0.994,0.769,0.595,0.409,0.44,0.268,0.247,0.771,0.347,0.9,0.276,0.744,0.029,0.771,0.238,0.982,0.035,0.052,0.79,0.287,0.244,0.841,0.965,0.969,0.09,0.05,0.081,0.959,0.929,0.758,0.158,0.842,1.0,0.396,0.275,0.44,0.398,0.675
-2,0.666,0.177,0.528,0.592,0.943,0.692,0.482,0.263,0.943,0.546,0.523,0.639,0.859,0.97,0.871,0.959,0.912,0.395,0.615,0.924,0.286,0.079,0.418,0.05,0.37,0.82,0.325,0.803,0.478,0.156,0.287,0.623,0.981,0.04,0.933,0.022,0.92,0.071,0.608,0.232,0.098,0.492,0.422,0.403,0.802,0.394,0.759,0.298,0.085,0.528,0.334,0.317,0.681,0.751,0.804,0.296,0.653,0.709,0.18,0.323,0.72,0.603,0.752,0.195
0,0.929,0.029,0.911,0.455,0.584,0.182,0.7,0.179,0.201,0.445,0.956,0.85,0.633,0.122,0.496,0.287,0.863,0.657,0.546,0.115,0.472,0.758,0.219,0.294,0.42,0.216,0.124,0.852,0.46,0.97,0.042,0.297,0.087,0.486,0.5,0.881,0.216,0.901,0.99,0.158,0.658,0.73,0.466,0.056,0.055,0.473,0.603,0.216,0.269,0.309,0.475,0.394,0.402,0.443,0.446,0.982,0.922,0.591,0.19,0.914,0.914,0.421,0.76,0.98
2,0.654,0.843,0.438,0.735,0.616,0.797,0.143,0.911,0.726,0.167,0.801,0.317,0.29,0.292,0.693,0.677,0.215,0.05,0.941,0.811,0.284,0.365,0.969,0.173,0.407,0.796,0.738,0.969,0.535,0.79,0.313,0.152,0.508,0.746,0.93,0.685,0.111,0.995,0.122,0.596,0.733,0.761,0.059,0.741,0.487,0.751,0.707,0.769,0.472,0.361,0.79,0.21,0.585,0.828,0.214,0.307,0.297,0.247,0.995,0.284,0.116,0.252,0.419,0.335
4,0.545,0.403,0.217,0.917,0.963,0.249,0.663,0.73,0.454,0.401,0.258,0.601,0.969,0.392,0.072,0.488,0.471,0.597,0.231,0.44,0.897,0.546,0.435,0.132,0.182,0.528,0.788,0.899,0.05,0.606,0.228,0.775,0.67,0.193,0.394,0.662,0.231,0.301,0.156,0.945,0.607,0.168,0.535,0.565,0.034,0.978,0.906,0.182,0.143,0.139,0.43,0.46,0.064,0.72,0.501,0.469,0.172,0.522,0.687,0.826,0.555,0.973,0.52,0.801
6,0.734,0.936,0.528,0.969,0.076,0.839,0.59,0.294,0.184,0.706,0.267,0.514,0.634,0.659,0.731,0.389,0.66,0.576,0.04,0.414,0.649,0.161,0.401,0.576,0.43,0.637,0.746,0.976,0.599,0.396,0.126,0.116,0.386,0.492,0.899,0.271,0.013,0.904,0.154,0.706,0.732,0.003,0.294,0.365,0.207,0.507,0.514,0.542,0.648,0.933,0.621,0.783,0.131,0.238,0.867,0.14,0.876,0.965,0.981,0.437,0.819,0.319,0.388,0.392
8,0.658,0.951,0.629,0.5,0.986,0.003,0.985,0.15,0.612,0.336,0.099,0.438,0.102,0.102,0.413,0.548,0.583,0.441,0.52,0.516,0.936,0.428,0.603,0.597,0.533,0.638,0.82,0.958,0.348,0.485,0.595,0.424,0.104,0.935,0.373,0.04,0.394,0.235,0.537,0.212,0.489,0.428,0.139,0.075,0.354,0.751,0.051,0.161,0.771,0.32,0.99,0.946,0.127,0.997,0.427,0.018,0.056,0.748,0.697,0.748,0.392,0.565,0.834,0.914
10,0.981,0.62,0.163,0.393,0.334,0.93,0.674,0.094,0.882,0.178,0.247,0.851,0.219,0.355,0.136,0.264,0.658,0.297,0.001,0.308,0.196,0.071,0.113,0.095,0.934,0.625,0.226,0.831,0.28,0.69,0.893,0.818,0.318,0.776,0.327,0.212,0.148,0.678,0.017,0.682,0.8,0.423,0.188,0.888,0.584,0.368,0.391,0.218,0.915,0.085,0.163,0.215,0.69,0.003,0.77,0.275,0.426,0.793,0.429,0.61,0.108,0.797,0.183,0.299
12,0.629,0.611,0.422,0.13,0.843,0.089,0.275,0.58,0.081,0.736,0.285,0.91,0.68,0.168,0.033,0.316,0.408,0.208,0.942,0.728,0.125,0.227,0.567,0.548,0.166,0.76,0.462,0.533,0.529,0.369,0.523,0.546,0.305,0.071,0.414,0.701,0.018,0.555,0.124,0.838,0.308,0.904,0.902,0.711,0.896,0.89,0.265,0.433,0.791,0.161,0.558,0.935,0.686,0.214,0.479,0.578,0.963,0.543,0.624,0.761,0.174,0.35,0.598,0.798
14,0.215,0.147,0.855,0.254,0.291,0.942,0.552,0.765,0.032,0.232,0.637,0.755,0.414,0.805,0.633,0.93,0.819,0.635,0.556,0.543,0.364,0.477,0.425,0.026,0.214,0.051,0.976,0.099,0.588,0.145,0.283,0.676,0.118,0.921,0.536,0.177,0.396,0.432,0.578,0.446,0.087,0.1,0.65,0.284,0.97,0.288,0.801,0.681,0.352,0.882,0.655,0.981,0.84,0.894,0.814,0.412,0.005,0.901,0.385,0.194,0.823,0.567,0.304,0.528
16,0.977,0.27,0.4,0.798,0.869,0.165,0.117,0.033,0.501,0.69,0.026,0.248,0.615,0.635,0.651,0.245,0.453,0.742,0.841,0.534,0.08,0.471,0.791,0.772,0.973,0.898,0.682,0.6,0.851,0.768,0.635,0.125,0.049,0.707,0.709,0.232,0.206,0.883,0.229,0.884,0.518,0.162,0.426,0.567,0.939,0.687,0.517,0.245,0.89,0.12,0.863,0.874,0.407,0.501,0.043,0.298,0.487,0.623,0.052,0.596,0.52,0.391,0.02,0.182
18,0.125,0.544,0.974,0.133,0.762,0.113,0.44,0.261,0.657,0.097,0.094,0.523,0.416,0.742,0.459,0.835,0.529,0.06,0.828,0.267,0.107,0.247,0.728,0.973,0.266,0.174,0.016,0.939,0.649,0.51,0.907,0.136,0.328,0.154,0.975,0.127,0.19,0.31,0.563,0.789,0.795,0.193,0.083,0.099,0.839,0.755,0.707,0.257,0.932,0.076,0.906,0.246,0.649,0.638,0.064,0.249,0.197,0.426,0.105,0.764,0.734,0.841,0.374,0.12
20,0.596,0.894,0.713,0.356,0.869,0.496,0.039,0.32,0.283,0.657,0.256,0.326,0.741,0.85,0.788,0.188,0.61,0.165,0.719,0.917,0.249,0.674,0.113,0.565,0.536,0.835,0.33,0.998,0.902,0.471,0.676,0.603,0.785,0.405,0.075,0.219,0.341,0.787,0.537,0.097,0.503,0.119,0.471,0.665,0.629,0.514,0.693,0.031,0.231,0.749,0.766,0.364,0.906,0.086,0.851,0.046,0.46,0.742,0.961,0.682,0.854,0.843,0.82,0.375
22,0.191,0.398,0.677,0.038,0.517,0.687,0.386,0.778,0.947,0.255,0.889,0.0,0.429,0.746,0.545,0.418,0.788,0.658,0.143,0.189,0.201,0.609,0.151,0.575,0.521,0.201,0.475,0.775,0.126,0.734,0.763,0.391,0.528,0.988,0.294,0.28,0.516,0.422,0.192,0.899,0.231,0.019,0.327,0.921,0.272,0.318,0.106,0.962,0.806,0.825,0.435,0.029,0.433,0.698,0.259,0.8,0.514,0.919,0.511,0.435,0.393,0.779,0.429,0.849
24,0.446,0.441,0.152,0.809,0.39,0.632,0.982,0.623,0.013,0.679,0.459,0.817,0.682,0.667,0.75,0.832,0.64,0.75,0.15,0.002,0.695,0.049,0.524,0.622,0.21,0.481,0.863,0.011,0.172,0.598,0.663,0.979,0.836,0.734,0.261,0.232,0.755,0.826,0.582,0.653,0.906,0.247,0.982,0.113,0.07,0.783,0.242,0.142,0.381,0.942,0.445,0.864,0.015,0.144,0.36,0.292,0.718,0.821,0.465,0.399,0.311,0.311,0.026,0.205
26,0.288,0.742,0.902,0.697,0.469,0.033,0.342,0.997,0.782,0.043,0.216,0.692,0.776,0.729,0.448,0.912,0.013,0.981,0.474,0.081,0.459,0.405,0.221,0.482,0.665,0.27,0.536,0.272,0.442,0.212,0.854,0.825,0.819,0.361,0.494,0.587,0.902,0.512,0.466,0.468,0.48,0.923,0.44,0.716,0.751,0.574,0.438,0.025,0.203,0.966,0.346,0.502,0.809,0.478,0.062,0.595,0.246,0.596,0.184,0.506,0.115,0.546,0.131,0.796
28,0.828,0.864,0.65,0.28,0.33,0.167,0.655,0.905,0.447,0.983,0.86,0.494,0.08,0.671,0.446,0.713,0.935,0.353,0.135,0.916,0.136,0.342,0.364,0.394,0.304,0.095,0.504,0.291,0.488,0.023,0.73,0.83,0.589,0.829,0.774,0.58,0.654,0.969,0.973,0.364,0.273,0.793,0.209,0.219,0.441,0.045,0.238,0.47,0.449,0.781,0.984,0.626,0.33,0.937,0.367,0.334,0.046,0.5,0.31,0.172,0.757,0.317,0.459,0.17
30,0.379,0.844,0.062,0.943,0.56,0.426,0.449,0.358,0.543,0.524,0.162,0.936,0.669,0.474,0.323,0.598,0.595,0.816,0.408,0.514,0.467,0.239,0.057,0.047,0.62,0.361,0.503,0.684,0.976,0.283,0.255,0.053,0.398,0.408,0.218,0.673,0.253,0.827,0.816,0.771,0.821,0.034,0.845,0.143,0.13,0.18,0.553,0.759,0.016,0.255,0.145,0.681,0.711,0.329,0.139,0.273,0.07,0.038,0.634,0.971,0.943,0.822,0.129,0.847
32,0.731,0.046,0.973,0.613,0.678,0.792,0.648,0.584,0.02,0.541,0.109,0.863,0.277,0.807,0.048,0.96,0.541,0.859,0.423,0.96,0.368,0.879,0.083,0.045,0.194,0.7,0.706,0.257,0.263,0.336,0.264,0.95,0.339,0.27,0.743,0.121,0.643,0.479,0.654,0.82,0.469,0.883,0.551,0.245,0.062,0.91,0.169,0.766,0.861,0.553,0.372,0.606,0.103,0.424,0.815,0.082,0.675,0.276,0.877,0.207,0.501,0.361,0.117,0.256
34,0.782,0.105,0.663,0.176,0.061,0.242,0.481,0.525,0.068,0.69,0.699,0.98,0.353,0.518,0.018,0.273,0.612,0.704,0.059,0.592,0.193,0.034,0.177,0.962,0.919,0.547,0.755,0.895,0.07,0.112,0.508,0.764,0.487,0.661,0.052,0.628,0.393,0.768,0.83,0.763,0.642,0.27,0.704,0.172,0.889,0.481,0.306,0.179,0.542,0.101,0.113,0.374,0.818,0.918,0.673,0.585,0.007,0.896,0.148,0.953,0.273,0.077,0.042,0.983
36,0.546,0.615,0.858,0.557,0.454,0.829,0.297,0.993,0.294,0.498,0.632,0.353,0.726,0.173,0.035,0.818,0.382,0.051,0.999,0.994,0.901,0.878,0.563,0.944,0.203,0.127,0.263,0.73,0.169,0.508,0.051,0.141,0.235,0.127,0.417,0.225,0.969,0.726,0.603,0.446,0.932,0.795,0.084,0.397,0.313,0.12,0.56,0.242,0.519,0.025,0.651,0.744,0.876,0.323,0.873,0.26,0.263,0.088,0.416,0.513,0.282,0.683,0.637,0.287
38,0.605,0.317,0.354,0.694,0.639,0.109,0.827,0.76,0.55,0.61,0.201,0.336,0.009,0.378,0.909,0.169,0.234,0.303,0.33,0.622,0.953,0.58,0.888,0.486,0.136,0.91,0.07,0.125,0.013,0.52,0.969,0.187,0.459,0.838,0.554,0.749,0.376,0.17,0.169,0.428,0.399,0.884,0.826,0.824,0.309,0.281,0.867,0.47,0.458,0.596,0.408,0.662,0.469,0.042,0.959,0.319,0.432,0.387,0.62,0.837,0.481,0.895,0.371,0.527
40,0.624,0.359,0.692,0.086,0.629,0.507,0.002,0.753,0.078,0.121,0.411,0.354,0.578,0.166,0.054,0.974,0.435,0.637,0.754,0.724,0.655,0.895,0.045,0.843,0.153,0.387,0.245,0.812,0.417,0.073,0.461,0.183,0.577,0.259,0.958,0.038,0.039,0.43,0.219,0.458,0.531,0.428,0.239,0.75,0.804,0.128,0.979,0.628,0.314,0.124,0.399,0.349,0.056,0.412,0.53,0.997,0.159,0.857,0.216,0.341,0.85,0.26,0.424,0.076
42,0.866,0.409,0.453,0.262,0.062,0.342,0.845,0.086,0.099,0.561,0.131,0.289,0.196,0.842,0.639,0.743,0.489,0.672,0.906,0.726,0.417,0.47,0.818,0.973,0.101,0.728,0.76,0.152,0.016,0.406,0.421,0.153,0.134,0.373,0.731,0.258,0.321,0.481,0.501,0.243,0.498,0.984,0.029,0.701,0.475,0.978,0.501,0.407,0.764,0.26,0.268,0.672,0.993,0.353,0.246,0.488,0.866,0.769,0.325,0.591,0.062,0.746,0.346,0.525
44,0.711,0.045,0.366,0.044,0.546,0.637,0.597,0.715,0.006,0.222,0.332,0.494,0.36,0.876,0.573,0.795,0.238,0.626,0.928,0.84,0.826,0.949,0.172,0.338,0.778,0.743,0.08,0.948,0.736,0.363,0.566,0.215,0.307,0.536,0.202,0.252,0.211,0.583,0.793,0.553,0.344,0.76,0.426,0.491,0.323,0.767,0.539,0.718,0.857,0.447,0.217,0.303,0.139,0.845,0.178,0.204,0.27,0.398,0.811,0.577,0.133,0.828,0.482,0.854
46,0.807,0.514,0.833,0.086,0.045,0.103,0.153,0.374,0.328,0.561,0.62,0.229,0.228,0.035,0.003,0.073,0.714,0.108,0.753,0.404,0.092,0.361,0.276,0.73,0.564,0.506,0.296,0.019,0.768,0.457,0.934,0.849,0.961,0.908,0.953,0.545,0.613,0.197,0.206,0.401,0.013,0.563,0.142,0.411,0.057,0.318,0.935,0.558,0.621,0.851,0.696,0.503,0.781,0.103,0.04,0.025,0.134,0.805,0.134,0.612,0.132,0.956,0.428,0.539
48,0.597,0.871,0.642,0.908,0.816,0.821,0.484,0.47,0.163,0.888,0.784,0.075,0.138,0.024,0.3,0.022,0.41,0.477,0.349,0.19,0.619,0.611,0.767,0.736,0.2,0.161,0.082,0.007,0.283,0.855,0.151,0.394,0.176,0.275,0.805,0.833,0.42,0.741,0.077,0.935,0.39,0.685,0.325,0.351,0.913,0.413,0.539,0.258,0.538,0.874,0.304,0.703,0.979,0.125,0.764,0.295,0.431,0.211,0.546,0.926,0.306,0.399,0.597,0.141
50,0.16,0.485,0.864,0.238,0.955,0.093,0.873,0.609,0.106,0.216,0.259,0.492,0.77,0.934,0.456,0.65,0.665,0.944,0.223,0.352,0.543,0.257,0.695,0.388,0.58,0.276,0.519,0.737,0.964,0.954,0.747,0.597,0.199,0.226,0.474,0.408,0.414,0.302,0.005,0.702,0.029,0.784,0.421,0.155,0.127,0.327,0.398,0.095,0.22,0.046,0.479,0.478,0.026,0.957,0.869,0.302,0.215,0.3,0.832,0.661,0.755,0.412,0.159,0.301
52,0.11,0.733,0.065,0.109,0.762,0.762,0.575,0.257,0.183,0.236,0.855,0.798,0.422,0.773,0.025,0.104,0.343,0.678,0.007,0.37,0.283,0.458,0.769,0.512,0.575,0.951,0.957,0.857,0.692,0.28,0.848,0.102,0.455,0.232,0.178,0.755,0.47,0.954,0.074,0.062,0.95,0.462,0.298,0.897,0.782,0.146,0.627,0.547,0.17,0.171,0.917,0.039,0.602,0.047,0.196,0.052,0.845,0.868,0.593,0.355,0.003,0.055,0.827,0.412
54,0.213,0.7,0.064,0.616,0.247,0.172,0.707,0.694,0.514,0.253,0.005,0.699,0.567,0.32,0.812,0.529,0.956,0.533,0.618,0.767,0.181,0.601,0.485,0.135,0.416,0.8,0.841,0.622,0.165,0.426,0.637,0.087,0.563,0.721,0.922,0.94,0.161,0.102,0.044,0.57,0.642,0.077,0.347,0.072,0.716,0.24,0.53,0.535,0.855,0.878,0.598,0.322,0.851,0.804,0.516,0.759,0.755,0.559,0.25,0.304,0.034,0.127,0.87,0.094
56,0.501,0.631,0.198,0.794,0.738,0.972,0.374,0.616,0.459,0.504,0.59,0.649,0.623,0.61,0.979,0.149,0.63,0.761,0.932,0.185,0.008,0.209,0.368,0.669,0.141,0.363,0.508,0.628,0.232,0.784,0.657,0.129,0.313,0.256,0.174,0.031,0.592,0.647,0.766,0.635,0.65,0.447,0.361,0.7,0.854,0.827,0.752,0.179,0.313,0.815,0.64,0.076,0.227,0.625,0.384,0.148,0.141,0.405,0.543,0.726,0.903,0.135,0.146,0.059
58,0.652,0.489,0.594,0.155,0.508,0.061,0.161,0.397,0.434,0.772,0.22,0.253,0.605,0.687,0.86,0.346,0.011,0.099,0.875,0.158,0.703,0.046,0.644,0.402,0.116,0.993,0.67,0.175,0.575,0.128,0.736,0.864,0.433,0.683,0.962,0.825,0.571,0.009,0.264,0.572,0.966,0.515,0.131,0.1,0.747,0.988,0.058,0.617,0.36,0.943,0.951,0.486,0.601,0.669,0.926,0.884,0.259,0.772,0.348,0.51,0.22,0.843,0.875,0.959
60,0.339,0.172,0.691,0.877,0.39,0.273,0.243,0.554,0.189,0.636,0.243,0.955,0.874,0.259,0.683,0.164,0.504,0.037,0.815,0.23,0.77,0.124,0.012,0.76,0.528,0.244,0.037,0.878,0.154,0.112,0.018,0.87,0.091,0.692,0.349,0.905,0.22,0.213,0.39,0.182,0.674,0.224,0.518,0.543,0.412,0.608,0.734,0.259,0.626,0.078,0.943,0.198,0.845,0.895,0.298,0.334,0.704,0.76,0.379,0.975,0.147,0.244,0.682,0.034
62,0.7,0.997,0.117,0.649,0.388,0.829,0.153,0.407,0.777,0.865,0.118,0.086,0.695,0.971,0.141,0.175,0.784,0.423,0.058,0.132,0.279,0.48,0.076,0.657,0.44,0.933,0.392,0.581,0.647,0.373,0.212,0.975,0.533,0.045,0.532,0.998,0.148,0.753,0.537,0.117,0.482,0.506,0.603,0.605,0.183,0.057,0.425,0.006,0.105,0.365,0.967,0.611,0.098,0.541,0.318,0.667,0.13,0.421,0.471,0.881,0.234,0.21,0.131,0.137
64,0.945,0.586,0.724,0.51,0.466,0.529,0.503,0.961,0.022,0.268,0.702,0.65,0.303,0.574,0.327,0.398,0.602,0.595,0.28,0.846,0.116,0.589,0.064,0.23,0.615,0.819,0.084,0.877,0.841,0.399,0.734,0.8,0.129,0.68,0.923,0.055,0.325,0.595,0.756,0.376,0.891,0.099,0.556,0.417,0.493,0.849,0.589,0.934,0.854,0.987,0.908,0.888,0.776,0.876,0.01,0.451,0.394,0.261,0.931,0.479,0.404,0.132,0.794,0.979
66,0.184,0.446,0.409,0.594,0.144,0.213,0.904,0.879,0.52,0.682,0.232,0.477,0.995,0.657,0.402,0.915,0.999,0.082,0.294,0.124,0.01,0.054,0.726,0.452,0.429,0.466,0.826,0.367,0.289,0.221,0.475,0.37,0.87,0.831,0.828,0.364,0.917,0.268,0.921,0.478,0.054,0.898,0.166,0.524,0.636,0.037,0.949,0.673,0.165,0.663,0.808,0.453,0.424,0.201,0.838,0.994,0.453,0.13,0.54,0.237,0.921,0.723,0.061,0.789
68,0.05,0.055,0.845,0.797,0.08,0.063,0.446,0.025,0.85,0.837,0.31,0.675,0.049,0.998,0.157,0.335,0.55,0.328,0.141,0.417,0.893,0.125,0.958,0.047,0.721,0.232,0.746,0.742,0.02,0.929,0.339,0.997,0.644,0.471,0.539,0.413,0.493,0.376,0.602,0.298,0.971,0.224,0.117,0.25,0.176,0.835,0.842,0.93,0.192,0.818,0.067,0.734,0.234,0.479,0.841,0.232,0.89,0.417,0.082,0.095,0.761,0.827,0.476,0.902
70,0.646,0.858,0.841,0.046,0.442,0.08,0.594,0.587,0.071,0.538,0.92,0.531,0.318,0.659,0.38,0.961,0.356,0.185,0.002,0.305,0.315,0.915,0.427,0.926,0.231,0.219,0.244,0.242,0.414,0.897,0.439,0.702,0.515,0.828,0.414,0.611,0.135,0.945,0.325,0.553,0.834,0.712,0.609,0.035,0.189,0.153,0.756,0.156,0.312,0.937,0.55,0.07,0.407,0.449,0.561,0.261,0.004,0.792,0.943,0.909,0.826,0.224,0.159,0.827
72,0.096,0.366,0.823,0.407,0.922,0.611,0.284,0.171,0.979,0.08,0.182,0.902,0.305,0.262,0.798,0.245,0.55,0.384,0.641,0.303,0.083,0.85,0.864,0.874,0.258,0.066,0.26,0.67,0.871,0.491,0.955,0.382,0.174,0.132,0.527,0.145,0.966,0.355,0.375,0.053,0.275,0.538,0.424,0.515,0.856,0.367,0.779,0.807,0.92,0.047,0.748,0.47,0.817,0.775,0.898,0.244,0.667,0.29,0.802,0.021,0.274,0.173,0.261,0.14
74,0.457,0.823,0.358,0.77,0.64,0.667,0.705,0.753,0.669,0.116,0.817,0.935,0.769,0.45,0.466,0.397,0.202,0.958,0.854,0.554,0.564,0.907,0.857,0.822,0.598,0.861,0.906,0.061,0.674,0.244,0.332,0.774,0.125,0.903,0.597,0.687,0.384,0.241,0.281,0.593,0.581,0.177,0.764,0.184,0.136,0.806,0.093,0.105,0.258,0.681,0.03,0.343,0.522,0.912,0.729,0.389,0.367,0.623,0.097,0.919,0.847,0.693,0.008,0.527
76,0.166,0.733,0.725,0.037,0.593,0.643,0.612,0.44,0.033,0.858,0.505,0.528,0.003,0.431,0.502,0.2,0.779,0.541,0.319,0.366,0.769,0.094,0.298,0.733,0.403,0.291,0.173,0.362,0.009,0.454,0.225,0.116,0.686,0.723,0.894,0.153,0.579,0.238,0.249,0.759,0.627,0.831,0.665,0.596,0.709,0.17,0.19,0.726,0.274,0.635,0.213,0.318,0.206,0.128,0.371,0.394,0.941,0.749,0.019,0.989,0.416,0.275,0.757,0.656
78,0.649,0.081,0.695,0.954,0.514,0.693,0.559,0.115,0.669,0.137,0.366,0.05,0.076,0.667,0.781,0.245,0.728,0.831,0.058,0.026,0.931,0.653,0.853,0.653,0.827,0.661,0.545,0.7,0.051,0.215,0.875,0.947,0.954,0.342,0.004,0.601,0.158,0.179,0.225,0.147,0.681,0.889,0.149,0.776,0.559,0.743,0.808,0.57,0.853,0.155,0.1,0.215,0.046,0.734,0.566,0.471,0.652,0.522,0.142,0.2,0.94,0.204,0.893,0.336
80,0.982,0.919,0.143,0.983,0.829,0.839,0.772,0.948,0.131,0.537,0.75,0.768,0.435,0.006,0.423,0.353,0.679,0.866,0.039,0.355,0.31,0.206,0.245,0.529,0.147,0.753,0.23,0.509,0.531,0.997,0.316,0.656,0.382,0.708,0.131,0.597,0.074,0.555,0.125,0.285,0.405,0.117,0.271,0.411,0.567,0.103,0.201,0.587,0.501,0.071,0.772,0.314,0.37,0.612,0.145,0.954,0.016,0.293,0.352,0.529,0.398,0.819,0.984,0.711
82,0.54,0.657,0.959,0.327,0.04,0.506,0.626,0.977,0.514,0.304,0.121,0.992,0.166,0.841,0.969,0.525,0.122,0.827,0.591,0.439,0.936,0.436,0.988,0.699,0.119,0.221,0.77,0.973,0.532,0.672,0.955,0.206,0.697,0.131,0.6,0.405,0.396,0.45,0.296,0.525,0.499,0.937,0.048,0.283,0.188,0.967,0.956,0.861,0.315,0.531,0.565,0.544,0.999,0.392,0.626,0.277,0.921,0.615,0.429,0.829,0.534,0.229,0.317,0.318
84,0.773,0.29,0.646,0.626,0.25,0.113,0.927,0.154,0.593,0.278,0.086,0.669,0.667,0.406,0.092,0.55,0.995,0.186,0.349,0.308,0.928,0.889,0.509,0.013,0.888,0.46,0.191,0.668,0.752,0.978,0.699,0.751,0.252,0.71,0.076,0.783,0.474,0.908,0.909,0.098,0.887,0.686,0.84,0.501,0.425,0.567,0.565,0.735,0.48,0.521,0.966,0.081,0.747,0.735,0.722,0.261,0.521,0.077,0.794,0.706,0.968,0.781,0.42,0.787
86,0.341,0.313,0.055,0.533,0.845,0.664,0.59,0.352,0.882,0.921,0.711,0.523,0.236,0.03,0.924,0.944,0.316,0.951,0.29,0.581,0.078,0.419,0.854,0.389,0.301,0.471,0.16,0.604,0.982,0.609,0.899,0.832,0.71,0.763,0.77,0.995,0.559,0.7,0.2,0.728,0.679,0.469,0.211,0.965,0.369,0.33,0.827,0.42,0.332,0.945,0.707,0.043,0.414,0.152,0.147,0.883,0.216,0.401,0.531,0.286,0.331,0.582,0.598,0.331
88,0.488,0.14,0.175,0.757,0.495,0.693,0.9,0.232,0.477,0.777,0.439,0.835,0.565,0.069,0.818,0.917,0.322,0.69,0.464,0.407,0.345,0.306,0.29,0.646,0.52,0.278,0.694,0.791,0.471,0.839,0.649,0.992,0.356,0.872,0.015,0.579,0.421,0.345,0.55,0.112,0.203,0.182,0.072,0.349,0.875,0.033,0.029,0.468,0.289,0.044,0.194,0.009,0.114,0.521,0.724,0.887,0.667,0.802,0.222,0.579,0.878,0.542,0.842,0.538
90,0.225,0.137,0.887,0.395,0.44,0.233,0.219,0.215,0.74,0.85,0.825,0.638,0.525,0.049,0.481,0.053,0.187,0.099,0.575,0.062,0.872,0.191,0.299,0.37,0.853,0.942,0.496,0.93,0.278,0.957,0.707,0.852,0.083,0.204,0.814,0.833,0.905,0.185,0.499,0.67,0.738,0.379,0.374,0.331,0.428,0.456,0.461,0.752,0.531,0.251,0.054,0.37,0.004,0.458,0.455,0.229,0.774,0.392,0.466,0.899,0.091,0.474,0.412,0.412
92,0.632,0.958,0.971,0.839,0.045,0.468,0.236,0.547,0.063,0.306,0.272,0.685,0.553,0.59,0.086,0.819,0.798,0.024,0.207,0.308,0.616,0.672,0.313,0.845,0.256,0.675,0.896,0.647,0.403,0.516,0.034,0.566,0.069,0.195,0.332,0.307,0.296,0.949,0.399,0.226,0.458,0.49,0.164,0.739,0.581,0.81,0.838,0.283,0.672,0.085,0.136,0.805,0.649,0.574,0.149,0.302,0.658,0.521,0.491,0.12,0.127,0.416,0.063,0.084
94,0.909,0.635,0.842,0.622,0.633,0.759,0.45,0.964,0.061,0.758,0.713,0.222,0.38,0.584,0.218,0.219,0.227,0.321,0.801,0.714,0.19,0.501,0.002,0.095,0.123,0.828,0.49,0.076,0.348,0.427,0.742,0.782,0.479,0.682,0.836,0.345,0.281,0.009,0.352,0.783,0.923,0.471,0.935,0.505,0.162,0.178,0.207,0.346,0.32,0.745,0.214,0.7,0.002,0.09,0.89,0.95,0.358,0.619,0.596,0.35,0.352,0.197,0.561,0.872
96,0.642,0.864,0.314,0.159,0.308,0.538,0.598,0.667,0.715,0.113,0.113,0.465,0.083,0.095,0.89,0.143,0.353,0.874,0.399,0.907,0.375,0.947,0.724,0.377,0.769,0.712,0.153,0.777,0.209,0.988,0.156,0.724,0.745,0.348,0.884,0.959,0.397,0.293,0.535,0.857,0.465,0.689,0.361,0.524,0.239,0.898,0.048,0.402,0.994,0.283,0.563,0.875,0.627,0.581,0.366,0.699,0.365,0.516,0.366,0.902,0.323,0.686,0.667,0.51
98,0.448,0.605,0.155,0.579,0.698,0.279,0.778,0.091,0.46,0.635,0.465,0.325,0.033,0.518,0.093,0.974,0.017,0.319,0.105,0.665,0.927,0.9,0.271,0.889,0.356,0.763,0.689,0.293,0.092,0.633,0.057,0.021,0.488,0.934,0.76,0.433,0.176,0.544,0.612,0.065,0.314,0.559,0.262,0.533,0.883,0.108,0.058,0.012,0.824,0.212,0.426,0.703,0.566,0.552,0.779,0.568,0.909,0.387,0.485,0.205,0.143,0.592,0.229,0.083
100,0.131,0.964,0.405,0.356,0.146,0.38,0.533,0.773,0.242,0.756,0.277,0.709,0.741,0.727,0.755,0.778,0.152,0.642,0.66,0.435,0.997,0.535,0.177,0.466,0.655,0.45,0.872,0.032,0.67,0.473,0.293,0.635,0.417,0.345,0.981,0.664,0.421,0.327,0.042,0.507,0.042,0.117,0.163,0.407,0.67,0.076,0.757,0.09,0.724,0.682,0.32,0.123,0.254,0.068,0.457,0.28,0.121,0.668,0.523,0.86,0.462,0.119,0.806,0.779
102,0.975,0.611,0.649,0.202,0.283,0.381,0.913,0.504,0.231,0.043,0.067,0.86,0.656,0.93,0.088,0.631,0.632,0.051,0.829,0.218,0.502,0.799,0.777,0.965,0.57,0.952,0.75,0.841,0.741,0.939,0.877,0.978,0.264,0.882,0.701,0.998,0.693,0.964,0.447,0.29,0.586,0.512,0.239,0.091,0.571,0.037,0.725,0.251,0.087,0.149,0.678,0.141,0.042,0.637,0.836,0.528,0.277,0.541,0.356,0.379,0.189,0.126,0.422,0.986
104,0.898,0.37,0.218,0.076,0.683,0.289,0.18,0.009,0.981,0.701,0.31,0.069,0.466,0.757,0.03,0.388,0.032,0.508,0.137,0.543,0.676,0.826,0.908,0.546,0.309,0.179,0.263,0.812,0.074,0.205,0.873,0.28,0.371,0.567,0.221,0.545,0.406,0.141,0.501,0.881,0.463,0.267,0.221,0.845,0.714,0.213,0.093,0.506,0.025,0.421,0.377,0.525,0.386,0.803,0.106,0.282,0.419,0.729,0.791,0.424,0.472,0.944,0.845,0.646
106,0.851,0.781,0.9,0.218,0.368,0.878,0.267,0.332,0.745,0.249,0.541,0.314,0.111,0.935,0.673,0.364,0.069,0.917,0.468,0.515,0.312,0.444,0.014,0.899,0.517,0.41,0.938,0.246,0.46,0.433,0.72,0.354,0.399,0.197,0.293,0.124,0.323,0.952,0.545,0.165,0.522,0.221,0.197,0.318,0.703,0.438,0.26,0.292,0.594,0.553,0.205,0.015,0.007,0.048,0.365,0.723,0.826,0.386,0.273,0.27,0.912,0.611,0.351,0.195
108,0.949,0.44,0.054,0.329,0.673,0.504,0.978,0.316,0.526,0.343,0.309,0.683,0.9,0.149,0.76,0.861,0.651,0.46,0.734,0.974,0.945,0.794,0.174,0.903,0.641,0.931,0.784,0.043,0.763,0.527,0.997,0.025,0.129,0.545,0.636,0.453,0.108,0.576,0.793,0.238,0.268,0.067,0.582,0.598,0.144,0.317,0.978,0.757,0.704,0.166,0.637,0.968,0.216,0.304,0.621,0.708,0.942,0.3,0.807,0.989,0.657,0.568,0.678,0.653
110,0.98,0.271,0.504,0.52,0.665,0.752,0.691,0.572,0.162,0.463,0.436,0.736,0.683,0.891,0.468,0.824,0.916,0.743,0.182,0.141,0.486,0.935,0.287,0.035,0.465,0.878,0.692,0.711,0.502,0.834,0.095,0.855,0.258,0.936,0.064,0.919,0.263,0.681,0.21,0.599,0.82,0.994,0.69,0.129,0.234,0.394,0.351,0.782,0.13,0.413,0.574,0.396,0.755,0.269,0.601,0.205,0.314,0.297,0.05,0.931,0.226,0.233,0.451,0.488
112,0.768,0.533,0.368,0.468,0.734,0.378,0.349,0.326,0.57,0.813,0.873,0.569,0.916,0.384,0.799,0.52,0.892,0.011,0.239,0.368,0.215,0.364,0.123,0.188,0.589,0.452,0.971,0.658,0.442,0.755,0.39,0.298,0.444,0.102,0.338,0.967,0.446,0.312,0.636,0.675,0.363,0.741,0.541,0.065,0.191,0.599,0.138,0.165,0.746,0.564,0.342,0.79,0.382,0.065,0.625,0.436,0.019,0.949,0.385,0.093,0.528,0.008,0.333,0.565
114,0.041,0.825,0.783,0.513,0.316,0.211,0.056,0.332,0.856,0.521,0.464,0.692,0.168,0.448,0.939,0.701,0.97,0.044,0.423,0.325,0.495,0.11,0.491,0.982,0.647,0.79,0.011,0.579,0.531,0.258,0.725,0.165,0.664,0.165,0.077,0.556,0.535,0.713,0.443,0.486,0.871,0.26,0.816,0.37,0.648,0.986,0.185,0.842,0.218,0.013,0.88,0.893,0.162,0.335,0.438,0.468,0.618,0.506,0.287,0.715,0.321,0.398,0.575,0.317
116,0.514,0.122,0.147,0.771,0.009,0.246,0.542,0.984,0.586,0.636,0.699,0.631,0.856,0.875,0.216,0.185,0.551,0.126,0.996,0.958,0.453,0.06,0.127,0.323,0.013,0.158,0.747,0.012,0.334,0.959,0.768,0.513,0.034,0.006,0.771,0.711,0.364,0.651,0.074,0.805,0.167,0.103,0.694,0.026,0.478,0.794,0.044,0.956,0.479,0.408,0.012,0.403,0.051,0.561,0.747,0.283,0.382,0.274,0.258,0.067,0.137,0.681,0.17,0.425
118,0.097,0.448,0.292,0.696,0.465,0.712,0.243,0.641,0.193,0.53,0.86,0.778,0.597,0.543,0.546,0.082,0.485,0.18,0.727,0.495,0.229,0.464,0.836,0.323,0.724,0.708,0.867,0.412,0.959,0.075,0.735,0.48,0.746,0.29,0.578,0.077,0.296,0.06,0.815,0.715,0.404,0.271,0.315,0.817,0.693,0.234,0.724,0.793,0.935,0.893,0.226,0.901,0.336,0.543,0.584,0.923,0.269,0.838,0.305,0.459,0.451,0.945,0.555,0.168
120,0.434,0.353,0.279,0.573,0.947,0.363,0.747,0.691,0.065,0.096,0.418,0.719,0.806,0.308,0.97,0.001,0.863,0.691,0.179,0.666,0.909,0.94,0.493,0.785,0.6,0.744,0.416,0.037,0.235,0.083,0.333,0.688,0.518,0.935,0.443,0.338,0.536,0.628,0.46,0.471,0.102,0.606,0.56,0.158,0.115,0.574,0.508,0.333,0.721,0.274,0.781,0.682,0.1,0.599,0.06,0.615,0.737,0.323,0.787,0.499,0.242,0.153,0.648,0.399
122,0.163,0.579,0.327,0.964,0.984,0.892,0.08,0.904,0.735,0.862,0.948,0.405,0.528,0.066,0.243,0.914,0.683,0.026,0.899,0.861,0.997,0.468,0.557,0.123,0.133,0.282,0.637,0.073,0.977,0.83,0.046,0.539,0.987,0.744,0.442,0.012,0.54,0.474,0.629,0.632,0.855,0.399,0.199,0.196,0.404,0.076,0.107,0.865,0.491,0.149,0.798,0.479,0.045,0.412,0.403,0.731,0.1,0.054,0.271,0.376,0.553,0.939,0.577,0.765
124,0.479,0.366,0.322,0.106,0.237,0.303,0.625,0.615,0.926,0.744,0.104,0.564,0.81,0.669,0.631,0.526,0.689,0.121,0.43,0.723,0.167,0.569,0.607,0.278,0.525,0.475,0.052,0.58,0.104,0.681,0.216,0.4,0.33,0.779,0.563,0.433,0.08,0.52,0.384,0.572,0.488,0.85,0.697,0.574,0.993,0.176,0.108,0.156,0.429,0.56,0.041,0.435,0.988,0.527,0.767,0.643,0.349,0.405,0.876,0.348,0.377,0.532,0.01,0.796
126,0.359,0.297,0.682,0.281,0.152,0.623,0.702,0.208,0.052,0.689,0.254,0.262,0.663,0.718,0.381,0.608,0.398,0.803,0.307,0.379,0.627,0.28,0.833,0.771,0.03,0.981,0.243,0.596,0.144,0.86,0.191,0.694,0.096,0.935,0.542,0.87,0.963,0.044,0.601,0.976,0.807,0.024,0.66,0.263,0.01,0.251,0.874,0.502,0.433,0.352,0.668,0.767,0.042,0.05,0.028,0.088,0.73,0.118,0.142,0.97,0.074,0.655,0.027,0.576
128,0.45,0.921,0.149,0.191,0.771,0.786,0.02,0.168,0.572,0.892,0.613,0.934,0.646,0.48,0.327,0.675,0.451,0.373,0.308,0.872,0.138,0.684,0.062,0.594,0.362,0.993,0.035,0.61,0.345,0.982,0.103,0.31,0.107,0.525,0.109,0.995,0.029,0.955,0.89,0.007,0.733,0.411,0.936,0.923,0.619,0.001,0.567,0.924,0.975,0.509,0.954,0.153,0.484,0.788,0.836,0.127,0.174,0.071,0.689,0.179,0.838,0.295,0.599,0.162
130,0.423,0.981,0.315,0.413,0.013,0.011,0.442,0.961,0.213,0.384,0.59,0.907,0.134,0.227,0.728,0.154,0.976,0.528,0.478,0.429,0.276,0.165,0.197,0.492,0.316,0.017,0.769,0.013,0.085,0.052,0.707,0.414,0.17,0.944,0.344,0.783,0.669,0.194,0.552,0.811,0.106,0.208,0.369,0.689,0.241,0.13,0.078,0.248,0.786,0.856,0.692,0.306,0.676,0.604,0.857,0.605,0.22,0.771,0.902,0.257,0.233,0.68,0.291,0.709
132,0.353,0.196,0.34,0.005,0.831,0.125,0.776,0.765,0.827,0.649,0.631,0.875,0.733,0.101,0.927,0.287,0.698,0.622,0.0,0.714,0.279,0.248,0.518,0.723,0.528,0.195,0.233,0.175,0.956,0.084,0.292,0.022,0.981,0.831,0.276,0.591,0.857,0.594,0.147,0.659,0.13,0.513,0.212,0.151,0.431,0.576,0.173,0.38,0.243,0.934,0.443,0.923,0.852,0.975,0.364,0.417,0.296,0.77,0.348,0.828,0.79,0.998,0.336,0.623
134,0.425,0.199,0.563,0.356,0.285,0.778,0.481,0.464,0.672,0.417,0.775,0.659,0.482,0.623,0.064,0.268,0.698,0.66,0.897,0.485,0.162,0.549,0.448,0.047,0.333,0.309,0.831,0.435,0.665,0.275,0.129,0.663,0.064,0.118,0.586,0.316,0.548,0.321,0.625,0.074,0.62,0.791,0.39,0.862,0.487,0.975,0.603,0.296,0.352,0.034,0.93,0.775,0.437,0.241,0.097,0.061,0.676,0.871,0.513,0.473,0.793,0.654,0.204,0.714
136,0.503,0.246,0.022,0.3,0.956,0.515,0.253,0.693,0.93,0.405,0.648,0.813,0.342,0.45,0.822,0.833,0.818,0.101,0.534,0.237,0.687,0.243,0.122,0.312,0.173,0.411,0.921,0.987,0.512,0.877,0.297,0.654,0.681,0.991,0.992,0.01,0.37,0.579,0.51,0.068,0.777,0.799,0.066,0.231,0.142,0.113,0.997,0.329,0.432,0.88,0.537,0.187,0.45,0.63,0.054,0.603,0.791,0.693,0.212,0.073,0.977,0.525,0.768,0.989
138,0.751,0.21,0.844,0.811,0.558,0.365,0.913,0.19,0.693,0.742,0.284,0.717,0.521,0.582,0.819,0.321,0.048,0.538,0.278,0.433,0.147,0.763,0.787,0.489,0.399,0.849,0.393,0.965,0.904,0.492,0.604,0.33,0.824,0.398,0.638,0.462,0.065,0.663,0.543,0.947,0.517,0.675,0.756,0.991,0.05,0.764,0.947,0.969,0.517,0.013,0.183,0.755,0.791,0.842,0.525,0.845,0.43,0.624,0.546,0.985,0.246,0.827,0.174,0.102
140,0.946,0.733,0.308,0.109,0.134,0.258,0.37,0.384,0.473,0.406,0.38,0.808,0.834,0.482,0.745,0.506,0.981,0.179,0.426,0.567,0.535,0.688,0.811,0.68,0.805,0.802,0.525,0.321,0.282,0.557,0.324,0.466,0.451,0.543,0.658,0.039,0.778,0.51,0.531,0.903,0.355,0.049,0.354,0.871,0.683,0.328,0.199,0.205,0.088,0.755,0.109,0.455,0.179,0.149,0.781,0.335,0.398,0.104,0.75,0.988,0.669,0.291,0.6,0.019
142,0.764,0.936,0.548,0.495,0.402,0.303,0.963,0.5,0.674,0.93,0.379,0.677,0.705,0.807,0.784,0.336,0.367,0.624,0.066,0.864,0.274,0.97,0.061,0.381,0.531,0.31,0.936,0.669,0.14,0.809,0.777,0.885,0.672,0.201,0.822,0.108,0.442,0.937,0.404,0.313,0.112,0.897,0.176,0.338,0.28,0.893,0.736,0.062,0.802,0.361,0.776,0.509,0.085,0.869,0.28,0.291,0.193,0.552,0.786,0.31,0.957,0.252,0.204,0.963
144,0.521,0.345,0.747,0.976,0.62,0.697,0.66,0.671,0.557,0.089,0.745,0.201,0.59,0.708,0.618,0.219,0.919,0.073,0.534,0.577,0.073,0.569,0.791,0.651,0.181,0.317,0.964,0.773,0.207,0.674,0.335,0.575,0.277,0.35,0.226,0.858,0.503,0.435,0.861,0.362,0.777,0.955,0.873,0.183,0.373,0.528,0.606,0.302,0.23,0.818,0.959,0.491,0.242,0.337,0.882,0.775,0.834,0.331,0.919,0.902,0.388,0.151,0.246,0.24
146,0.6,0.813,0.646,0.236,0.941,0.439,0.112,0.306,0.452,0.082,0.87,0.282,0.447,0.759,0.978,0.125,0.747,0.98,0.437,0.416,0.465,0.874,0.208,0.321,0.537,0.795,0.233,0.684,0.218,0.059,0.8,0.625,0.375,0.37,0.95,0.899,0.165,0.059,0.379,0.306,0.731,0.183,0.987,0.313,0.672,0.273,0.451,0.188,0.767,0.644,0.128,0.873,0.333,0.758,0.978,0.311,0.493,0.174,0.643,0.923,0.317,0.75,0.25,0.334
148,0.926,0.399,0.779,0.676,0.362,0.138,0.087,0.616,0.182,0.669,0.054,0.078,0.709,0.04,0.415,0.588,0.768,0.753,0.401,0.035,0.805,0.5,0.048,0.423,0.809,0.806,0.36,0.54,0.546,0.617,0.997,0.082,0.214,0.057,0.664,0.274,0.649,0.324,0.096,0.886,0.551,0.227,0.6,0.815,0.636,0.491,0.004,0.137,0.993,0.911,0.016,0.427,0.599,0.873,0.367,0.408,0.188,0.161,0.572,0.818,0.901,0.124,0.181,0.291
150,0.371,0.422,0.155,0.137,0.427,0.74,0.154,0.078,0.338,0.494,0.401,0.897,0.742,0.267,0.571,0.898,0.258,0.037,0.507,0.157,0.658,0.707,0.873,0.265,0.224,0.749,0.742,0.895,0.35,0.718,0.83,0.835,0.722,0.779,0.077,0.431,0.67,0.893,0.208,0.277,0.504,0.652,0.607,0.581,0.626,0.368,0.914,0.698,0.793,0.401,0.302,0.96,0.827,0.796,0.959,0.077,0.416,0.788,0.663,0.523,0.334,0.192,0.586,0.275
152,0.994,0.363,0.8,0.751,0.882,0.048,0.901,0.339,0.945,0.508,0.819,0.58,0.684,0.659,0.941,0.479,0.515,0.019,0.946,0.903,0.039,0.696,0.885,0.96,0.754,0.854,0.126,0.31,0.252,0.33,0.069,0.546,0.069,0.369,0.512,0.288,0.266,0.722,0.105,0.919,0.428,0.534,0.798,0.273,0.379,0.036,0.175,0.562,0.217,0.447,0.081,0.745,0.463,0.288,0.41,0.159,0.277,0.335,0.457,0.062,0.083,0.82,0.379,0.354
154,0.675,0.817,0.251,0.805,0.08,0.903,0.391,0.354,0.215,0.952,0.642,0.637,0.188,0.629,0.942,0.994,0.284,0.501,0.838,0.154,0.767,0.261,0.04,0.25,0.705,0.084,0.949,0.326,0.042,0.543,0.096,0.781,0.148,0.659,0.596,0.699,0.259,0.573,0.213,0.01,0.141,0.914,0.162,0.831,0.176,0.922,0.008,0.494,0.403,0.839,0.331,0.905,0.852,0.818,0.158,0.574,0.415,0.548,0.805,0.978,0.736,0.476,0.798,0.717
156,0.014,0.68,0.981,0.616,0.675,0.941,0.449,0.835,0.652,0.839,0.687,0.73,0.668,0.369,0.818,0.812,0.944,0.732,0.525,0.46,0.934,0.74,0.959,0.889,0.398,0.294,0.189,0.13,0.805,0.514,0.294,0.474,0.038,0.733,0.861,0.112,0.553,0.688,0.674,0.831,0.293,0.233,0.402,0.72,0.683,0.799,0.698,0.73,0.097,0.262,0.284,0.965,0.393,0.164,0.145,0.074,0.125,0.594,0.116,0.911,0.593,0.893,0.253,0.075
158,0.314,0.384,0.049,0.82,0.112,0.674,0.131,0.227,0.076,0.631,0.786,0.054,0.913,0.501,0.771,0.816,0.075,0.397,0.354,0.148,0.663,0.464,0.867,0.791,0.716,0.634,0.696,0.942,0.845,0.332,0.579,0.484,0.763,0.613,0.122,0.071,0.609,0.925,0.932,0.307,0.64,0.596,0.736,0.692,0.163,0.276,0.506,0.833,0.524,0.183,0.522,0.488,0.897,0.087,0.124,0.613,0.735,0.618,0.544,0.24,0.766,0.669,0.335,0.046
160,0.086,0.316,0.57,0.253,0.332,0.737,0.656,0.554,0.137,0.428,0.05,0.513,0.346,0.274,0.222,0.128,0.013,0.02,0.638,0.842,0.557,0.986,0.554,0.068,0.356,0.012,0.437,0.0,0.094,0.125,0.552,0.247,0.733,0.266,0.486,0.479,0.59,0.755,0.456,0.853,0.258,0.819,0.454,0.738,0.072,0.574,0.717,0.324,0.371,0.456,0.013,0.161,0.415,0.764,0.649,0.886,0.233,0.164,0.513,0.359,0.154,0.3,0.517,0.656
162,0.362,0.293,0.611,0.915,0.62,0.008,0.939,0.318,0.158,0.623,0.637,0.781,0.09,0.376,0.746,0.667,0.159,0.682,0.222,0.575,0.194,0.305,0.567,0.934,0.274,0.025,0.1,0.394,0.796,0.735,0.901,0.085,0.863,0.281,0.863,0.939,0.76,0.325,0.199,0.379,0.49,0.444,0.281,0.661,0.452,0.093,0.586,0.619,0.811,0.524,0.423,0.284,0.479,0.615,0.377,0.194,0.413,0.53,0.065,0.801,0.088,0.922,0.094,0.253
164,0.87,0.544,0.232,0.718,0.82,0.241,0.247,0.004,0.716,0.698,0.305,0.586,0.967,0.304,0.026,0.107,0.185,0.105,0.383,0.181,0.315,0.351,0.705,0.066,0.577,0.745,0.931,0.584,0.133,0.241,0.077,0.528,0.627,0.978,0.841,0.533,0.561,0.712,0.125,0.431,0.437,0.028,0.428,0.362,0.742,0.831,0.678,0.781,0.121,0.005,0.725,0.494,0.157,0.724,0.26,0.587,0.457,0.966,0.191,0.507,0.671,0.403,0.11,0.784
166,0.262,0.744,0.197,0.723,0.134,0.907,0.159,0.625,0.227,0.184,0.775,0.35,0.532,0.132,0.31,0.541,0.679,0.454,0.666,0.888,0.214,0.592,0.13,0.001,0.215,0.749,0.437,0.678,0.177,0.572,0.997,0.744,0.835,0.73,0.736,0.926,0.421,0.862,0.596,0.221,0.301,0.685,0.628,0.085,0.509,0.948,0.254,0.661,0.24,0.631,0.582,0.543,0.41,0.052,0.058,0.548,0.666,0.834,0.273,0.307,0.604,0.592,0.632,0.428
168,0.095,0.767,0.181,0.285,0.527,0.337,0.545,0.716,0.856,0.18,0.152,0.387,0.899,0.347,0.642,0.373,0.336,0.724,0.205,0.826,0.396,0.221,0.219,0.425,0.367,0.462,0.914,0.146,0.39,0.045,0.555,0.649,0.268,0.56,0.474,0.768,0.73,0.05,0.448,0.288,0.772,0.909,0.064,0.721,0.173,0.147,0.896,0.148,0.126,0.591,0.362,0.258,0.775,0.294,0.806,0.089,0.556,0.105,0.155,0.535,0.764,0.798,0.199,0.282
170,0.445,0.591,0.82,0.93,0.457,0.69,0.206,0.631,0.382,0.813,0.817,0.675,0.944,0.9,0.526,0.95,0.093,0.051,0.074,0.147,0.198,0.254,0.641,0.148,0.401,0.143,0.731,0.713,0.965,0.562,0.718,0.879,0.581,0.694,0.779,0.731,0.259,0.155,0.126,0.884,0.331,0.655,0.166,0.582,0.175,0.515,0.547,0.1,0.805,0.84,0.991,0.392,0.043,0.577,0.562,0.176,0.928,0.28,0.53,0.121,0.578,0.644,0.995,0.843
172,0.883,0.164,0.487,0.735,0.995,0.716,0.575,0.633,0.973,0.971,0.755,0.301,0.737,0.608,0.762,0.849,0.069,0.281,0.635,0.168,0.941,0.437,0.744,0.111,0.427,0.926,0.752,0.029,0.572,0.258,0.123,0.421,0.234,0.349,0.752,0.174,0.462,0.951,0.136,0.95,0.979,0.486,0.186,0.043,0.807,0.863,0.617,0.599,0.206,0.94,0.768,0.065,0.957,0.418,0.468,0.1,0.28,0.204,0.093,0.858,0.238,0.124,0.203,0.461
174,0.194,0.032,0.081,0.042,0.001,0.436,0.861,0.743,0.918,0.758,0.954,0.785,0.523,0.374,0.146,0.176,0.265,0.358,0.221,0.016,0.303,0.261,0.523,0.411,0.31,0.843,0.88,0.862,0.282,0.555,0.914,0.147,0.175,0.61,0.517,0.579,0.917,0.096,0.751,0.171,0.213,0.479,0.478,0.112,0.78,0.54,0.615,0.083,0.449,0.076,0.39,0.671,0.216,0.98,0.13,0.463,0.896,0.5,0.78,0.063,0.114,0.875,0.984,0.699
176,0.451,0.43,0.128,0.717,0.71,0.281,0.975,0.591,0.004,0.275,0.924,0.479,0.369,0.622,0.943,0.198,0.978,0.165,0.395,0.949,0.066,0.443,0.02,0.832,0.763,0.127,0.179,0.138,0.506,0.022,0.563,0.354,0.029,0.521,0.754,0.968,0.884,0.797,0.377,0.794,0.996,0.435,0.879,0.761,0.148,0.191,0.435,0.515,0.013,0.932,0.223,0.98,0.583,0.752,0.032,0.49,0.995,0.144,0.827,0.031,0.533,0.339,0.07,0.431
178,0.794,0.4,0.784,0.393,0.648,0.282,0.09,0.23,0.247,0.421,0.099,0.476,0.821,0.749,0.484,0.32,0.007,0.379,0.939,0.635,0.233,0.105,0.843,0.017,0.878,0.217,0.351,0.506,0.315,0.106,0.626,0.84,0.88,0.857,0.213,0.87,0.464,0.065,0.868,0.114,0.991,0.248,0.531,0.699,0.35,0.031,0.877,0.262,0.686,0.814,0.609,0.979,0.781,0.28,0.274,0.681,0.754,0.836,0.687,0.004,0.963,0.581,0.738,0.7
180,0.285,0.261,0.043,0.703,0.987,0.967,0.088,0.934,0.236,0.583,0.9,0.08,0.299,0.08,0.23,0.613,0.928,0.9,0.951,0.625,0.608,0.91,0.256,0.159,0.739,0.127,0.689,0.78,0.694,0.317,0.212,0.935,0.028,0.826,0.881,0.403,0.388,0.432,0.062,0.082,0.707,0.888,0.021,0.827,0.053,0.523,0.666,0.245,0.094,0.721,0.953,0.951,0.475,0.117,0.301,0.787,0.843,0.945,0.896,0.336,0.663,0.586,0.545,0.291
182,0.608,0.34,0.267,0.676,0.328,0.369,0.188,0.835,0.005,0.447,0.878,0.23,0.692,0.428,0.995,0.977,0.484,0.935,0.439,0.358,0.462,0.765,0.328,0.939,0.53,0.435,0.53,0.208,0.698,0.955,0.021,0.906,0.106,0.66,0.903,0.736,0.623,0.266,0.92,0.902,0.056,0.754,0.196,0.014,0.037,0.394,0.155,0.574,0.928,0.867,0.369,0.101,0.156,0.347,0.381,0.193,0.925,0.536,0.046,0.237,0.924,0.204,0.989,0.486
184,0.198,0.031,0.586,0.006,0.662,0.418,0.353,0.126,0.177,0.152,0.981,0.167,0.351,0.878,0.446,0.615,0.29,0.906,0.475,0.586,0.186,0.37,0.595,0.169,0.503,0.09,0.859,0.599,0.483,0.736,0.657,0.764,0.56,0.832,0.7,0.093,0.742,0.432,0.824,0.164,0.566,0.205,0.304,0.159,0.997,0.878,0.37,0.364,0.293,0.22,0.41,0.84,0.226,0.909,0.065,0.361,0.589,0.866,0.711,0.037,0.944,0.539,0.57,0.693
186,0.172,0.468,0.01,0.479,0.042,0.84,0.191,0.558,0.558,0.665,0.76,0.573,0.879,0.377,0.843,0.525,0.495,0.693,0.258,0.203,0.669,0.563,0.793,0.394,0.399,0.696,0.602,0.843,0.143,0.482,0.608,0.547,0.02,0.089,0.107,0.85,0.034,0.716,0.243,0.994,0.45,0.287,0.851,0.212,0.659,0.29,0.284,0.478,0.032,0.186,0.768,0.932,0.325,0.157,0.928,0.452,0.31,0.675,0.627,0.729,0.158,0.639,0.752,0.722
188,0.549,0.972,0.319,0.125,0.689,0.869,0.246,0.073,0.861,0.625,0.006,0.897,0.777,0.078,0.222,0.267,0.133,0.477,0.209,0.019,0.802,0.727,0.318,0.293,0.246,0.146,0.535,0.304,0.634,0.106,0.178,0.339,0.449,0.417,0.504,0.41,0.265,0.003,0.458,0.593,0.223,0.635,0.932,0.802,0.845,0.027,0.265,0.346,0.192,0.058,0.551,0.269,0.927,0.031,0.876,0.509,0.266,0.8,0.931,0.561,0.998,0.993,0.787,0.134
190,0.495,0.644,0.496,0.625,0.511,0.969,0.29,0.79,0.476,0.245,0.524,0.365,0.051,0.867,0.516,0.09,0.275,0.248,0.553,0.883,0.712,0.949,0.29,0.634,0.976,0.06,0.005,0.318,0.657,0.011,0.786,0.612,0.012,0.447,0.296,0.239,0.387,0.973,0.935,0.556,0.155,0.696,0.037,0.916,0.209,0.911,0.974,0.156,0.496,0.924,0.496,0.617,0.422,0.323,0.377,0.671,0.745,0.266,0.951,0.678,0.125,0.624,0.604,0.089
192,0.12,0.347,0.188,0.769,0.733,0.829,0.748,0.071,0.572,0.54,0.2,0.776,0.087,0.738,0.259,0.025,0.685,0.769,0.422,0.419,0.922,0.181,0.332,0.516,0.999,0.159,0.05,0.041,0.507,0.205,0.552,0.535,0.916,0.983,0.907,0.451,0.524,0.277,0.475,0.444,0.622,0.681,0.669,0.184,0.507,0.809,0.141,0.005,0.419,0.295,0.833,0.365,0.238,0.145,0.338,0.196,0.323,0.287,0.937,0.486,0.857,0.072,0.895,0.225
194,0.151,0.917,0.168,0.851,0.112,0.248,0.141,0.94,0.658,0.898,0.459,0.228,0.216,0.009,0.679,0.518,0.741,0.867,0.902,0.805,0.614,0.615,0.79,0.889,0.879,0.46,0.217,0.453,0.559,0.032,0.585,0.649,0.709,0.87,0.084,0.078,0.58,0.562,0.087,0.748,0.154,0.06,0.574,0.627,0.403,0.193,0.038,0.163,0.12,0.212,0.124,0.757,0.459,0.15,0.127,0.836,0.925,0.344,0.636,0.695,0.44,0.118,0.443,0.509
196,0.503,0.215,0.81,0.884,0.949,0.296,0.206,0.52,0.445,0.35,0.276,0.899,0.827,0.965,0.091,0.706,0.052,0.072,0.689,0.095,0.269,0.95,0.525,0.286,0.488,0.238,0.927,0.907,0.553,0.909,0.307,0.853,0.752,0.497,0.189,0.285,0.507,0.879,0.06,0.334,0.581,0.644,0.393,0.435,0.139,0.735,0.259,0.416,0.248,0.607,0.451,0.445,0.102,0.511,0.678,0.29,0.867,0.79,0.089,0.214,0.563,0.415,0.203,0.093
198,0.143,0.014,0.347,0.023,0.72,0.442,0.786,0.859,0.968,0.813,0.46,0.286,0.43,0.702,0.794,0.292,0.263,0.982,0.343,0.537,0.99,0.643,0.378,0.812,0.486,0.204,0.732,0.646,0.912,0.921,0.66,0.81,0.749,0.057,0.773,0.262,0.014,0.828,0.01,0.566,0.425,0.87,0.343,0.962,0.018,0.65,0.487,0.79,0.856,0.776,0.463,0.478,0.32,0.359,0.725,0.521,0.85,0.025,0.113,0.521,0.985,0.459,0.507,0.313
200,0.018,0.395,0.929,0.573,0.911,0.979,0.255,0.441,0.153,0.152,0.064,0.783,0.247,0.921,0.268,0.138,0.411,0.126,0.387,0.836,0.649,0.34,0.851,0.285,0.583,0.537,0.577,0.742,0.832,0.735,0.46,0.281,0.114,0.623,0.14,0.998,0.715,0.774,0.281,0.901,0.253,0.703,0.28,0.632,0.142,0.969,0.397,0.447,0.238,0.872,0.276,0.512,0.084,0.679,0.918,0.066,0.997,0.269,0.231,0.492,0.766,0.961,0.988,0.189
202,0.058,0.611,0.191,0.372,0.327,0.149,0.271,0.712,0.331,0.601,0.277,0.468,0.52,0.983,0.577,0.26,0.072,0.078,0.36,0.349,0.258,0.964,0.091,0.733,0.474,0.344,0.179,0.102,0.908,0.429,0.761,0.261,0.303,0.145,0.408,0.014,0.415,0.723,0.183,0.498,0.577,0.667,0.686,0.146,0.91,0.286,0.937,0.144,0.304,0.009,0.121,0.077,0.712,0.522,0.11,0.332,0.787,0.367,0.884,0.812,0.293,0.523,0.477,0.103
204,0.984,0.214,0.266,0.59,0.588,0.651,0.886,0.252,0.363,0.215,0.592,0.889,0.018,0.248,0.964,0.765,0.719,0.773,0.119,0.094,0.204,0.595,0.461,0.569,0.611,0.322,0.795,0.659,0.66,0.455,0.819,0.978,0.333,0.498,0.075,0.398,0.941,0.4,0.632,0.156,0.119,0.982,0.129,0.038,0.931,0.65,0.939,0.347,0.37,0.054,0.418,0.608,0.78,0.148,0.27,0.534,0.033,0.261,0.35,0.184,0.985,0.548,0.958,0.911
206,0.958,0.57,0.742,0.178,0.192,0.151,0.625,0.502,0.881,0.627,0.591,0.682,0.964,0.276,0.663,0.005,0.128,0.437,0.719,0.529,0.367,0.518,0.94,0.191,0.432,0.933,0.295,0.542,0.64,0.047,0.896,0.231,0.506,0.464,0.373,0.247,0.428,0.641,0.297,0.947,0.709,0.626,0.991,0.674,0.112,0.887,0.478,0.757,0.473,0.285,0.175,0.87,0.795,0.07,0.165,0.455,0.32,0.517,0.415,0.593,0.181,0.206,0.664,0.221
208,0.318,0.986,0.836,0.986,0.561,0.91,0.316,0.712,0.635,0.511,0.236,0.428,0.118,0.091,0.091,0.729,0.744,0.169,0.923,0.802,0.746,0.077,0.698,0.001,0.603,0.164,0.534,0.995,0.955,0.264,0.036,0.642,0.196,0.623,0.674,0.479,0.145,0.447,0.137,0.65,0.393,0.171,0.856,0.176,0.408,0.693,0.231,0.457,0.399,0.827,0.692,0.867,0.042,0.934,0.379,0.956,0.721,0.065,0.055,0.469,0.538,0.822,0.093,0.678
210,0.542,0.21,0.66,0.387,0.858,0.382,0.944,0.722,0.706,0.823,0.283,0.033,0.624,0.116,0.523,0.401,0.205,0.213,0.25,0.627,0.067,0.324,0.915,0.895,0.938,0.202,0.57,0.733,0.58,0.547,0.779,0.53,0.368,0.921,0.32,0.955,0.485,0.444,0.913,0.509,0.105,0.001,0.847,0.251,0.537,0.358,0.06,0.905,0.649,0.78,0.227,0.604,0.274,0.14,0.26,0.311,0.13,0.05,0.941,0.159,0.424,0.902,0.66,0.624
212,0.033,0.931,0.696,0.122,0.597,0.089,0.827,0.117,0.553,0.923,0.838,0.054,0.147,0.08,0.461,0.473,0.898,0.543,0.988,0.943,0.792,0.859,0.062,0.525,0.357,0.604,0.328,0.936,0.199,0.036,0.132,0.104,0.528,0.919,0.159,0.435,0.199,0.306,0.967,0.65,0.343,0.912,0.11,0.833,0.716,0.574,0.452,0.733,0.928,0.376,0.994,0.787,0.052,0.103,0.027,0.557,0.984,0.032,0.655,0.868,0.875,0.789,0.695,0.232
214,0.708,0.852,0.823,0.664,0.504,0.894,0.728,0.061,0.842,0.523,0.247,0.171,0.75,0.441,0.607,0.958,0.048,0.771,0.058,0.338,0.163,0.49,0.291,0.195,0.213,0.317,0.475,0.488,0.551,0.232,0.915,0.981,0.661,0.23,0.947,0.09,0.436,0.1,0.122,0.94,0.554,0.725,0.876,0.401,0.01,0.035,0.749,0.081,0.103,0.913,0.679,0.607,0.776,0.784,0.729,0.352,0.877,0.204,0.304,0.126,0.157,0.569,0.14,0.229
216,0.208,0.069,0.231,0.405,0.503,0.288,0.634,0.089,0.274,0.52,0.289,0.482,0.913,0.709,0.393,0.692,0.837,0.552,0.642,0.987,0.294,0.074,0.75,0.211,0.153,0.903,0.969,0.4,0.759,0.557,0.814,0.988,0.585,0.543,0.579,0.738,0.384,0.731,0.535,0.594,0.963,0.711,0.808,0.001,0.971,0.914,0.833,0.831,0.292,0.971,0.067,0.894,0.522,0.147,0.48,0.439,0.501,0.08,0.349,0.132,0.169,0.669,0.815,0.283
218,0.393,0.764,0.436,0.164,0.087,0.417,0.035,0.247,0.399,0.895,0.746,0.27,0.068,0.498,0.688,0.234,0.627,0.518,0.853,0.554,0.643,0.108,0.36,0.934,0.86,0.649,0.118,0.17,0.541,0.233,0.9,0.367,0.794,0.928,0.719,0.285,0.291,0.017,0.846,0.392,0.761,0.595,0.895,0.276,0.063,0.674,0.557,0.885,0.173,0.884,0.006,0.095,0.483,0.314,0.657,0.244,0.528,0.669,0.033,0.987,0.239,0.911,0.216,0.624
220,0.905,0.716,0.844,0.363,0.358,0.136,0.871,0.032,0.732,0.997,0.562,0.209,0.346,0.616,0.556,0.716,0.907,0.84,0.029,0.906,0.41,0.484,0.579,0.491,0.404,0.017,0.631,0.132,0.962,0.015,0.486,0.468,0.031,0.033,0.368,0.501,0.143,0.905,0.815,0.169,0.92,0.341,0.499,0.31,0.544,0.159,0.959,0.071,0.843,0.485,0.617,0.623,0.884,0.008,0.722,0.524,0.447,0.625,0.431,0.597,0.746,0.938,0.576,0.754
222,0.229,0.555,0.361,0.518,0.855,0.992,0.225,0.006,0.387,0.117,0.454,0.318,0.358,0.083,0.558,0.581,0.622,0.483,0.374,0.686,0.414,0.136,0.069,0.441,0.151,0.998,0.675,0.385,0.471,0.203,0.864,0.654,0.123,0.652,0.853,0.917,0.149,0.67,0.691,0.94,0.515,0.375,0.218,0.129,0.011,0.378,0.05,0.534,0.32,0.065,0.561,0.622,0.017,0.357,0.861,0.74,0.802,0.966,0.531,0.947,0.72,0.589,0.414,0.375
224,0.509,0.139,0.372,0.27,0.238,0.193,0.11,0.413,0.181,0.157,0.568,0.674,0.009,0.268,0.54,0.363,0.119,0.394,0.678,0.266,0.708,0.943,0.812,0.763,0.339,0.879,0.786,0.12,0.834,0.101,0.541,0.358,0.906,0.002,0.899,0.757,0.707,0.592,0.739,0.428,0.735,0.793,0.274,0.332,0.685,0.845,0.602,0.135,0.983,0.624,0.936,0.876,0.651,0.152,0.596,0.951,0.494,0.45,0.358,0.777,0.429,0.549,0.273,0.267
226,0.778,0.31,0.443,0.63,0.051,0.299,0.775,0.736,0.44,0.867,0.416,0.841,0.121,0.159,0.723,0.697,0.297,0.051,0.606,0.595,0.008,0.982,0.196,0.265,0.348,0.164,0.056,0.861,0.591,0.107,0.974,0.581,0.069,0.022,0.537,0.67,0.518,0.045,0.706,0.684,0.522,0.353,0.679,0.238,0.238,0.123,0.15,0.373,0.378,0.648,0.484,0.475,0.977,0.282,0.529,0.665,0.481,0.946,0.253,0.686,0.409,0.952,0.157,0.073
228,0.411,0.715,0.786,0.904,0.264,0.477,0.513,0.316,0.843,0.578,0.535,0.781,0.075,0.099,0.11,0.47,0.312,0.311,0.135,0.626,0.632,0.559,0.067,0.982,0.844,0.33,0.387,0.762,0.458,0.01,0.855,0.496,0.089,0.276,0.109,0.071,0.318,0.336,0.457,0.866,0.466,0.731,0.421,0.052,0.623,0.158,0.517,0.682,0.752,0.238,0.262,0.622,0.552,0.431,0.011,0.485,0.593,0.971,0.96,0.385,0.113,0.874,0.394,0.324
230,0.964,0.764,0.314,0.471,0.385,0.793,0.471,0.866,0.058,0.229,0.145,0.77,0.639,0.78,0.376,0.863,0.576,0.076,0.409,0.975,0.815,0.576,0.16,0.521,0.235,0.063,0.408,0.978,0.479,0.068,0.831,0.741,0.566,0.56,0.913,0.739,0.975,0.433,0.031,0.268,0.713,0.652,0.823,0.423,0.252,0.711,0.465,0.543,0.631,0.657,0.382,0.263,0.483,0.452,0.394,0.667,0.121,0.349,0.049,0.023,0.949,0.082,0.398,0.899
232,0.493,0.243,0.6,0.122,0.382,0.364,0.187,0.172,0.896,0.463,0.674,0.409,0.831,0.744,0.111,0.254,0.49,0.42,0.549,0.911,0.746,0.13,0.921,0.916,0.844,0.054,0.246,0.088,0.432,0.778,0.935,0.39,0.612,0.312,0.704,0.351,0.742,0.854,0.211,0.949,0.045,0.859,0.766,0.532,0.078,0.252,0.69,0.679,0.969,0.326,0.997,0.513,0.654,0.138,0.495,0.33,0.713,0.272,0.307,0.741,0.167,0.172,0.592,0.712
234,0.336,0.832,0.402,0.57,0.974,0.857,0.451,0.154,0.816,0.945,0.827,0.834,0.71,0.356,0.605,0.745,0.808,0.518,0.977,0.049,0.207,0.978,0.483,0.322,0.967,0.458,0.716,0.175,0.47,0.574,0.494,0.152,0.492,0.568,0.019,0.924,0.294,0.458,0.751,0.512,0.147,0.533,0.502,0.589,0.228,0.201,0.412,0.371,0.726,0.959,0.66,0.034,0.405,0.851,0.32,0.07,0.986,0.893,0.16,0.825,0.013,0.835,0.577,0.781
236,0.882,0.606,0.104,0.744,0.432,0.56,0.497,0.171,0.428,0.11,0.145,0.526,0.237,0.128,0.742,0.182,0.896,0.188,0.884,0.139,0.037,0.713,0.669,0.644,0.561,0.881,0.476,0.043,0.951,0.035,0.156,0.639,0.626,0.724,0.373,0.265,0.211,0.1,0.842,0.898,0.654,0.034,0.666,0.17,0.261,0.495,0.319,0.917,0.298,0.907,0.73,0.104,0.294,0.151,0.797,0.406,0.015,0.764,0.149,0.185,0.262,0.255,0.237,0.384
238,0.849,0.597,0.858,0.69,0.872,0.87,0.536,0.719,0.709,0.488,0.388,0.724,0.141,0.714,0.993,0.107,0.981,0.853,0.804,0.274,0.841,0.6,0.599,0.892,0.191,0.008,0.678,0.344,0.076,0.158,0.545,0.652,0.176,0.366,0.265,0.412,0.037,0.223,0.294,0.333,0.591,0.868,0.938,0.685,0.05,0.551,0.651,0.08,0.825,0.791,0.316,0.031,0.138,0.842,0.597,0.681,0.355,0.236,0.138,0.959,0.573,0.143,0.568,0.206
240,0.262,0.831,0.344,0.82,0.868,0.879,0.325,0.666,0.891,0.144,0.757,0.788,0.379,0.168,0.706,0.548,0.995,0.526,0.166,0.772,0.686,0.613,0.349,0.118,0.159,0.799,0.857,0.963,0.565,0.158,0.461,0.281,0.24,0.57,0.69,0.499,0.237,0.841,0.236,0.204,0.222,0.287,0.037,0.901,0.239,0.654,0.388,0.34,0.955,0.652,0.187,0.86,0.667,0.509,0.123,0.623,0.094,0.563,0.749,0.987,0.518,0.996,0.551,0.17
242,0.394,0.43,0.349,0.404,0.561,0.17,0.896,0.563,0.686,0.621,0.477,0.155,0.135,0.69,0.413,0.805,0.175,0.867,0.585,0.559,0.968,0.324,0.214,0.935,0.875,0.066,0.329,0.618,0.418,0.117,0.776,0.113,0.037,0.926,0.246,0.727,0.118,0.691,0.33,0.715,0.203,0.695,0.776,0.124,0.706,0.731,0.298,0.696,0.746,0.499,0.356,0.572,0.572,0.018,0.501,0.497,0.183,0.603,0.487,0.935,0.772,0.314,0.304,0.34
244,0.832,0.556,0.239,0.197,0.859,0.178,0.747,0.566,0.61,0.141,0.598,0.43,0.02,0.183,0.588,0.951,0.69,0.792,0.323,0.0,0.423,0.535,0.903,0.479,0.443,0.337,0.382,0.239,0.55,0.538,0.088,0.685,0.254,0.571,0.417,0.305,0.243,0.955,0.143,0.509,0.031,0.365,0.634,0.817,0.747,0.795,0.92,0.607,0.965,0.708,0.245,0.946,0.82,0.412,0.394,0.835,0.153,0.166,0.154,0.413,0.627,0.29,0.882,0.117
246,0.809,0.463,0.74,0.256,0.371,0.856,0.201,0.617,0.673,0.983,0.058,0.829,0.621,0.878,0.729,0.521,0.273,0.386,0.459,0.386,0.436,0.655,0.252,0.661,0.487,0.256,0.175,0.195,0.591,0.653,0.47,0.72,0.239,0.723,0.947,0.362,0.322,0.049,0.942,0.575,0.959,0.944,0.701,0.332,0.884,0.805,0.534,0.064,0.698,0.327,0.111,0.767,0.886,0.441,0.719,0.894,0.361,0.341,0.47,0.874,0.677,0.149,0.372,0.195
248,0.434,0.973,0.022,0.951,0.074,0.851,0.726,0.898,0.601,0.275,0.509,0.698,0.762,0.43,0.146,0.017,0.955,0.148,0.781,0.233,0.838,0.812,0.844,0.332,0.513,0.719,0.881,0.323,0.142,0.802,0.45,0.773,0.647,0.914,0.325,0.314,0.467,0.123,0.747,0.43,0.495,0.363,0.571,0.928,0.286,0.364,0.176,0.242,0.097,0.675,0.825,0.205,0.504,0.111,0.402,0.967,0.026,0.681,0.071,0.723,0.595,0.05,0.111,0.838
250,0.126,0.524,0.973,0.244,0.963,0.295,0.029,0.241,0.72,0.348,0.804,0.332,0.256,0.92,0.356,0.081,0.497,0.9,0.406,0.422,0.107,0.519,0.151,0.691,0.918,0.052,0.219,0.411,0.592,0.329,0.823,0.386,0.197,0.093,0.337,0.835,0.867,0.413,0.419,0.685,0.46,0.971,0.859,0.284,0.1,0.393,0.604,0.195,0.415,0.239,0.542,0.923,0.06,0.143,0.449,0.793,0.425,0.081,0.733,0.779,0.84,0.203,0.955,0.882
252,0.381,0.603,0.21,0.658,0.132,0.163,0.984,0.282,0.915,0.149,0.487,0.716,0.834,0.245,0.395,0.838,0.52,0.287,0.003,0.432,0.908,0.854,0.804,0.111,0.087,0.478,0.344,0.287,0.457,0.836,0.479,0.089,0.924,0.186,0.988,0.459,0.539,0.512,0.424,0.026,0.862,0.38,0.524,0.891,0.989,0.457,0.106,0.474,0.941,0.594,0.548,0.141,0.202,0.803,0.473,0.651,0.311,0.434,0.884,0.565,0.343,0.476,0.542,0.816
254,0.883,0.434,0.271,0.101,0.395,0.087,0.695,0.647,0.276,0.043,0.744,0.77,0.616,0.029,0.425,0.205,0.188,0.961,0.254,0.495,0.639,0.668,0.415,0.118,0.519,0.015,0.102,0.684,0.385,0.078,0.201,0.089,0.706,0.966,0.808,0.516,0.35,0.982,0.844,0.784,0.639,0.23,0.659,0.545,0.188,0.499,0.198,0.894,0.47,0.361,0.105,0.255,0.277,0.238,0.286,0.226,0.849,0.542,0.148,0.216,0.112,0.456,0.95,0.286
256,0.931,0.171,0.567,0.37,0.812,0.702,0.014,0.036,0.361,0.06,0.958,0.342,0.578,0.981,0.204,0.421,0.118,0.639,0.165,0.199,0.589,0.481,0.305,0.97,0.894,0.473,0.874,0.956,0.059,0.026,0.308,0.482,0.806,0.707,0.06,0.014,0.145,0.957,0.633,0.719,0.164,0.039,0.459,0.546,0.289,0.388,0.683,0.121,0.824,0.843,0.778,0.699,0.687,0.407,0.963,0.477,0.95,0.641,0.655,0.244,0.645,0.503,0.806,0.097
258,0.457,0.737,0.103,0.118,0.861,0.365,0.452,0.773,0.589,0.195,0.59,0.091,0.408,0.139,0.738,0.354,0.502,0.693,0.337,0.568,0.096,0.149,0.024,0.356,0.972,0.344,0.81,0.204,0.104,0.411,0.121,0.139,0.203,0.678,0.199,0.908,0.832,0.984,0.615,0.388,0.441,0.749,0.014,0.781,0.109,0.027,0.342,0.766,0.006,0.626,0.517,0.774,0.231,0.293,0.062,0.481,0.254,0.299,0.137,0.462,0.497,0.418,0.807,0.519
260,0.974,0.534,0.735,0.229,0.166,0.414,0.975,0.329,0.939,0.851,0.178,0.269,0.481,0.074,0.808,0.409,0.421,0.121,0.472,0.545,0.475,0.92,0.549,0.029,0.79,0.864,0.929,0.639,0.409,0.283,0.525,0.707,0.715,0.312,0.313,0.904,0.414,0.397,0.238,0.381,0.334,0.88,0.317,0.489,0.657,0.264,0.454,0.67,0.118,0.915,0.299,0.514,0.441,0.208,0.819,0.754,0.284,0.368,0.205,0.448,0.505,0.336,0.87,0.586
262,0.428,0.704,0.542,0.72,0.261,0.818,0.164,0.363,0.94,0.495,0.743,0.449,0.313,0.474,0.46,0.738,0.827,0.378,0.978,0.69,0.909,0.793,0.895,0.519,0.463,0.662,0.046,0.777,0.637,0.029,0.988,0.453,0.037,0.269,0.556,0.679,0.583,0.274,0.039,0.703,0.461,0.558,0.813,0.281,0.236,0.99,0.162,0.275,0.864,0.936,0.774,0.646,0.318,0.708,0.119,0.964,0.87,0.847,0.542,0.753,0.7,0.123,0.215,0.582
264,0.028,0.373,0.455,0.775,0.536,0.346,0.693,0.872,0.304,0.658,0.066,0.622,0.437,0.037,0.088,0.701,0.78,0.794,0.226,0.406,0.817,0.993,0.554,0.528,0.61,0.805,0.925,0.707,0.236,0.584,0.452,0.374,0.24,0.739,0.257,0.362,0.555,0.876,0.798,0.35,0.341,0.166,0.403,0.39,0.492,0.492,0.306,0.562,0.695,0.513,0.404,0.906,0.765,0.174,0.452,0.61,0.794,0.527,0.955,0.51,0.661,0.402,0.986,0.251
266,0.392,0.338,0.562,0.1,0.967,0.09,0.895,0.244,0.613,0.347,0.946,0.306,0.722,0.264,0.048,0.593,0.449,0.687,0.09,0.472,0.728,0.583,0.069,0.852,0.525,0.812,0.781,0.147,0.595,0.348,0.381,0.817,0.45,0.162,0.77,0.786,0.166,0.604,0.056,0.641,0.083,0.193,0.268,0.467,0.034,0.916,0.86,0.943,0.348,0.799,0.906,0.876,0.073,0.044,0.992,0.92,0.315,0.704,0.011,0.757,0.857,0.181,0.168,0.994
268,0.419,0.274,0.312,0.432,0.476,0.293,0.623,0.873,0.351,0.144,0.523,0.571,0.367,0.006,0.405,0.111,0.509,0.039,0.378,0.404,0.515,0.241,0.275,0.025,0.837,0.369,0.925,0.636,0.003,0.988,0.904,0.401,0.785,0.28,0.267,0.566,0.487,0.954,0.696,0.187,0.617,0.26,0.24,0.873,0.166,0.783,0.216,0.771,0.079,0.978,0.908,0.739,0.424,0.939,0.825,0.527,0.642,0.089,0.287,0.716,0.304,0.167,0.202,0.662
270,0.203,0.046,0.975,0.102,0.2,0.648,0.067,0.33,0.21,0.045,0.632,0.433,0.612,0.035,0.434,0.889,0.973,0.499,0.532,0.173,0.237,0.19,0.142,0.791,0.271,0.477,0.441,0.015,0.254,0.428,0.452,0.698,0.099,0.356,0.269,0.028,0.688,0.597,0.557,0.559,0.837,0.446,0.5,0.721,0.728,0.183,0.384,0.17,0.819,0.948,0.777,0.7,0.745,0.448,0.354,0.778,0.617,0.004,0.184,0.077,0.686,0.341,0.219,0.012
272,0.289,0.552,0.305,0.729,0.387,0.085,0.325,0.033,0.245,0.434,0.967,0.338,0.935,0.951,0.696,0.348,0.07,0.96,0.577,0.166,0.484,0.784,0.909,0.878,0.275,0.277,0.871,0.827,0.109,0.159,0.388,0.164,0.674,0.734,0.192,0.552,0.288,0.78,0.968,0.268,0.971,0.986,0.444,0.952,0.512,0.034,0.533,0.877,0.545,0.373,0.469,0.806,0.423,0.772,0.042,0.081,0.069,0.166,0.09,0.034,0.229,0.918,0.664,0.796
274,0.471,0.672,0.917,0.006,0.1,0.774,0.258,0.37,0.381,0.94,0.079,0.885,0.95,0.366,0.35,0.963,0.123,0.919,0.601,0.309,0.323,0.7,0.242,0.635,0.377,0.023,0.168,0.855,0.395,0.918,0.103,0.038,0.134,0.545,0.075,0.383,0.565,0.299,0.689,0.086,0.233,0.758,0.886,0.43,0.707,0.119,0.954,0.638,0.984,0.358,0.599,0.995,0.91,0.071,0.201,0.06,0.408,0.587,0.231,0.146,0.231,0.164,0.356,0.514
276,0.604,0.05,0.449,0.964,0.789,0.459,0.867,0.378,0.713,0.723,0.22,0.363,0.494,0.392,0.121,0.23,0.286,0.254,0.994,0.759,0.693,0.055,0.462,0.867,0.2,0.862,0.182,0.629,0.945,0.443,0.3,0.311,0.239,0.576,0.207,0.457,0.687,0.521,0.708,0.323,0.213,0.258,0.107,0.788,0.082,0.381,0.81,0.036,0.61,0.044,0.353,0.301,0.228,0.461,0.318,0.235,0.26,0.132,0.436,0.797,0.108,0.948,0.191,0.407
278,0.341,0.686,0.316,0.452,0.478,0.143,0.215,0.98,0.999,0.024,0.845,0.265,0.196,0.542,0.541,0.798,0.149,0.03,0.318,0.055,0.3,0.763,0.95,0.429,0.94,1.0,0.083,0.922,0.769,0.678,0.051,0.817,0.692,0.313,0.338,0.736,0.862,0.531,0.184,0.571,0.067,0.157,0.817,0.58,0.843,0.605,0.417,0.239,0.076,0.914,0.071,0.531,0.37,0.552,0.178,0.136,0.101,0.895,0.23,0.119,0.591,0.568,0.741,0.944
280,0.621,0.872,0.084,0.954,0.007,0.768,0.527,0.935,0.19,0.589,0.611,0.113,0.068,0.843,0.039,0.279,0.715,0.793,0.172,0.878,0.32,0.218,0.24,0.56,0.451,0.27,0.574,0.127,0.634,0.663,0.135,0.446,0.918,0.646,0.085,0.606,0.065,0.154,0.937,0.566,0.687,0.898,0.104,0.209,0.775,0.202,0.254,0.371,0.412,0.631,0.077,0.213,0.436,0.739,0.622,0.78,0.296,0.838,0.641,0.643,0.664,0.177,0.831,0.839
282,0.724,0.754,0.299,0.814,0.963,0.385,0.402,0.524,0.938,0.71,0.003,0.812,0.705,0.628,0.587,0.632,0.234,0.098,0.561,0.992,0.739,0.281,0.934,0.541,0.811,0.766,0.739,0.205,0.192,0.212,0.125,0.408,0.887,0.732,0.175,0.09,0.452,0.088,0.465,0.78,0.376,0.927,0.932,0.557,0.293,0.807,0.066,0.116,0.761,0.798,0.177,0.68,0.557,0.953,0.152,0.369,0.336,0.992,0.025,0.408,0.218,0.09,0.242,0.6
284,0.649,0.468,0.375,0.446,0.551,0.946,0.084,0.001,0.376,0.556,0.967,0.666,0.055,0.824,0.861,0.431,0.284,0.74,0.81,0.092,0.752,0.771,0.852,0.404,0.932,0.047,0.32,0.483,0.525,0.579,0.468,0.215,0.877,0.658,0.364,0.892,0.566,0.563,0.743,0.477,0.464,0.811,0.781,0.292,0.37,0.569,0.955,0.469,0.659,0.1,0.596,0.964,0.67,0.781,0.543,0.78,0.76,0.937,0.626,0.946,0.496,0.668,0.106,0.132
286,0.063,0.568,0.101,0.012,0.203,0.475,0.567,0.831,0.883,0.537,0.01,0.448,0.053,0.629,0.938,0.451,0.319,0.638,0.271,0.316,0.047,0.158,0.814,0.542,0.261,0.244,0.995,0.737,0.098,0.149,0.116,0.371,0.34,0.559,0.965,0.673,0.384,0.748,0.343,0.65,0.6,0.646,0.179,0.852,0.117,0.957,0.134,0.925,0.394,0.14,0.63,0.069,0.769,0.559,0.158,0.873,0.939,0.476,0.952,0.384,0.981,0.074,0.067,0.018
288,0.349,0.904,0.155,0.296,0.635,0.818,0.695,0.519,0.196,0.037,0.573,0.782,0.38,0.355,0.691,0.736,0.146,0.867,0.634,0.363,0.751,0.055,0.076,0.51,0.398,0.894,0.082,0.499,0.599,0.012,0.708,0.322,0.065,0.318,0.943,0.807,0.444,0.417,0.077,0.973,0.436,0.262,0.988,0.901,0.904,0.574,0.471,0.33,0.036,0.843,0.776,0.373,0.106,0.351,0.626,0.0,0.464,0.801,0.984,0.126,0.322,0.476,0.152,0.704
290,0.797,0.587,0.433,0.204,0.71,0.078,0.53,0.167,0.838,0.093,0.96,0.799,0.212,0.659,0.131,0.149,0.284,0.438,0.129,0.573,0.507,0.584,0.325,0.952,0.742,0.914,0.481,0.391,0.417,0.523,0.569,0.632,0.681,0.355,0.209,0.77,0.866,0.075,0.851,0.461,0.205,0.333,0.547,0.077,0.58,0.86,0.446,0.403,0.441,0.975,0.292,0.393,0.993,0.085,0.523,0.218,0.788,0.311,0.397,0.633,0.304,0.475,0.833,0.215
292,0.42,0.162,0.351,0.896,0.802,0.234,0.979,0.409,0.615,0.324,0.242,0.046,0.457,0.427,0.091,0.497,0.39,0.685,0.581,0.287,0.785,0.685,0.204,0.848,0.137,0.611,0.27,0.338,0.91,0.187,0.351,0.399,0.349,0.073,0.593,0.09,0.847,0.085,0.776,0.963,0.575,0.775,0.544,0.333,0.044,0.528,0.381,0.021,0.088,0.74,0.086,0.38,0.642,0.146,0.839,0.598,0.495,0.915,0.701,0.646,0.864,0.704,0.869,0.838
294,0.739,0.43,0.046,0.174,0.588,0.593,0.613,0.739,0.595,0.326,0.18,0.666,0.193,0.219,0.253,0.268,0.987,0.348,0.05,0.763,0.467,0.489,0.431,0.787,0.784,0.088,0.428,0.457,0.846,0.286,0.742,0.002,0.037,0.311,0.377,0.53,0.706,0.012,0.622,0.049,0.759,0.025,0.291,0.403,0.826,0.474,0.284,0.009,0.189,0.424,0.176,0.663,0.512,0.499,0.756,0.874,0.82,0.295,0.272,0.533,0.385,0.228,0.848,0.902
296,0.911,0.338,0.738,0.799,0.526,0.896,0.189,0.841,0.08,0.763,0.726,0.217,0.318,0.196,0.837,0.518,0.238,0.999,0.183,0.686,0.756,0.966,0.897,0.312,0.468,0.619,0.361,0.92,0.521,0.483,0.735,0.538,0.061,0.573,0.594,0.606,0.159,0.112,0.094,0.185,0.619,0.021,0.7,0.909,0.481,0.317,0.106,0.322,0.798,0.769,0.796,0.559,0.582,0.337,0.548,0.279,0.502,0.43,0.908,0.327,0.651,0.947,0.726,0.315
298,0.433,0.695,0.261,0.476,0.523,0.804,0.097,0.948,0.39,0.248,0.088,0.929,0.019,0.3,0.277,0.674,0.768,0.321,0.14,0.266,0.745,0.479,0.151,0.251,0.404,0.595,0.275,0.562,0.917,0.528,0.099,0.541,0.876,0.538,0.48,0.558,0.352,0.326,0.875,0.069,0.988,0.497,0.336,0.0,0.245,0.644,0.992,0.748,0.134,0.875,0.731,0.536,0.95,0.82,0.588,0.864,0.403,0.879,0.161,0.677,0.742,0.744,0.159,0.322
300,0.317,0.235,0.072,0.068,0.383,0.097,0.929,0.091,0.369,0.193,0.712,0.865,0.676,0.065,0.173,0.825,0.884,0.263,0.115,0.821,0.303,0.774,0.09,0.315,0.696,0.148,0.169,0.38,0.168,0.201,0.002,0.207,0.061,0.487,0.683,0.184,0.777,0.722,0.395,0.51,0.821,0.408,0.067,0.866,0.914,0.94,0.434,0.459,0.711,0.882,0.313,0.893,0.273,0.093,0.359,0.742,0.464,0.274,0.094,0.811,0.366,0.779,0.943,0.898
302,0.823,0.334,0.994,0.025,0.517,0.259,0.492,0.028,0.549,0.47,0.18,0.123,0.534,0.465,0.742,0.387,0.72,0.207,0.065,0.012,0.714,0.495,0.226,0.417,0.363,0.278,0.05,0.211,0.597,0.436,0.698,0.352,0.491,0.645,0.671,0.852,0.128,0.989,0.02,0.436,0.44,0.756,0.006,0.691,0.967,0.94,0.191,0.041,0.156,0.301,0.33,0.922,0.989,0.19,0.556,0.214,0.831,0.724,0.833,0.988,0.343,0.488,0.214,0.679
304,0.738,0.045,0.324,0.459,0.689,0.845,0.042,0.947,0.975,0.787,0.841,0.245,0.509,0.418,0.948,0.384,0.618,0.202,0.302,0.215,0.441,0.464,0.115,0.432,0.91,0.579,0.672,0.271,0.673,0.281,0.113,0.152,0.356,0.275,0.146,0.862,0.674,0.63,0.523,0.62,0.129,0.72,0.286,0.398,0.997,0.413,0.284,0.15,0.981,0.365,0.026,0.751,0.013,0.238,0.043,0.035,0.816,0.003,0.47,0.108,0.817,0.085,0.645,0.72
306,0.842,0.8,0.247,0.109,0.033,0.964,0.489,0.661,0.099,0.535,0.955,0.438,0.117,0.008,0.4,0.587,0.376,0.33,0.637,0.568,0.463,0.405,0.229,0.745,0.775,0.535,0.782,0.689,0.121,0.693,0.765,0.748,0.737,0.887,0.557,0.811,0.706,0.987,0.312,0.817,0.088,0.901,0.521,0.456,0.565,0.931,0.478,0.634,0.636,0.681,0.6,0.056,0.051,0.733,0.002,0.269,0.661,0.695,0.938,0.308,0.35,0.269,0.904,0.771
308,0.443,0.443,0.947,0.684,0.75,0.274,0.395,0.386,0.304,0.498,0.875,0.616,0.536,0.584,0.896,0.199,0.438,0.573,0.092,0.835,0.503,0.624,0.656,0.155,0.368,0.71,0.797,0.513,0.249,0.986,0.325,0.388,0.42,0.987,0.172,0.613,0.052,0.193,0.134,0.544,0.513,0.501,0.125,0.12,0.675,0.715,0.236,0.183,0.255,0.472,0.637,0.579,0.977,0.92,0.529,0.127,0.436,0.355,0.001,0.646,0.144,0.688,0.603,0.955
310,0.561,0.86,0.643,0.328,0.357,0.582,0.215,0.632,0.388,0.055,0.036,0.965,0.118,0.528,0.859,0.634,0.306,0.903,0.476,0.202,0.974,0.447,0.415,0.146,0.663,0.719,0.111,0.791,0.762,0.08,0.248,0.399,0.582,0.37,0.061,0.2,0.668,0.349,0.723,0.247,0.283,0.911,0.724,0.452,0.321,0.544,0.281,0.284,0.514,0.996,0.638,0.348,0.388,0.337,0.391,0.422,0.488,0.464,0.572,0.884,0.057,0.28,0.971,0.156
312,0.8,0.953,0.17,0.356,0.797,0.597,0.647,0.784,0.905,0.514,0.911,0.82,0.442,0.481,0.827,0.595,0.491,0.674,0.724,0.936,0.625,0.583,0.425,0.849,0.603,0.264,0.02,0.061,0.522,0.817,0.794,0.974,0.972,0.362,0.729,0.28,0.611,0.623,0.915,0.892,0.432,0.167,0.5,0.62,0.581,0.895,0.449,0.723,0.574,0.426,0.845,0.82,0.367,0.423,0.669,0.105,0.328,0.662,0.031,0.687,0.59,0.864,0.56,0.232
314,0.591,0.936,0.829,0.831,0.694,0.517,0.117,0.321,0.672,0.989,0.419,0.056,0.227,0.383,0.48,0.172,0.121,0.35,0.502,0.046,0.809,0.806,0.348,0.387,0.54,0.769,0.153,0.088,0.672,0.478,0.449,0.593,0.638,0.121,0.381,0.102,0.655,0.309,0.674,0.013,0.268,0.32,0.573,0.149,0.672,0.631,0.79,0.812,0.443,0.34,0.924,0.945,0.821,0.12,0.026,0.129,0.762,0.346,0.62,0.695,0.162,0.698,0.677,0.609
316,0.381,0.253,0.4,0.009,0.635,0.072,0.406,0.299,0.178,0.658,0.036,0.994,0.384,0.49,0.12,0.445,0.328,0.276,0.925,0.244,0.57,0.346,0.062,0.069,0.209,0.686,0.655,0.15,0.215,0.577,0.02,0.665,0.925,0.193,0.231,0.184,0.275,0.335,0.458,0.196,0.375,0.856,0.62,0.249,0.571,0.81,0.406,0.5,0.307,0.918,0.651,0.492,0.391,0.586,0.839,0.854,0.251,0.862,0.413,0.476,0.178,0.559,0.618,0.363
318,0.361,0.052,0.596,0.387,0.621,0.094,0.076,0.26,0.522,0.688,0.666,0.149,0.491,0.534,0.237,0.924,0.551,0.805,0.262,0.922,0.947,0.679,0.118,0.429,0.669,0.212,0.14,0.916,0.594,0.525,0.663,0.258,0.247,0.187,0.463,0.126,0.885,0.225,0.631,0.273,0.554,0.767,0.086,0.124,0.59,0.561,0.24,0.778,0.056,0.936,0.528,0.53,0.427,0.924,0.802,0.209,0.677,0.987,0.628,0.181,0.14,0.748,0.595,0.104
320,0.836,0.175,0.599,0.631,0.253,0.714,0.682,0.805,0.669,0.259,0.131,0.799,0.09,0.868,0.544,0.689,0.319,0.517,0.819,0.753,0.39,0.287,0.305,0.57,0.829,0.837,0.49,0.856,0.003,0.904,0.899,0.247,0.176,0.872,0.108,0.662,0.997,0.632,0.601,0.649,0.405,0.752,0.839,0.085,0.778,0.577,0.831,0.706,0.968,0.973,0.219,0.426,0.89,0.626,0.981,0.734,0.612,0.98,0.402,0.711,0.57,0.463,0.679,0.212
322,0.508,0.464,0.756,0.203,0.194,0.049,0.694,0.105,0.283,0.933,0.031,0.027,0.288,0.15,0.171,0.95,0.837,0.768,0.543,0.389,0.951,0.042,0.461,0.597,0.003,0.861,0.433,0.561,0.733,0.659,0.657,0.578,0.606,0.835,0.308,0.648,0.969,0.756,0.757,0.827,0.275,0.312,0.312,0.508,0.439,0.817,0.293,0.011,0.709,1.0,0.683,0.929,0.178,0.47,0.851,0.865,0.259,0.192,0.817,0.833,0.441,0.733,0.203,0.715
324,0.794,0.447,0.023,0.262,0.2,0.366,0.954,0.849,0.061,0.931,0.918,0.606,0.617,0.729,0.258,0.409,0.213,0.46,0.703,0.021,0.668,0.27,0.822,0.366,0.953,0.704,0.652,0.421,0.519,0.666,0.279,0.474,0.468,0.242,0.199,0.895,0.087,0.298,0.098,0.226,0.468,0.524,0.164,0.916,0.661,0.637,0.956,0.732,0.883,0.567,0.052,0.99,0.16,0.199,0.925,0.35,0.524,0.306,0.345,0.504,0.189,0.992,0.338,0.845
326,0.311,0.57,0.96,0.327,0.065,0.019,0.894,0.722,0.263,0.444,0.982,0.31,0.781,0.911,0.26,0.297,0.183,0.133,0.744,0.435,0.484,0.258,0.683,0.769,0.153,0.09,0.4,0.017,0.152,0.445,0.729,0.886,0.496,0.769,0.737,0.845,0.557,0.278,0.848,0.572,0.372,0.002,0.576,0.101,0.366,0.747,0.457,0.753,0.08,0.796,0.153,0.085,0.082,0.182,0.527,0.315,0.372,0.339,0.239,0.681,0.963,0.146,0.52,0.145
328,0.349,0.329,0.876,0.474,0.455,0.788,0.819,0.767,0.444,0.808,0.999,0.676,0.533,0.674,0.797,0.182,0.33,0.898,0.6,0.224,0.131,0.057,0.59,0.871,0.286,0.046,0.842,0.287,0.055,0.01,0.916,0.01,0.666,0.544,0.608,0.309,0.372,0.165,0.833,0.936,0.435,0.891,0.84,0.961,0.33,0.821,0.085,0.761,0.726,0.01,0.355,0.47,0.127,0.51,0.345,0.367,0.04,0.567,0.455,0.602,0.147,0.551,0.642,0.125
330,0.212,0.291,0.34,0.434,0.258,0.098,0.637,0.569,0.979,0.281,0.825,0.947,0.698,0.077,0.782,0.264,0.007,0.409,0.008,0.32,0.617,0.971,0.987,0.043,0.769,0.148,0.548,0.07,0.06,0.591,0.908,0.022,0.411,0.357,0.628,0.493,0.352,0.967,0.99,0.683,0.64,0.754,0.016,0.039,0.245,0.93,0.327,0.051,0.946,0.753,0.282,0.585,0.197,0.869,0.046,0.247,0.094,0.412,0.44,0.31,0.713,0.911,0.788,0.371
332,0.327,0.482,0.319,0.359,0.378,0.126,0.642,0.719,0.675,0.836,0.208,0.427,0.367,0.876,0.07,0.72,0.817,0.74,0.577,0.719,0.232,0.125,0.596,0.989,0.067,0.343,0.827,0.318,0.019,0.758,0.361,0.156,0.956,0.125,0.375,0.355,0.897,0.731,0.848,0.657,0.243,0.679,0.119,0.825,0.41,0.692,0.122,0.225,0.386,0.018,0.876,0.404,0.887,0.725,0.331,0.614,0.297,0.133,0.134,0.839,0.549,0.609,0.383,0.822
334,0.609,0.197,0.256,0.248,0.234,0.103,0.932,0.295,0.49,0.349,0.863,0.204,0.706,0.594,0.908,0.879,0.267,0.43,0.694,0.108,0.26,0.508,0.294,0.857,0.192,0.819,0.737,0.663,0.121,0.733,0.724,0.307,0.622,0.933,0.237,0.716,0.736,0.412,0.907,0.857,0.833,0.246,0.078,0.446,0.687,0.01,0.141,0.685,0.119,0.203,0.544,0.252,0.045,0.306,0.502,0.485,0.66,0.122,0.194,0.147,0.51,0.515,0.467,0.312
336,0.793,0.275,0.082,0.299,0.714,0.448,0.162,0.542,0.715,0.769,0.717,0.681,0.732,0.091,0.989,0.706,0.658,0.568,0.135,0.921,0.009,0.222,0.487,0.031,0.877,0.982,0.191,0.196,0.379,0.406,0.7,0.144,0.24,0.32,0.609,0.809,0.02,0.062,0.852,0.157,0.021,0.708,0.29,0.505,0.923,0.612,0.348,0.132,0.113,0.665,0.28,0.041,0.899,0.552,0.236,0.548,0.187,0.965,0.815,0.483,0.829,0.992,0.14,0.932
338,0.26,0.641,0.655,0.985,0.195,0.44,0.91,0.257,0.918,0.396,0.427,0.857,0.948,0.171,0.115,0.798,0.24,0.317,0.251,0.925,0.738,0.386,0.338,0.903,0.174,0.901,0.101,0.906,0.381,0.123,0.581,0.819,0.064,0.851,0.185,0.744,0.233,0.811,0.825,0.211,0.492,0.518,0.853,0.967,0.818,0.926,0.657,0.14,0.329,0.758,0.579,0.47,0.275,0.376,0.503,0.04,0.758,0.336,0.293,0.841,0.805,0.23,0.059,0.84
340,0.922,0.684,0.352,0.407,0.973,0.748,0.401,0.767,0.194,0.592,0.243,0.002,0.58,0.91,0.109,0.252,0.996,0.023,0.394,0.711,0.971,0.796,0.388,0.017,0.525,0.208,0.781,0.048,0.579,0.434,0.323,0.757,0.355,0.426,0.229,0.472,0.137,0.134,0.913,0.192,0.923,0.809,0.426,0.129,0.312,0.027,0.35,0.876,0.828,0.994,0.093,0.42,0.208,0.755,0.791,0.077,0.493,0.046,0.506,0.917,0.262,0.292,0.665,0.782
342,0.08,0.189,0.986,0.866,0.489,0.026,0.714,0.304,0.42,0.838,0.898,0.872,0.919,0.092,0.524,0.061,0.043,0.335,0.525,0.552,0.419,0.231,0.675,0.257,0.622,0.681,0.62,0.783,0.373,0.245,0.869,0.323,0.642,0.778,0.331,0.114,0.19,0.509,0.674,0.48,0.302,0.138,0.633,0.597,0.239,0.432,0.061,0.778,0.164,0.82,0.03,0.577,0.89,0.207,0.045,0.158,0.405,0.966,0.734,0.535,0.96,0.152,0.948,0.828
344,0.888,0.204,0.684,0.734,0.756,0.601,0.631,0.989,0.203,0.921,0.055,0.718,0.705,0.391,0.687,0.69,0.58,0.886,0.302,0.628,0.315,0.32,0.485,0.268,0.096,0.419,0.408,0.471,0.642,0.833,0.665,0.519,0.312,0.157,0.758,0.872,0.243,0.219,0.179,0.381,0.501,0.617,0.822,0.304,0.553,0.458,0.131,0.817,0.157,0.415,0.835,0.792,0.473,0.473,0.8,0.079,0.221,0.372,0.509,0.942,0.028,0.287,0.88,0.513
346,0.572,0.081,0.416,0.924,0.416,0.008,0.412,0.278,0.263,0.76,0.234,0.763,0.648,0.215,0.685,0.11,0.868,0.054,0.342,0.733,0.66,0.742,0.953,0.044,0.427,0.882,0.469,0.834,0.967,0.833,0.302,0.535,0.937,0.922,0.275,0.359,0.303,0.971,0.627,0.973,0.163,0.605,0.813,0.328,0.359,0.088,0.401,0.479,0.491,0.354,0.57,0.454,0.092,0.484,0.587,0.988,0.771,0.709,0.429,0.903,0.158,0.397,0.974,0.048
348,0.285,0.485,0.546,0.499,0.959,0.082,0.113,0.187,0.154,0.347,0.774,0.636,0.41,0.827,0.844,0.661,0.013,0.453,0.232,0.819,0.156,0.639,0.602,0.414,0.874,0.789,0.724,0.673,0.889,0.222,0.203,0.005,0.056,0.612,0.888,0.389,0.712,0.414,0.405,0.655,0.25,0.214,0.967,0.17,0.111,0.732,0.771,0.229,0.037,0.471,0.255,0.2,0.954,0.375,0.949,0.897,0.275,0.858,0.103,0.172,0.57,0.097,0.717,0.851
350,0.903,0.565,0.455,0.486,0.442,0.433,0.465,0.256,0.689,0.908,0.2,0.684,0.958,0.571,0.188,0.191,0.924,0.403,0.939,0.466,0.824,0.528,0.23,0.127,0.676,0.438,0.385,0.565,0.441,0.282,0.969,0.738,0.11,0.179,0.088,0.972,0.402,0.767,0.494,0.206,0.146,0.879,0.074,0.972,0.26,0.977,0.19,0.669,0.877,0.739,0.389,0.727,0.646,0.306,0.773,0.592,0.399,0.67,0.717,0.057,0.413,0.001,0.499,0.355
352,0.653,0.55,0.022,0.978,0.121,0.358,0.778,0.76,0.981,0.568,0.689,0.703,0.491,0.062,0.124,0.647,0.118,0.933,0.177,0.223,0.865,0.228,0.292,0.563,0.717,0.376,0.567,0.64,0.014,0.612,0.844,0.051,0.941,0.326,0.104,0.875,0.274,0.973,0.476,0.896,0.043,0.403,0.245,0.8,0.832,0.235,0.04,0.82,0.796,0.626,0.683,0.139,0.887,0.379,0.493,0.385,0.966,0.805,0.672,0.306,0.68,0.492,0.409,0.235
354,0.348,0.835,0.329,0.023,0.162,0.265,0.317,0.205,0.139,0.216,0.749,0.399,0.117,0.887,0.775,0.388,0.91,0.614,0.34,0.197,0.041,0.604,0.764,0.272,0.894,0.164,0.885,0.338,0.477,0.949,0.892,0.073,0.577,0.099,0.69,0.216,0.255,0.483,0.149,0.007,0.404,0.375,0.451,0.125,0.679,0.258,0.4,0.926,0.758,0.019,0.773,0.06,0.748,0.469,0.268,0.374,0.384,0.6,0.507,0.719,0.104,0.283,0.166,0.296
356,0.139,0.662,0.886,0.781,0.637,0.807,0.034,0.606,0.009,0.294,0.366,0.159,0.694,0.826,0.14,0.203,0.104,0.026,0.618,0.906,0.235,0.123,0.305,0.506,0.716,0.492,0.232,0.44,0.837,0.82,0.972,0.469,0.631,0.517,0.748,0.554,0.087,0.08,0.411,0.499,0.3,0.944,0.437,0.918,0.948,0.675,0.521,0.282,0.316,0.534,0.569,0.615,0.016,0.588,0.732,0.835,0.846,0.818,0.811,0.164,0.046,0.826,0.346,0.718
358,0.864,0.241,0.021,0.29,0.383,0.527,0.713,0.557,0.813,0.394,0.836,0.494,0.953,0.642,0.591,0.879,0.473,0.842,0.935,0.443,0.031,0.858,0.199,0.427,0.681,0.476,0.594,0.385,0.389,0.873,0.063,0.057,0.293,0.572,0.221,0.84,0.874,0.649,0.32,0.135,0.175,0.895,0.144,0.104,0.892,0.061,0.778,0.361,0.221,0.563,0.44,0.21,0.053,0.695,0.492,0.363,0.278,0.592,0.808,0.145,0.319,0.173,0.138,0.823
360,0.621,0.104,0.851,0.564,0.397,0.475,0.816,0.382,0.488,0.716,0.581,0.811,0.68,0.459,0.519,0.394,0.29,0.368,0.655,0.477,0.147,0.199,0.073,0.288,0.605,0.444,0.279,0.49,0.529,0.497,0.283,0.681,0.957,0.737,0.712,0.454,0.019,0.414,0.911,0.463,0.424,0.646,0.905,0.933,0.818,0.832,0.614,0.414,0.614,0.27,0.697,0.984,0.527,0.626,0.057,0.996,0.979,0.41,0.217,0.35,0.625,0.907,0.677,0.878
362,0.761,0.058,0.675,0.34,0.725,0.169,0.727,0.698,0.199,0.13,0.463,0.599,0.659,0.294,0.295,0.441,0.247,0.792,0.039,0.685,0.39,0.563,0.892,0.309,0.613,0.779,0.804,0.147,0.123,0.981,0.125,0.213,0.431,0.237,0.685,0.774,0.867,0.506,0.399,0.374,0.353,0.322,0.093,0.048,0.927,0.733,0.89,0.315,0.581,0.226,0.625,0.42,0.913,0.543,0.178,0.942,0.255,0.304,0.725,0.859,0.897,0.458,0.322,0.187
364,0.85,0.582,0.286,0.909,0.799,0.27,0.004,0.886,0.401,0.907,0.802,0.448,0.342,0.895,0.284,0.137,0.707,0.108,0.143,0.111,0.839,0.129,0.065,0.742,0.374,0.405,0.024,0.243,0.049,0.022,0.054,0.049,0.588,0.065,0.296,0.228,0.899,0.421,0.408,0.867,0.158,0.395,0.855,0.762,0.337,0.563,0.468,0.994,0.975,0.099,0.618,0.824,0.334,0.89,0.47,0.543,0.86,0.841,0.788,0.941,0.049,0.812,0.944,0.189
366,0.453,0.522,0.924,0.528,0.551,0.987,0.238,0.952,0.073,0.439,0.591,0.294,0.956,0.764,0.674,0.785,0.672,0.301,0.121,0.972,0.82,0.847,0.375,0.135,0.694,0.519,0.989,0.579,0.123,0.361,0.645,0.755,0.093,0.267,0.33,0.485,0.907,0.955,0.56,0.99,0.45,0.734,0.491,0.757,0.106,0.328,0.559,0.331,0.338,0.836,0.339,0.473,0.354,0.666,0.487,0.555,0.79,0.43,0.982,0.7,0.86,0.318,0.911,0.625
368,0.491,0.401,0.066,0.399,0.162,0.741,0.848,0.894,0.883,0.978,0.867,0.193,0.655,0.482,0.07,0.706,0.716,0.605,0.978,0.435,0.819,0.108,0.468,0.253,0.34,0.283,0.315,0.613,0.85,0.29,0.877,0.701,0.859,0.211,0.536,0.236,0.832,0.441,0.515,0.691,0.375,0.048,0.464,0.28,0.44,0.16,0.907,0.644,0.588,0.804,0.374,0.355,0.944,0.066,0.353,0.949,0.58,0.885,0.82,0.553,0.327,0.629,0.338,0.185
370,0.388,0.41,0.207,0.867,0.055,0.595,0.453,0.991,0.876,0.547,0.038,0.938,0.714,0.316,0.856,0.438,0.235,0.086,0.818,0.9,0.182,0.662,0.329,0.048,0.535,0.275,0.364,0.557,0.481,0.911,0.656,0.164,0.782,0.053,0.477,0.782,0.189,0.693,0.945,0.672,0.989,0.165,0.797,0.557,0.477,0.757,0.333,0.947,0.611,0.539,0.637,0.428,0.591,0.092,0.405,0.53,0.705,0.212,0.677,0.943,0.677,0.487,0.527,0.817
372,0.389,0.258,0.882,0.601,0.196,0.253,0.516,0.483,0.564,0.941,0.134,0.549,0.267,0.06,0.954,0.795,0.778,0.645,0.845,0.459,0.711,0.356,0.237,0.398,0.619,0.417,0.101,0.209,0.299,0.183,0.668,0.413,0.02,0.676,0.836,0.195,0.498,0.376,0.324,0.54,0.781,0.12,0.749,0.011,0.597,0.546,0.32,0.155,0.699,0.545,0.683,0.095,0.293,0.089,0.458,0.889,0.643,0.525,0.049,0.759,0.425,0.632,0.422,0.978
374,0.052,0.349,0.122,0.184,0.291,0.732,0.575,0.384,0.173,0.975,0.785,0.876,0.011,0.822,0.401,0.273,0.286,0.459,0.183,0.947,0.193,0.447,0.012,0.02,0.712,0.669,0.2,0.007,0.868,0.561,0.279,0.761,0.938,0.601,0.986,0.127,0.541,0.191,0.215,0.338,0.408,0.977,0.234,0.036,0.917,0.808,0.079,0.384,0.77,0.272,0.771,0.823,0.529,0.087,0.224,0.36,0.39,0.73,0.5,0.165,0.578,0.448,0.113,0.137
376,0.038,0.524,0.294,0.479,0.89,0.641,0.542,0.16,0.848,0.318,0.851,0.606,0.265,0.369,0.553,0.014,0.077,0.787,0.85,0.09,0.299,0.974,0.973,0.853,0.901,0.431,0.682,0.551,0.059,0.911,0.257,0.983,0.729,0.548,0.529,0.533,0.546,0.488,0.77,0.388,0.963,0.895,0.133,0.194,0.553,0.002,0.528,0.494,0.09,0.525,0.447,0.035,0.657,0.793,0.691,0.804,0.142,0.151,0.079,0.855,0.397,0.088,0.066,0.081
378,0.83,0.262,0.848,0.473,0.297,0.602,0.887,0.009,0.925,0.645,0.229,0.456,0.227,0.223,0.802,0.444,0.483,0.646,0.426,0.149,0.632,0.454,0.415,0.352,0.789,0.199,0.037,0.76,0.204,0.21,0.798,0.745,0.505,0.4,0.894,0.482,0.748,0.67,0.83,0.586,0.536,0.834,0.737,0.471,0.022,0.874,0.833,0.94,0.534,0.758,0.302,0.467,0.66,0.156,0.256,0.583,0.776,0.881,0.714,0.754,0.128,0.415,0.853,0.84
380,0.944,0.026,0.626,0.775,0.293,0.227,0.345,0.79,0.979,0.33,0.311,0.779,0.949,0.308,0.271,0.332,0.127,0.97,0.383,0.785,0.337,0.622,0.999,0.879,0.475,0.935,0.191,0.738,0.393,0.561,0.106,0.06,0.406,0.282,0.717,0.981,0.048,0.131,0.775,0.67,0.417,0.79,0.654,0.305,0.049,0.629,0.569,0.393,0.352,0.058,0.84,0.98,0.481,0.096,0.798,0.882,0.104,0.004,0.876,0.432,0.524,0.925,0.259,0.723
382,0.147,0.119,0.453,0.293,0.124,0.319,0.27,0.396,0.225,0.771,0.472,0.553,0.614,0.143,0.097,0.232,0.303,0.848,0.568,0.475,0.186,0.819,0.286,0.284,0.233,0.584,0.238,0.912,0.713,0.679,0.477,0.179,0.194,0.233,0.547,0.359,0.024,0.242,0.186,0.466,0.109,0.461,0.824,0.605,0.267,0.44,0.591,0.951,0.48,0.243,0.384,0.813,0.105,0.475,0.578,0.927,0.889,0.492,0.865,0.639,0.209,0.706,0.666,0.793
384,0.506,0.74,0.644,0.142,0.581,0.834,0.359,0.952,0.13,0.525,0.593,0.501,0.262,0.373,0.187,0.482,0.344,0.389,0.136,0.233,0.688,0.433,0.354,0.677,0.849,0.758,0.689,0.499,0.363,0.522,0.538,0.468,0.976,0.481,0.06,0.34,0.029,0.39,0.589,0.09,0.644,0.07,0.42,0.215,0.6,0.201,0.76,0.561,0.567,0.09,0.123,0.502,0.339,0.166,0.944,0.742,0.791,0.974,0.809,0.706,0.719,0.293,0.253,0.235
386,0.633,0.276,0.802,0.945,0.895,0.484,0.177,0.693,0.956,0.868,0.724,0.839,0.706,0.695,0.665,0.918,0.203,0.891,0.994,0.177,0.298,0.823,0.092,0.759,0.945,0.529,0.54,0.44,0.743,0.812,0.355,0.738,0.591,0.703,0.659,0.877,0.577,0.454,0.528,0.779,0.123,0.428,0.43,0.308,0.683,0.394,0.407,0.251,0.923,0.677,0.889,0.222,0.184,0.469,0.075,0.361,0.954,0.839,0.956,0.391,0.225,0.882,0.426,0.195
388,0.366,0.812,0.714,0.651,0.468,0.037,0.636,0.302,0.016,0.046,0.339,0.557,0.354,0.159,0.664,0.043,0.485,0.433,0.593,0.628,0.147,0.708,0.822,0.917,0.864,0.383,0.559,0.124,0.601,0.119,0.286,0.122,0.749,0.45,0.646,0.275,0.839,0.14,0.84,0.568,0.25,0.687,0.824,0.949,0.689,0.092,0.017,0.082,0.511,0.303,0.662,0.3,0.93,0.142,0.213,0.956,0.874,0.793,0.93,0.173,0.794,0.28,0.556,0.821
390,0.059,0.993,0.775,0.798,0.878,0.682,0.97,0.17,0.255,0.23,0.213,0.054,0.888,0.246,0.108,0.888,0.993,0.591,0.981,0.453,0.747,0.448,0.176,0.819,0.685,0.535,0.932,0.39,0.497,0.021,0.767,0.391,0.268,0.822,0.003,0.085,0.237,0.622,0.283,0.637,0.939,0.628,0.998,0.12,0.848,0.181,0.962,0.443,0.639,0.278,0.074,0.238,0.801,0.54,0.828,0.024,0.734,0.009,0.665,0.839,0.612,0.07,0.264,0.794
392,0.765,0.143,0.691,0.999,0.723,0.796,0.828,0.76,0.674,0.024,0.565,0.148,0.553,0.398,0.052,0.09,0.148,0.304,0.701,0.175,0.445,0.068,0.383,0.537,0.22,0.532,0.93,0.808,0.379,0.821,0.602,0.424,0.475,0.559,0.803,0.392,0.154,0.097,0.342,0.772,0.017,0.691,0.111,0.059,0.713,0.571,0.513,0.581,0.984,0.65,0.242,0.003,0.577,0.313,0.472,0.463,0.564,0.509,0.293,0.339,0.733,0.286,0.395,0.618
394,0.03,0.96,0.384,0.026,0.002,0.427,0.739,0.602,0.398,0.515,0.087,0.306,0.235,0.054,0.905,0.331,0.358,0.434,0.112,0.838,0.97,0.163,0.471,0.705,0.942,0.05,0.22,0.57,0.89,0.156,0.231,0.71,0.699,0.993,0.394,0.07,0.372,0.491,0.308,0.413,0.375,0.397,0.0,0.296,0.15,0.429,0.014,0.751,0.034,0.136,0.147,0.741,0.939,0.829,0.855,0.856,0.462,0.374,0.924,0.028,0.538,0.841,0.507,0.825
396,0.071,0.153,0.405,0.432,0.511,0.79,0.937,0.478,0.48,0.96,0.619,0.596,0.163,0.121,0.082,0.65,0.996,0.402,0.521,0.008,0.782,0.169,0.921,0.528,0.998,0.483,0.035,0.54,0.914,0.522,0.045,0.192,0.769,0.647,0.185,0.274,0.394,0.256,0.75,0.837,0.066,0.45,0.705,0.664,0.053,0.026,0.87,0.899,0.069,0.596,0.433,0.949,0.717,0.86,0.111,0.478,0.548,0.495,0.116,0.818,0.73,0.708,0.425,0.894
398,0.406,0.04,0.015,0.737,0.548,0.696,0.768,0.491,0.015,0.552,0.88,0.766,0.289,0.186,0.665,0.615,0.639,0.522,0.089,0.862,0.148,0.299,0.619,0.912,0.121,0.83,0.351,0.338,0.44,0.871,0.46,0.223,0.876,0.775,0.683,0.992,0.167,0.092,0.404,0.381,0.616,0.772,0.095,0.09,0.5,0.283,0.643,0.12,0.438,0.361,0.987,0.928,0.849,0.831,0.367,0.522,0.019,0.913,0.514,0.401,0.796,0.905,0.687,0.823
