time,CP6,F7,CP2,FT8,P1,PO8,P9,P4,CPz,P6,FT7,AF8,Fp2,P2,CP5,Pz,O1,FC5,F8,P5,Oz,FC3,P3,PO7,F5,FC2,TP8,CP1,TP7,POz,CP3,T8,Fp1,FC1,F10,F1,C3,T7,C1,C2,C4,FC4,C6,C5,F2,F6,AF3,PO4,P10,P8,P7,PO3,Fz,AF7,FCz,CP4,F4,AF4,Cz,FC6,F9,F3,O2,AFz
-100,0.267,0.6,0.259,0.616,0.89,0.827,0.997,0.665,0.617,0.942,0.745,0.598,0.332,0.174,0.565,0.568,0.934,0.226,0.421,0.497,0.647,0.853,0.333,0.006,0.927,0.789,0.118,0.834,0.847,0.085,0.908,0.874,0.976,0.066,0.455,0.03,0.658,0.944,0.924,0.988,0.031,0.028,0.741,0.385,0.036,0.341,0.391,0.679,0.608,0.879,0.718,0.507,0.003,0.406,0.886,0.521,0.619,0.447,0.106,0.781,0.143,0.66,0.312,0.914
-98,0.31,0.286,0.831,0.45,0.997,0.491,0.096,0.355,0.045,0.981,0.312,0.593,0.579,0.865,0.872,0.41,0.385,0.963,0.977,0.729,0.018,0.391,0.671,0.018,0.844,0.932,0.693,0.791,0.697,0.858,0.997,0.822,0.884,0.697,0.059,0.522,0.499,0.749,0.771,0.677,0.245,0.271,0.726,0.688,0.411,0.025,0.356,0.387,0.72,0.004,0.428,0.069,0.031,0.149,0.78,0.114,0.994,0.166,0.966,0.512,0.815,0.459,0.746,0.177
-96,0.101,0.597,0.469,0.36,0.167,0.777,0.983,0.674,0.168,0.419,0.138,0.543,0.461,0.196,0.809,0.779,0.415,0.133,0.549,0.514,0.258,0.878,0.916,0.875,0.769,0.369,0.861,0.555,0.057,0.243,0.008,0.289,0.49,0.048,0.191,0.446,0.121,0.314,0.627,0.287,0.499,0.288,0.506,0.527,0.335,0.509,0.855,0.383,0.806,0.614,0.79,0.103,0.826,0.182,0.315,0.282,0.065,0.473,0.237,0.147,0.139,0.443,0.839,0.025
-94,0.817,0.767,0.532,0.046,0.588,0.715,0.99,0.809,0.053,0.568,0.187,0.893,0.534,0.962,0.655,0.734,0.664,0.046,0.453,0.974,0.871,0.887,0.448,0.921,0.685,0.792,0.004,0.737,0.093,0.349,0.93,0.994,0.146,0.791,0.662,0.229,0.78,0.897,0.042,0.663,0.732,0.753,0.89,0.785,0.691,0.993,0.408,0.303,0.862,0.545,0.227,0.809,0.728,0.986,0.588,0.051,0.819,0.428,0.063,0.953,0.901,0.599,0.838,0.718
-92,0.745,0.422,0.667,0.446,0.848,0.236,0.17,0.919,0.806,0.208,0.078,0.103,0.566,0.43,0.497,0.739,0.357,0.248,0.35,0.066,0.808,0.903,0.027,0.351,0.356,0.514,0.99,0.23,0.755,0.459,0.583,0.958,0.115,0.477,0.767,0.229,0.916,0.695,0.283,0.827,0.541,0.191,0.627,0.531,0.159,0.903,0.003,0.073,0.736,0.646,0.837,0.626,0.542,0.743,0.789,0.846,0.954,0.808,0.231,0.33,0.135,0.802,0.124,0.282
-90,0.781,0.663,0.447,0.818,0.027,0.153,0.743,0.878,0.582,0.358,0.847,0.502,0.889,0.037,0.2,0.282,0.89,0.35,0.84,0.727,0.769,0.574,0.132,0.252,0.792,0.11,0.065,0.588,0.305,0.221,0.599,0.479,0.504,0.744,0.0,0.833,0.046,0.534,0.292,0.314,0.016,0.02,0.803,0.712,0.981,0.893,0.725,0.167,0.039,0.815,0.84,0.82,0.068,0.427,0.135,0.59,0.927,0.516,0.148,0.917,0.675,0.662,0.755,0.278
-88,0.646,0.162,0.388,0.317,0.087,0.027,0.549,0.126,0.976,0.419,0.761,0.567,0.362,0.866,0.767,0.739,0.241,0.933,0.22,0.294,0.876,0.919,0.081,0.646,0.025,0.922,0.914,0.06,0.715,0.166,0.719,0.095,0.36,0.97,0.127,0.428,0.484,0.193,0.39,0.298,0.077,0.603,0.018,0.247,0.068,0.556,0.485,0.098,0.888,0.999,0.594,0.208,0.929,0.886,0.562,0.472,0.629,0.541,0.601,0.485,0.746,0.325,0.85,0.044
-86,0.439,0.683,0.295,0.35,0.914,0.659,0.926,0.854,0.805,0.936,0.19,0.502,0.041,0.677,0.177,0.936,0.607,0.411,0.055,0.538,0.802,0.27,0.956,0.082,0.526,0.94,0.543,0.787,0.235,0.669,0.545,0.321,0.656,0.269,0.955,0.324,0.045,0.937,0.109,0.298,0.879,0.823,0.225,0.764,0.307,0.676,0.463,0.434,0.001,0.25,0.089,0.977,0.186,0.888,0.788,0.359,0.381,0.34,0.319,0.852,0.527,0.653,0.488,0.315
-84,0.436,0.166,0.197,0.844,0.933,0.923,0.001,0.598,0.984,0.251,0.232,0.015,0.108,0.495,0.646,0.711,0.606,0.004,0.407,0.931,0.395,0.714,0.094,0.69,0.472,0.742,0.864,0.749,0.012,0.662,0.249,0.901,0.505,0.344,0.787,0.064,0.839,0.109,0.167,0.92,0.103,0.001,0.819,0.226,0.753,0.811,0.324,0.751,0.405,0.632,0.692,0.879,0.701,0.452,0.07,0.65,0.252,0.408,0.838,0.759,0.148,0.69,0.026,0.744
-82,0.441,0.113,0.733,0.588,0.624,0.237,0.051,0.075,0.052,0.495,0.678,0.825,0.203,0.377,0.277,0.214,0.851,0.844,0.013,0.044,0.484,0.093,0.166,0.052,0.635,0.694,0.12,0.909,0.584,0.262,0.157,0.304,0.175,0.618,0.113,0.187,0.713,0.875,0.365,0.905,0.493,0.185,0.064,0.759,0.765,0.094,0.239,0.12,0.304,0.007,0.293,0.214,0.719,0.899,0.184,0.938,0.754,0.94,0.578,0.814,0.231,0.336,0.658,0.608
-80,0.515,0.824,0.868,0.062,0.062,0.249,0.706,0.371,0.267,0.319,0.314,0.801,0.836,0.394,0.894,0.345,0.398,0.608,0.82,0.655,0.476,0.982,0.717,0.715,0.126,0.355,0.689,0.182,0.801,0.608,0.292,0.615,0.739,0.695,0.447,0.499,0.946,0.487,0.96,0.248,0.639,0.212,0.742,0.86,0.718,0.642,0.942,0.362,0.112,0.568,0.308,0.365,0.346,0.233,0.275,0.315,0.4,0.283,0.297,0.029,0.832,0.643,0.444,0.14
-78,0.685,0.533,0.572,0.284,0.84,0.15,0.912,0.022,0.544,0.213,0.1,0.492,0.278,0.012,0.549,0.147,0.813,0.667,0.563,0.837,0.307,0.041,0.616,0.815,0.08,0.204,0.12,0.767,0.464,0.045,0.246,0.547,0.31,0.336,0.656,0.142,0.622,0.338,0.123,0.034,0.748,0.736,0.254,0.926,0.983,0.528,0.502,0.587,0.905,0.381,0.961,0.557,0.039,0.484,0.746,0.913,0.075,0.364,0.089,0.845,0.71,0.542,0.731,0.488
-76,0.611,0.692,0.792,0.909,0.266,0.723,0.075,0.917,0.854,0.837,0.987,0.291,0.358,0.253,0.11,0.999,0.149,0.062,0.414,0.976,0.871,0.754,0.221,0.685,0.529,0.785,0.985,0.746,0.439,0.56,0.474,0.557,0.571,0.849,0.326,0.02,0.62,0.28,0.968,0.891,0.465,0.631,0.963,0.857,0.184,0.549,0.147,0.701,0.808,0.573,0.097,0.895,0.24,0.96,0.102,0.122,0.252,0.811,0.65,0.564,0.18,0.792,0.237,0.809
-74,0.868,0.231,0.571,0.707,0.242,0.372,0.457,0.638,0.417,0.12,0.226,0.014,0.562,0.503,0.885,0.319,0.667,0.084,0.154,0.272,0.127,0.958,0.87,0.602,0.606,0.984,0.404,0.169,0.778,0.851,0.344,0.867,0.376,0.486,0.251,0.62,0.563,0.342,0.959,0.24,0.658,0.148,0.629,0.123,0.74,0.224,0.351,0.065,0.761,0.912,0.476,0.759,0.671,0.639,0.952,0.589,0.829,0.058,0.61,0.899,0.361,0.271,0.636,0.534
-72,0.054,0.189,0.532,0.9,0.827,0.582,0.333,0.767,0.849,0.118,0.657,0.872,0.062,0.538,0.613,0.057,0.382,0.903,0.07,0.339,0.061,0.12,0.192,0.47,0.831,0.365,0.242,0.96,0.062,0.167,0.288,0.266,0.504,0.663,0.667,0.763,0.214,0.136,0.204,0.903,0.291,0.953,0.217,0.076,0.46,0.419,0.097,0.953,0.094,0.212,0.719,0.718,0.407,0.53,0.083,0.785,0.499,0.493,0.796,0.682,0.349,0.218,0.595,0.997
-70,0.613,0.409,0.033,0.046,0.057,0.022,0.488,0.867,0.812,0.286,0.103,0.746,0.792,0.848,0.402,0.815,0.012,0.608,0.452,0.422,0.192,0.764,0.75,0.093,0.116,0.399,0.117,0.907,0.365,0.878,0.75,0.129,0.759,0.001,0.968,0.554,0.094,0.823,0.449,0.732,0.052,0.464,0.504,0.662,0.975,0.686,0.063,0.722,0.813,0.531,0.556,0.576,0.853,0.117,0.961,0.029,0.899,0.434,0.025,0.137,0.062,0.998,0.971,0.149
-68,0.869,0.311,0.994,0.337,0.871,0.593,0.487,0.347,0.641,0.516,0.396,0.173,0.381,0.022,0.346,0.858,0.135,0.305,0.165,0.443,0.483,0.613,0.066,0.447,0.883,0.945,0.993,0.152,0.265,0.119,0.778,0.859,0.921,0.036,0.617,0.721,0.278,0.368,0.002,0.105,0.896,0.966,0.01,0.158,0.656,0.634,0.193,0.027,0.868,0.685,0.859,0.093,0.876,0.9,0.694,0.522,0.722,0.728,0.188,0.682,0.71,0.843,0.902,0.837
-66,0.345,0.028,0.24,0.032,0.823,0.559,0.955,0.742,0.624,0.203,0.937,0.17,0.839,0.722,0.821,0.184,0.034,0.763,0.47,0.758,0.488,0.98,0.012,0.411,0.957,0.119,0.86,0.207,0.577,0.708,0.473,0.639,0.808,0.091,0.222,0.143,0.089,0.428,0.496,0.125,0.864,0.707,0.303,0.477,0.975,0.489,0.582,0.462,0.415,0.092,0.816,0.718,0.211,0.811,0.722,0.714,0.359,0.917,0.234,0.955,0.595,0.585,0.134,0.454
-64,0.633,0.986,0.438,0.795,0.163,0.78,0.58,0.82,0.275,0.938,0.972,0.398,0.865,0.583,0.346,0.66,0.365,0.561,0.413,0.662,0.817,0.042,0.614,0.265,0.766,0.554,0.482,0.119,0.139,0.251,0.036,0.769,0.2,0.512,0.534,0.743,0.327,0.926,0.746,0.919,0.714,0.13,0.373,0.446,0.773,0.667,0.905,0.126,0.588,0.271,0.849,0.072,0.339,0.686,0.122,0.298,0.92,0.959,0.881,0.436,0.322,0.984,0.453,0.866
-62,0.479,0.084,0.342,0.624,0.744,0.586,0.084,0.73,0.199,0.534,0.099,0.842,0.979,0.744,0.044,0.766,0.331,0.589,0.826,0.063,0.879,0.272,0.147,0.123,0.092,0.876,0.745,0.895,0.036,0.518,0.981,0.56,0.236,0.941,0.864,0.152,0.563,0.453,0.952,0.546,0.18,0.631,0.576,0.463,0.12,0.499,0.595,0.941,0.932,0.103,0.018,0.252,0.229,0.997,0.127,0.261,0.217,0.779,0.471,0.426,0.703,0.427,0.114,0.052
-60,0.911,0.783,0.276,0.907,0.501,0.888,0.117,0.866,0.791,0.082,0.886,0.926,0.795,0.531,0.27,0.988,0.839,0.048,0.182,0.349,0.196,0.595,0.204,0.907,0.039,0.542,0.984,0.252,0.604,0.257,0.045,0.911,0.571,0.925,0.113,0.323,0.521,0.677,0.139,0.329,0.499,0.816,0.174,0.094,0.788,0.968,0.617,0.447,0.793,0.325,0.619,0.807,0.663,0.074,0.802,0.888,0.537,0.869,0.62,0.489,0.405,0.899,0.373,0.029
-58,0.382,0.447,0.156,0.857,0.449,0.828,0.57,0.968,0.585,0.647,0.699,0.835,0.916,0.626,0.654,0.458,0.005,0.386,0.909,0.802,0.107,0.249,0.044,0.561,0.5,0.358,0.448,0.786,0.094,0.553,0.9,0.473,0.83,0.486,0.071,0.651,0.388,0.111,0.272,0.358,0.56,0.699,0.879,0.712,0.311,0.427,0.153,0.326,0.258,0.885,0.75,0.886,0.261,0.766,0.591,0.245,0.511,0.495,0.095,0.815,0.043,0.084,0.226,0.736
-56,0.543,0.108,0.49,0.918,0.559,0.915,0.074,0.444,0.479,0.427,0.617,0.76,0.375,0.948,0.667,0.275,0.703,0.124,0.209,0.984,0.015,0.922,0.477,0.973,0.997,0.313,0.1,0.133,0.132,0.941,0.871,0.565,0.1,0.053,0.873,0.469,0.198,0.33,0.96,0.904,0.273,0.517,0.16,0.73,0.686,0.777,0.866,0.663,0.253,0.784,0.263,0.919,0.853,0.436,0.011,0.072,0.695,0.427,0.276,0.846,0.498,0.562,0.017,0.687
-54,0.62,0.304,0.879,0.051,0.441,0.9,0.398,0.26,0.981,0.1,0.027,0.151,0.098,0.341,0.345,0.734,0.857,0.117,0.456,0.674,0.808,0.783,0.734,0.779,0.886,0.838,0.04,0.4,0.034,0.019,0.379,0.816,0.146,0.607,0.607,0.103,0.709,0.344,0.862,0.051,0.996,0.162,0.57,0.365,0.552,0.401,0.647,0.626,0.372,0.649,0.287,0.166,0.458,0.271,0.788,0.673,0.742,0.237,0.333,0.73,0.9,0.008,0.551,0.894
-52,0.639,0.049,0.731,0.347,0.508,0.177,0.222,0.346,0.281,0.289,0.314,0.28,0.403,0.768,0.115,0.848,0.468,0.369,0.871,0.734,0.333,0.544,0.757,0.982,0.799,0.478,0.991,0.079,0.979,0.547,0.462,0.887,0.73,0.629,0.801,0.418,0.481,0.183,0.31,0.788,0.856,0.022,0.737,0.346,0.658,0.379,0.1,0.332,0.721,0.136,0.799,0.047,0.44,0.338,0.21,0.241,0.562,0.176,0.907,0.316,0.298,0.401,0.518,0.972
-50,0.876,0.943,0.158,0.141,0.184,0.793,0.106,0.865,0.668,0.865,0.05,0.152,0.555,0.723,0.387,0.686,0.068,0.861,0.988,0.912,0.972,0.187,0.022,0.464,0.291,0.506,0.514,0.588,0.414,0.703,0.805,0.025,0.24,0.276,0.358,0.587,0.791,0.253,0.691,0.01,0.998,0.769,0.621,0.87,0.414,0.875,0.223,0.653,0.335,0.41,0.714,0.246,0.112,0.605,0.977,0.931,0.217,0.445,0.843,0.814,0.876,0.841,0.12,0.999
-48,0.179,0.836,0.14,0.228,0.234,0.841,0.766,0.547,0.008,0.805,0.837,0.082,0.082,0.235,0.02,0.377,0.619,0.077,0.825,0.895,0.615,0.533,0.515,0.501,0.616,0.289,0.62,0.881,0.097,0.253,0.841,0.898,0.017,0.699,0.093,0.01,0.825,0.408,0.034,0.385,0.677,0.308,0.693,0.393,0.545,0.705,0.75,0.435,0.899,0.695,0.268,0.08,0.408,0.348,0.992,0.855,0.927,0.301,0.772,0.666,0.443,0.765,0.941,0.574
-46,0.88,0.431,0.822,0.605,0.088,0.828,0.738,0.222,0.471,0.277,0.964,0.492,0.878,0.731,0.417,0.642,0.741,0.652,0.605,0.769,0.593,0.944,0.046,0.647,0.878,0.584,0.875,0.583,0.677,0.235,0.298,0.202,0.238,0.815,0.317,0.892,0.093,0.249,0.174,0.827,0.305,0.599,0.209,0.988,0.431,0.18,0.026,0.952,0.618,0.294,0.428,0.212,0.754,0.413,0.093,0.138,0.765,0.115,0.853,0.986,0.308,0.64,0.515,0.374
-44,0.243,0.957,0.375,0.421,0.316,0.149,0.036,0.427,0.536,0.611,0.638,0.056,0.282,0.871,0.601,0.246,0.953,0.048,0.373,0.822,0.578,0.536,0.835,0.75,0.106,0.545,0.405,0.217,0.56,0.378,0.265,0.136,0.565,0.483,0.173,0.746,0.843,0.804,0.624,0.904,0.626,0.851,0.087,0.513,0.933,0.225,0.017,0.311,0.792,0.448,0.586,0.398,0.319,0.605,0.851,0.171,0.483,0.126,0.019,0.513,0.228,0.352,0.054,0.376
-42,0.58,0.926,0.273,0.518,0.098,0.112,0.925,0.719,0.535,0.293,0.302,0.811,0.957,0.224,0.496,0.698,0.574,0.898,0.625,0.24,0.961,0.901,0.203,0.758,0.362,0.134,0.347,0.161,0.42,0.225,0.473,0.066,0.549,0.303,0.747,0.644,0.425,0.446,0.543,0.59,0.123,0.648,0.819,0.731,0.977,0.645,0.305,0.154,0.057,0.779,0.528,0.349,0.905,0.165,0.872,0.216,0.912,0.852,0.356,0.654,0.588,0.809,0.188,0.914
-40,0.262,0.081,0.895,0.938,0.271,0.672,0.215,0.818,0.668,0.415,0.917,0.274,0.151,0.12,0.039,0.473,0.257,0.446,0.997,0.463,0.389,0.834,0.333,0.104,0.93,0.668,0.279,0.105,0.12,0.796,0.941,0.255,0.274,0.139,0.165,0.386,0.396,0.645,0.094,0.203,0.287,0.634,0.343,0.125,0.079,0.438,0.338,0.407,0.464,0.9,0.042,0.358,0.568,0.102,0.791,0.112,0.024,0.784,0.832,0.445,0.666,0.892,0.696,0.918
-38,0.676,0.396,0.655,0.103,0.045,0.661,0.014,0.195,0.929,0.57,0.479,0.889,0.068,0.103,0.947,0.33,0.936,0.859,0.433,0.068,0.178,0.64,0.944,0.257,0.699,0.179,0.613,0.037,0.306,0.524,0.661,0.553,0.213,0.402,0.562,0.692,0.105,0.161,0.551,0.227,0.73,0.107,0.1,0.027,0.487,0.945,0.631,0.968,0.949,0.207,0.26,0.062,0.103,0.798,0.413,0.924,0.686,0.983,0.037,0.425,0.893,0.803,0.123,0.843
-36,0.661,0.589,0.04,0.269,0.047,0.596,0.564,0.786,0.156,0.223,0.617,0.549,0.161,0.895,0.37,0.576,0.0,0.764,0.345,0.686,0.396,0.47,0.147,0.297,0.075,1.0,0.053,0.557,0.493,1.0,0.526,0.644,0.74,0.302,0.449,0.739,0.003,0.696,0.836,0.152,0.423,0.456,0.489,0.612,0.032,0.936,0.775,0.214,0.012,0.673,0.006,0.663,0.142,0.579,0.171,0.829,0.584,0.771,0.902,0.342,0.506,0.906,0.102,0.551
-34,0.186,0.769,0.222,0.085,0.282,0.561,0.517,0.972,0.47,0.915,0.632,0.817,0.061,0.053,0.345,0.138,0.991,0.458,0.712,0.353,0.645,0.255,0.957,0.362,0.623,0.01,0.851,0.35,0.807,0.341,0.295,0.087,0.231,0.836,0.69,0.637,0.103,0.211,0.158,0.183,0.718,0.45,0.837,0.814,0.773,0.097,0.563,0.28,0.917,0.256,0.027,0.511,0.517,0.04,0.812,0.889,0.926,0.505,0.208,0.871,0.992,0.375,0.041,0.567
-32,0.803,0.799,0.684,0.488,0.686,0.12,0.252,0.93,0.601,0.524,0.242,0.18,0.833,0.607,0.243,0.075,0.234,0.597,0.363,0.897,0.473,0.869,0.222,0.339,0.849,0.5,0.92,0.786,0.568,0.551,0.813,0.117,0.552,0.808,0.839,0.007,0.685,0.711,0.218,0.099,0.201,0.824,0.158,0.291,0.887,0.166,0.237,0.632,0.368,0.257,0.689,0.909,0.244,0.13,0.497,0.383,0.647,0.704,0.575,0.712,0.157,0.699,0.272,0.956
-30,0.857,0.307,0.204,0.869,0.631,0.572,0.609,0.091,0.181,0.847,0.944,0.444,0.763,0.853,0.158,0.569,0.393,0.122,0.48,0.823,0.842,0.909,0.551,0.221,0.906,0.611,0.493,0.285,0.134,0.801,0.617,0.275,0.744,0.555,0.513,0.959,0.698,0.986,0.706,0.931,0.24,0.053,0.029,0.383,0.081,0.597,0.071,0.579,0.359,0.109,0.1,0.234,0.922,0.776,0.473,0.173,0.487,0.447,0.975,0.558,0.629,0.777,0.463,0.315
-28,0.692,0.003,0.13,0.453,0.345,0.697,0.728,0.923,0.688,0.467,0.305,0.447,0.03,0.4,0.817,0.009,0.182,0.831,0.855,0.098,0.84,0.051,0.16,0.152,0.992,0.147,0.842,0.888,0.601,0.101,0.17,0.816,0.561,0.325,0.069,0.276,0.428,0.644,0.39,0.393,0.964,0.557,0.113,0.195,0.478,0.812,0.051,0.711,0.643,0.483,0.268,0.347,0.424,0.588,0.188,0.884,0.749,0.367,0.2,0.044,0.909,0.447,0.758,0.409
-26,0.73,0.769,0.251,0.551,0.383,0.281,0.622,0.794,0.837,0.371,0.26,0.31,0.047,0.78,0.285,0.819,0.411,0.222,0.722,0.187,0.266,0.812,0.641,0.885,0.863,0.498,0.266,0.136,0.883,0.054,0.773,0.857,0.067,0.218,0.128,0.621,0.699,0.622,0.566,0.011,0.598,0.695,0.742,0.953,0.926,0.061,0.086,0.39,0.979,0.651,0.774,0.402,0.731,0.271,0.022,0.969,0.758,0.147,0.217,0.798,0.925,0.567,0.754,0.981
-24,0.539,0.978,0.603,0.233,0.212,0.22,0.174,0.536,0.821,0.98,0.394,0.015,0.625,0.845,0.003,0.476,0.851,0.228,0.07,0.955,0.237,0.226,0.645,0.725,0.666,0.633,0.043,0.248,0.24,0.823,0.494,0.001,0.689,0.895,0.647,0.34,0.847,0.298,0.341,0.35,0.995,0.546,0.936,0.397,0.338,0.119,0.708,0.724,0.536,0.83,0.25,0.848,0.518,0.541,0.146,0.874,0.042,0.965,0.966,0.346,0.331,0.98,0.31,0.736
-22,0.98,0.14,0.263,0.896,0.88,0.166,0.478,0.482,0.923,0.639,0.836,0.35,0.077,0.451,0.044,0.718,0.962,0.721,0.755,0.703,0.054,0.861,0.014,0.468,0.076,0.591,0.278,0.623,0.209,0.521,0.573,0.39,0.561,0.799,0.105,0.665,0.945,0.286,0.039,0.892,0.226,0.542,0.802,0.5,0.096,0.268,0.424,0.618,0.119,0.561,0.85,0.086,0.924,0.261,0.524,0.978,0.581,0.021,0.813,0.526,0.801,0.166,0.712,0.631
-20,0.011,0.864,0.415,0.057,0.932,0.975,0.012,0.161,0.486,0.723,0.701,0.45,0.392,0.805,0.615,0.091,0.748,0.639,0.487,0.353,0.646,0.228,0.617,0.44,0.181,0.467,0.729,0.0,0.252,0.258,0.035,0.485,0.659,0.891,0.939,0.296,0.562,0.213,0.387,0.215,0.498,0.965,0.248,0.413,0.659,0.058,0.762,0.888,0.817,0.052,0.793,0.604,0.383,0.812,0.712,0.107,0.49,0.406,0.352,0.907,0.028,0.936,0.465,0.645
-18,0.354,0.328,0.044,0.633,0.317,0.494,0.514,0.058,0.972,0.927,0.566,0.746,0.103,0.6,0.282,0.625,0.46,0.581,0.846,0.212,0.667,0.202,0.939,0.876,0.472,0.119,0.358,0.173,0.72,0.671,0.772,0.671,0.27,0.448,0.292,0.863,0.409,0.275,0.004,0.437,0.321,0.748,0.351,0.453,0.038,0.901,0.212,0.917,0.226,0.939,0.88,0.571,0.344,0.382,0.009,0.871,0.254,0.704,0.096,0.412,0.088,0.913,0.305,0.053
-16,0.218,0.481,0.68,0.262,0.008,0.491,0.471,0.696,0.393,0.288,0.701,0.882,0.265,0.091,0.965,0.746,0.191,0.754,0.435,0.046,0.521,0.444,0.679,0.556,0.245,0.126,0.005,0.983,0.576,0.447,0.771,0.584,0.817,0.908,0.518,0.375,0.998,0.345,0.214,0.971,0.861,0.776,0.293,0.671,0.972,0.431,0.267,0.836,0.275,0.481,0.064,0.485,0.706,0.832,0.468,0.196,0.428,0.767,0.338,0.139,0.68,0.23,0.461,0.029
-14,0.686,0.466,0.981,0.287,0.068,0.476,0.385,0.079,0.089,0.173,0.693,0.663,0.625,0.653,0.529,0.478,0.187,0.73,0.333,0.046,0.477,0.888,0.554,0.037,0.402,0.218,0.082,0.223,0.164,0.297,0.199,0.369,0.721,0.074,0.882,0.563,0.989,0.85,0.533,0.561,0.794,0.463,0.045,0.217,0.07,0.895,0.293,0.356,0.113,0.945,0.391,0.706,0.11,0.946,0.408,0.268,0.54,0.324,0.412,0.91,0.683,0.949,0.235,0.818
-12,0.161,0.527,0.472,0.288,0.439,0.553,0.58,0.974,0.597,0.115,0.757,0.908,0.479,0.17,0.607,0.226,0.594,0.236,0.233,0.214,0.889,0.443,0.515,0.12,0.451,0.551,0.446,0.418,0.969,0.321,0.049,0.931,0.357,0.386,0.895,0.509,0.512,0.855,0.192,0.125,0.041,0.0,0.384,0.984,0.884,0.931,0.079,0.244,0.23,0.74,0.205,0.405,0.967,0.663,0.539,0.206,0.375,0.226,0.867,0.242,0.086,0.03,0.359,0.91
-10,0.143,0.633,0.965,0.152,0.664,0.999,0.958,0.618,0.167,0.401,0.744,0.303,0.528,0.878,0.537,0.037,0.262,0.482,0.078,0.737,0.821,0.418,0.023,0.309,0.154,0.449,0.111,0.896,0.48,0.951,0.038,0.534,0.496,0.269,0.306,0.787,0.634,0.233,0.865,0.623,0.631,0.337,0.864,0.821,0.625,0.838,0.057,0.838,0.977,0.392,0.258,0.683,0.615,0.975,0.663,0.594,0.072,0.592,0.061,0.275,0.913,0.611,0.249,0.235
-8,0.764,0.322,0.15,0.575,0.078,0.523,0.213,0.119,0.024,0.42,0.264,0.949,0.362,0.369,0.934,0.135,0.045,0.954,0.724,0.019,0.467,0.48,0.888,0.671,0.811,0.698,0.674,0.083,0.59,0.564,0.936,0.704,0.062,0.942,0.075,0.368,0.084,0.407,0.218,0.343,0.752,0.085,0.149,0.299,0.284,0.827,0.716,0.285,0.132,0.764,0.815,0.821,0.584,0.355,0.222,0.576,0.987,0.796,0.132,0.802,0.646,0.308,0.994,0.282
-6,0.718,0.888,0.152,0.251,0.725,0.029,0.282,0.784,0.446,0.087,0.653,0.678,0.163,0.569,0.332,0.355,0.648,0.714,0.337,0.51,0.482,0.657,0.455,0.056,0.724,0.574,0.773,0.202,0.63,0.961,0.445,0.09,0.379,0.708,0.366,0.842,0.343,0.581,0.735,0.701,0.728,0.281,0.734,0.922,0.588,0.549,0.528,0.137,0.25,0.955,0.125,0.053,0.597,0.71,0.405,0.966,0.343,0.532,0.678,0.97,0.313,0.358,0.143,0.952
-4,0.202,0.138,0.98,0.573,0.893,0.745,0.792,0.961,0.501,0.827,0.668,0.737,0.532,0.533,0.473,0.992,0.697,0.5,0.806,0.618,0.86,0.327,0.273,0.05,0.742,0.101,0.31,0.602,0.733,0.048,0.514,0.042,0.878,0.237,0.079,0.722,0.393,0.447,0.999,0.493,0.054,0.576,0.149,0.306,0.479,0.813,0.193,0.415,0.415,0.39,0.593,0.922,0.104,0.511,0.706,0.287,0.187,0.228,0.748,0.09,0.306,0.996,0.845,0.143
-2,0.155,0.017,0.792,0.528,0.543,0.534,0.738,0.287,0.452,0.087,0.649,0.102,0.951,0.917,0.626,0.009,0.465,0.444,0.491,0.287,0.817,0.97,0.227,0.521,0.165,0.703,0.763,0.416,0.215,0.314,0.914,0.736,0.271,0.414,0.415,0.415,0.877,0.596,0.227,0.268,0.53,0.224,0.433,0.455,0.332,0.663,0.044,0.066,0.091,0.582,0.42,0.527,0.194,0.839,0.928,0.059,0.036,0.94,0.73,0.172,0.808,0.914,0.276,0.001
0,0.505,0.512,0.644,0.097,0.744,0.84,0.715,0.059,0.543,0.722,0.206,0.608,0.521,0.559,0.733,0.372,0.466,0.695,0.202,0.413,0.894,0.137,0.513,0.566,0.036,0.096,0.902,0.249,0.514,0.177,0.421,0.575,0.667,0.759,0.742,0.863,0.226,0.793,0.46,0.478,0.992,0.672,0.403,0.095,0.023,0.553,0.951,0.332,0.609,0.708,0.13,0.634,0.808,0.015,0.936,0.158,0.802,0.756,0.076,0.631,0.75,0.456,0.874,0.952
2,0.414,0.782,0.21,0.699,0.825,0.793,0.799,0.48,0.84,0.084,0.75,0.997,0.193,0.03,0.321,0.74,0.989,0.664,0.112,0.842,0.612,0.442,0.764,0.586,0.009,0.831,0.093,0.402,0.893,0.484,0.701,0.131,0.945,0.212,0.448,0.162,0.408,0.785,0.52,0.064,0.132,0.439,0.691,0.156,0.15,0.107,0.671,0.608,0.842,0.012,0.62,0.931,0.559,0.451,0.07,0.513,0.716,0.36,0.846,0.008,0.218,0.394,0.552,0.262
4,0.182,0.348,0.448,0.297,0.059,0.548,0.615,0.291,0.653,0.007,0.488,0.264,0.768,0.16,0.133,0.342,0.567,0.252,0.804,0.703,0.909,0.914,0.123,0.544,0.962,0.438,0.484,0.529,0.445,0.841,0.565,0.717,0.191,0.705,0.588,0.221,0.107,0.157,0.494,0.253,0.403,0.201,0.61,0.598,0.282,0.015,0.664,0.187,0.504,0.188,0.664,0.655,0.797,0.602,0.197,0.376,0.656,0.42,0.635,0.619,0.713,0.476,0.926,0.813
6,0.114,0.795,0.526,0.56,0.238,0.873,0.711,0.791,0.942,0.004,0.893,0.064,0.688,0.786,0.209,0.921,0.318,0.344,0.328,0.885,0.862,0.888,0.998,0.378,0.154,0.687,0.581,0.15,0.324,0.396,0.611,0.966,0.305,0.538,0.231,0.906,0.373,0.707,0.61,0.768,0.416,0.192,0.312,0.581,0.583,0.138,0.819,0.446,0.667,0.367,0.215,0.38,0.587,0.309,0.837,0.3,0.603,0.303,0.456,0.049,0.946,0.449,0.531,0.201
8,0.819,0.671,0.257,0.835,0.054,0.593,0.048,0.647,0.963,0.511,0.335,0.176,0.069,0.59,0.863,0.273,0.405,0.246,0.874,0.025,0.361,0.027,0.762,0.619,0.065,0.995,0.014,0.284,0.884,0.732,0.709,0.203,0.623,0.724,0.238,0.057,0.901,0.502,0.144,0.047,0.504,0.208,0.32,0.332,0.822,0.842,0.997,0.292,0.347,0.264,0.225,0.873,0.692,0.874,0.911,0.438,0.142,0.441,0.412,0.446,0.016,0.048,0.548,0.375
10,0.152,0.637,0.869,0.767,0.65,0.772,0.958,0.946,0.841,0.943,0.688,0.569,0.639,0.727,0.729,0.075,0.628,0.155,0.64,0.091,0.601,0.793,0.481,0.569,0.452,0.708,0.752,0.738,0.124,0.163,0.024,0.518,0.417,0.2,0.94,0.119,0.13,0.921,0.211,0.285,0.022,0.743,0.651,0.517,0.204,0.945,0.682,0.08,0.056,0.012,0.157,0.822,0.333,0.741,0.966,0.371,0.862,0.113,0.768,0.997,0.802,0.951,0.761,0.722
12,0.928,0.57,0.572,0.965,0.502,0.862,0.865,0.074,0.183,0.014,0.799,0.647,0.074,0.0,0.064,0.488,0.719,0.193,0.288,0.601,0.573,0.235,0.088,0.389,0.304,0.15,0.298,0.078,0.806,0.478,0.065,0.223,0.418,0.769,0.094,0.027,0.912,0.897,0.242,0.269,0.387,0.178,0.399,0.146,0.875,0.786,0.818,0.582,0.137,0.778,0.207,0.296,0.186,0.05,0.638,0.127,0.159,0.803,0.545,0.252,0.806,0.817,0.707,0.357
14,0.779,0.36,0.836,0.216,0.929,0.742,0.157,0.449,0.123,0.211,0.597,0.275,0.562,0.383,0.967,0.467,0.808,0.247,0.165,0.871,0.179,0.486,0.41,0.452,0.403,0.233,0.596,0.484,0.413,0.313,0.784,0.826,0.581,0.506,0.529,0.962,0.224,0.002,0.843,0.504,0.606,0.027,0.851,0.998,0.513,0.318,0.542,0.246,0.154,0.298,0.33,0.252,0.546,0.229,0.749,0.949,0.206,0.923,0.472,0.559,0.01,0.38,0.234,0.459
16,0.755,0.953,0.789,0.74,0.219,0.701,0.143,0.025,0.884,0.051,0.544,0.217,0.551,0.384,0.787,0.208,0.201,0.759,0.327,0.539,0.353,0.362,0.661,0.144,0.147,0.341,0.173,0.222,0.188,0.629,0.846,0.609,0.914,0.447,0.417,0.94,0.005,0.22,0.606,0.591,0.137,0.302,0.862,0.344,0.532,0.69,0.615,0.682,0.951,0.139,0.948,0.406,0.563,0.856,0.813,0.326,0.782,0.014,0.386,0.809,0.686,0.836,0.591,0.781
18,0.606,0.639,0.028,0.604,0.155,0.088,0.388,0.588,0.847,0.732,0.585,0.469,0.207,0.091,0.971,0.76,0.066,0.51,0.3,0.134,0.074,0.76,0.023,0.253,0.634,0.753,0.826,0.023,0.101,0.437,0.095,0.56,0.952,0.303,0.638,0.164,0.605,0.552,0.111,0.406,0.964,0.801,0.838,0.69,0.416,0.475,0.378,0.209,0.942,0.481,0.78,0.884,0.426,0.391,0.948,0.628,0.983,0.793,0.023,0.046,0.685,0.752,0.412,0.052
20,0.235,0.323,0.247,0.236,0.43,0.685,0.443,0.552,0.398,0.646,0.705,0.225,0.984,0.103,0.193,0.151,0.748,0.986,0.191,0.393,0.959,0.291,0.682,0.974,0.399,0.033,0.394,0.679,0.504,0.462,0.53,0.161,0.165,0.952,0.334,0.381,0.492,0.088,0.04,0.552,0.778,0.891,0.214,0.368,0.225,0.232,0.181,0.843,0.35,0.19,0.306,0.802,0.641,0.897,0.001,0.724,0.108,0.993,0.7,0.412,0.203,0.787,0.089,0.205
22,0.52,0.54,0.06,0.841,0.742,0.922,0.118,0.513,0.3,0.49,0.351,0.218,0.024,0.494,0.228,0.852,0.629,0.831,0.107,0.309,0.831,0.721,0.047,0.667,0.278,0.659,0.065,0.773,0.239,0.634,0.132,0.785,0.327,0.33,0.671,0.794,0.829,0.929,0.05,0.905,0.813,0.392,0.289,0.753,0.538,0.624,0.703,0.923,0.375,0.319,0.788,0.692,0.222,0.365,0.849,0.735,0.492,0.093,0.808,0.672,0.766,0.459,0.553,0.963
24,0.515,0.514,0.298,0.981,0.039,0.086,0.629,0.957,0.672,0.446,0.557,0.848,0.278,0.072,0.046,0.535,0.726,0.05,0.104,0.818,0.709,0.11,0.534,0.787,0.269,0.934,0.983,0.006,0.133,0.698,0.517,0.681,0.118,0.813,0.744,0.445,0.024,0.705,0.656,0.319,0.005,0.561,0.319,0.662,0.284,0.323,0.205,0.139,0.159,0.732,0.456,0.886,0.641,0.11,0.756,0.686,0.823,0.374,0.502,0.699,0.196,0.36,0.722,0.78
26,0.689,0.208,0.465,0.852,0.409,0.397,0.215,0.305,0.167,0.378,0.409,0.306,0.161,0.177,0.683,0.569,0.822,0.025,0.049,0.724,0.878,0.054,0.145,0.473,0.429,0.554,0.52,0.25,0.664,0.654,0.109,0.475,0.887,0.903,0.825,0.911,0.854,0.848,0.399,0.041,0.988,0.895,0.363,0.418,0.707,0.201,0.227,0.949,0.543,0.913,0.161,0.589,0.304,0.128,0.032,0.324,0.826,0.867,0.066,0.8,0.126,0.375,0.546,0.883
28,0.389,0.243,0.853,0.08,0.627,0.559,0.096,0.075,0.269,0.896,0.7,0.497,0.079,0.601,0.935,0.527,0.699,0.786,0.6,0.824,0.671,0.554,0.615,0.663,0.132,0.654,0.098,0.075,0.623,0.768,0.203,0.705,0.602,0.808,0.425,0.333,0.0,0.409,0.867,0.085,0.529,0.479,0.186,0.774,0.48,0.521,0.661,0.339,0.959,0.799,0.074,0.832,0.437,0.056,0.819,0.846,0.651,0.565,0.061,0.16,0.889,0.117,0.952,0.572
30,0.492,0.209,0.311,0.746,0.372,0.775,0.29,0.541,0.151,0.637,0.891,0.0,0.729,0.701,0.2,0.118,0.863,0.399,0.508,0.994,0.558,0.257,0.244,0.7,0.585,0.766,0.067,0.399,0.498,0.636,0.809,0.936,0.935,0.792,0.741,0.168,0.727,0.457,0.079,0.778,0.219,0.804,0.413,0.184,0.783,0.116,0.577,0.556,0.364,0.148,0.553,0.694,0.019,0.721,0.077,0.488,0.033,0.521,0.506,0.089,0.098,0.801,0.051,0.217
32,0.729,0.269,0.31,0.942,0.942,0.692,0.677,0.848,0.751,0.758,0.559,0.51,0.103,0.478,0.424,0.798,0.909,0.206,0.282,0.569,0.091,0.301,0.82,0.751,0.694,0.609,0.171,0.751,0.836,0.568,0.647,0.516,0.989,0.361,0.303,0.79,0.331,0.475,0.518,0.993,0.924,0.87,0.065,0.43,0.222,0.527,0.387,0.531,0.97,0.107,0.412,0.526,0.804,0.481,0.497,0.301,0.169,0.477,0.098,0.225,0.205,0.982,0.575,0.263
34,0.218,0.359,0.029,0.881,0.444,0.997,0.691,0.887,0.436,0.217,0.921,0.539,0.473,0.764,0.083,0.969,0.877,0.519,0.6,0.599,0.071,0.475,0.702,0.331,0.625,0.909,0.127,0.912,0.52,0.047,0.717,0.931,0.373,0.871,0.778,0.676,0.561,0.274,0.971,0.978,0.928,0.211,0.231,0.805,0.698,0.381,0.981,0.266,0.283,0.778,0.169,0.277,0.74,0.16,0.683,0.794,0.834,0.615,0.512,0.3,0.915,0.421,0.247,0.676
36,0.899,0.719,0.944,0.148,0.383,0.11,0.933,0.193,0.233,0.494,0.256,0.368,0.76,0.75,0.184,0.094,0.812,0.911,0.29,0.43,0.294,0.819,0.642,0.921,0.475,0.621,0.945,0.691,0.156,0.815,0.146,0.182,0.171,0.141,0.618,0.645,0.761,0.841,0.811,0.371,0.66,0.415,0.406,0.866,0.26,0.054,0.81,0.976,0.331,0.883,0.959,0.119,0.514,0.362,0.934,0.037,0.91,0.841,0.116,0.227,0.529,0.307,0.147,0.553
38,0.361,0.507,0.037,0.978,0.377,0.588,0.354,0.035,0.714,0.998,0.181,0.817,0.037,0.462,0.504,0.94,0.3,0.368,0.527,0.626,0.082,0.739,0.856,0.372,0.678,0.745,0.556,0.749,0.326,0.966,0.451,0.118,0.429,0.43,0.604,0.039,0.427,0.828,0.4,0.593,0.33,0.073,0.159,0.376,0.151,0.114,0.717,0.728,0.39,0.185,0.759,0.948,0.253,0.368,0.973,0.59,0.783,0.065,0.983,0.951,0.719,0.127,0.965,0.782
40,0.816,0.868,0.163,0.878,0.459,0.719,0.768,0.539,0.461,0.026,0.655,0.185,0.144,0.202,0.011,0.44,0.12,0.621,0.332,0.822,0.627,0.785,0.505,0.363,0.5,0.426,0.331,0.864,0.368,0.8,0.649,0.575,0.152,0.713,0.946,0.583,0.524,0.525,0.758,0.257,0.139,0.714,0.509,0.159,0.595,0.641,0.678,0.696,0.78,0.373,0.785,0.667,0.273,0.064,0.939,0.991,0.941,0.977,0.29,0.157,0.25,0.432,0.353,0.993
42,0.266,0.893,0.94,0.584,0.217,0.572,0.799,0.792,0.124,0.318,0.648,0.459,0.289,0.282,0.89,0.907,0.137,0.002,0.402,0.806,0.44,0.328,0.842,0.804,0.312,0.505,0.944,0.99,0.402,0.433,0.775,0.893,0.916,0.763,0.845,0.86,0.347,0.894,0.469,0.954,0.786,0.717,0.992,0.005,0.237,0.607,0.476,0.719,0.873,0.834,0.618,0.515,0.265,0.363,0.638,0.401,0.234,0.084,0.312,0.328,0.745,0.054,0.313,0.769
44,0.164,0.47,0.668,0.083,0.691,0.014,0.365,0.407,0.311,0.643,0.583,0.326,0.286,0.59,0.002,0.145,0.119,0.302,0.164,0.043,0.51,0.17,0.52,0.991,0.525,0.629,0.664,0.328,0.297,0.929,0.556,0.647,0.996,0.787,0.283,0.753,0.817,0.886,0.993,0.86,0.414,0.103,0.814,0.268,0.238,0.115,0.292,0.459,0.038,0.936,0.435,0.154,0.733,0.88,0.115,0.209,0.796,0.991,0.934,0.823,0.449,0.898,0.557,0.996
46,0.253,0.095,0.271,0.04,0.267,0.438,0.921,0.238,0.937,0.713,0.689,0.724,0.005,0.497,0.097,0.399,0.326,0.159,0.718,0.398,0.495,0.294,0.402,0.752,0.278,0.167,0.459,0.64,0.173,0.264,0.087,0.374,0.844,0.579,0.365,0.278,0.605,0.276,0.339,0.315,0.323,0.81,0.959,0.359,0.539,0.827,0.054,0.731,0.91,0.146,0.768,0.948,0.734,0.515,0.61,0.232,0.518,0.334,0.465,0.718,0.612,0.215,0.002,0.205
48,0.546,0.571,0.765,0.952,0.978,0.886,0.092,0.814,0.025,0.472,0.653,0.337,0.312,0.525,0.102,0.509,0.321,0.667,0.836,0.373,0.045,0.6,0.882,0.012,0.629,0.173,0.399,0.531,0.831,0.869,0.617,0.255,0.159,0.965,0.449,0.756,0.808,0.216,0.542,0.366,0.903,0.045,0.545,0.898,0.243,0.456,0.843,0.671,0.728,0.85,0.751,0.57,0.705,0.681,0.061,0.549,0.343,0.955,0.903,0.016,0.413,0.705,0.042,0.481
50,0.913,0.227,0.369,0.746,0.85,0.37,0.379,0.592,0.88,0.119,0.683,0.956,0.213,0.926,0.994,0.994,0.501,0.589,0.338,0.4,0.674,0.407,0.468,0.737,0.648,0.501,0.388,0.019,0.995,0.619,0.855,0.188,0.817,0.545,0.253,0.169,0.81,0.162,0.97,0.09,0.185,0.634,0.323,0.436,0.748,0.174,0.009,0.12,0.8,0.409,0.741,0.253,0.985,0.508,0.826,0.678,0.904,0.586,0.991,0.037,0.959,0.868,0.567,0.846
52,0.892,0.167,0.114,0.328,0.628,0.79,0.92,0.076,0.779,0.584,0.213,0.566,0.716,0.647,0.681,0.787,0.137,0.257,0.451,0.773,0.468,0.789,0.34,0.043,0.355,0.808,0.069,0.706,0.59,0.038,0.807,0.821,0.094,0.061,0.797,0.169,0.444,0.169,0.637,0.413,0.687,0.269,0.157,0.463,0.844,0.152,0.766,0.453,0.687,0.169,0.578,0.779,0.421,0.113,0.937,0.858,0.471,0.371,0.426,0.363,0.319,0.096,0.469,0.316
54,0.119,0.725,0.278,0.322,0.899,0.565,0.53,0.291,0.691,0.733,0.928,0.376,0.879,0.507,0.919,0.496,0.118,0.139,0.137,0.444,0.569,0.331,0.014,0.69,0.673,0.783,0.426,0.763,0.829,0.099,0.967,0.061,0.7,0.855,0.546,0.63,0.364,0.43,0.548,0.879,0.583,0.715,0.584,0.809,0.532,0.193,0.697,0.022,0.168,0.023,0.116,0.921,0.136,0.498,0.327,0.033,0.717,0.025,0.031,0.791,0.08,0.248,0.473,0.629
56,0.268,0.072,0.093,0.921,0.476,0.161,0.34,0.202,0.516,0.35,0.725,0.041,0.936,0.448,0.041,0.799,0.582,0.263,0.429,0.853,0.329,0.287,0.647,0.416,0.102,0.712,0.353,0.575,0.5,0.305,0.934,0.391,0.64,0.778,0.222,0.791,0.603,0.637,0.601,0.364,0.635,0.567,0.408,0.316,0.21,0.746,0.937,0.029,0.313,0.133,0.889,0.913,0.252,0.693,0.968,0.095,0.447,0.576,0.983,0.428,0.313,0.173,0.08,0.14
58,0.713,0.593,0.137,0.754,0.76,0.833,0.958,0.484,0.792,0.947,0.986,0.444,0.57,0.098,0.561,0.234,0.387,0.705,0.895,0.171,0.42,0.04,0.444,0.609,0.801,0.226,0.51,0.562,0.891,0.818,0.797,0.064,0.872,0.197,0.552,0.081,0.748,0.465,0.523,0.948,0.076,0.61,0.857,0.477,0.277,0.786,0.226,0.848,0.383,0.175,0.737,0.629,0.341,0.614,0.384,0.27,0.886,0.712,0.763,0.586,0.838,0.581,0.843,0.778
60,0.331,0.675,0.851,0.157,0.991,0.298,0.938,0.359,0.281,0.341,0.971,0.156,0.758,0.293,0.514,0.989,0.809,0.027,0.467,0.392,0.35,0.984,0.565,0.066,0.858,0.324,0.725,0.91,0.522,0.862,0.448,0.741,0.813,0.451,0.601,0.466,0.636,0.781,0.554,0.671,0.565,0.106,0.585,0.308,0.742,0.954,0.607,0.345,0.094,0.609,0.319,0.322,0.172,0.605,0.949,0.694,0.887,0.592,0.638,0.742,0.358,0.351,0.75,0.339
62,0.045,0.786,0.283,0.929,0.961,0.499,0.188,0.224,0.204,0.98,0.601,0.596,0.519,0.345,0.284,0.179,0.85,0.082,0.472,0.507,0.135,0.26,0.074,0.131,0.796,0.487,0.108,0.239,0.867,0.712,0.109,0.198,0.189,0.951,0.19,0.996,0.471,0.505,0.952,0.62,0.32,0.21,0.073,0.199,0.576,0.829,0.972,0.949,0.543,0.448,0.568,0.328,0.271,0.454,0.149,0.703,0.559,0.656,0.908,0.052,0.847,0.465,0.557,0.896
64,0.946,0.653,0.706,0.79,0.641,0.75,0.244,0.688,0.377,0.339,0.095,0.08,0.975,0.902,0.909,0.923,0.271,0.593,0.122,0.011,0.786,0.562,0.673,0.377,0.482,0.008,0.204,0.909,0.662,0.49,0.935,0.722,0.998,0.41,0.755,0.086,0.913,0.107,0.299,0.75,0.875,0.729,0.749,0.732,0.043,0.991,0.967,0.204,0.614,0.31,0.864,0.424,0.774,0.564,0.383,0.272,0.591,0.611,0.33,0.189,0.773,0.891,0.342,0.291
66,0.133,0.906,0.318,0.619,0.107,0.969,0.126,0.565,0.686,0.857,0.692,0.228,0.167,0.286,0.676,0.662,0.244,0.958,0.403,0.578,0.287,0.204,0.305,0.575,0.039,0.951,0.754,0.237,0.6,0.008,0.621,0.796,0.815,0.655,0.642,0.897,0.96,0.851,0.433,0.267,0.577,0.125,0.922,0.595,0.69,0.009,0.019,0.374,0.275,0.406,0.47,0.87,0.46,0.078,0.994,0.198,0.756,0.014,0.723,0.691,0.692,0.705,0.576,0.968
68,0.071,0.244,0.613,0.781,0.737,0.485,0.315,0.502,0.769,0.849,0.942,0.599,0.965,0.249,0.449,0.608,0.138,0.368,0.505,0.71,0.291,0.008,0.432,0.762,0.15,0.789,0.838,0.064,0.978,0.93,0.145,0.567,0.099,0.555,0.468,0.074,0.309,0.851,0.423,0.098,0.312,0.012,0.49,0.654,0.108,0.802,0.225,0.4,0.765,0.764,0.28,0.042,0.23,0.965,0.37,0.573,0.185,0.662,0.74,0.463,0.766,0.536,0.6,0.675
70,0.622,0.436,0.836,0.848,0.992,0.655,0.224,0.021,0.058,0.684,0.604,0.881,0.646,0.092,0.275,0.565,0.939,0.059,0.654,0.093,0.661,0.741,0.841,0.058,0.935,0.284,0.216,0.068,0.525,0.616,0.418,0.116,0.494,0.98,0.227,0.555,0.798,0.347,0.45,0.997,0.823,0.084,0.826,0.118,0.564,0.985,0.732,0.022,0.874,0.091,0.78,0.295,0.8,0.836,0.519,0.97,0.771,0.897,0.393,0.97,0.535,0.629,0.698,0.587
72,0.481,0.522,0.523,0.245,0.691,0.312,0.868,0.283,0.78,0.678,0.623,0.811,0.804,0.107,0.214,0.841,0.647,0.091,0.13,0.331,0.489,0.485,0.229,0.284,0.144,0.922,0.669,0.035,0.444,0.328,0.195,0.393,0.791,0.335,0.685,0.419,0.528,0.961,0.745,0.829,0.655,0.439,0.598,0.044,0.941,0.459,0.231,0.649,0.361,0.436,0.079,0.774,0.054,0.293,0.853,0.674,0.467,0.222,0.718,0.116,0.11,0.077,0.291,0.451
74,0.045,0.939,0.563,0.298,0.379,0.95,0.453,0.577,0.41,0.565,0.534,0.615,0.463,0.399,0.571,0.463,0.238,0.231,0.346,0.117,0.491,0.006,0.025,0.662,0.691,0.922,0.668,0.451,0.806,0.517,0.967,0.027,0.717,0.909,0.45,0.702,0.15,0.169,0.631,0.877,0.029,0.658,0.732,0.582,0.702,0.096,0.219,0.303,0.449,0.314,0.476,0.203,0.263,0.645,0.679,0.069,0.781,0.54,0.742,0.07,0.824,0.555,0.215,0.009
76,0.55,0.753,0.162,0.598,0.543,0.465,0.591,0.259,0.913,0.088,0.101,0.751,0.243,0.915,0.044,0.451,0.366,0.083,0.425,0.009,0.293,0.685,0.087,0.8,0.557,0.57,0.987,0.942,0.605,0.678,0.372,0.837,0.649,0.715,0.504,0.649,0.792,0.829,0.358,0.599,0.418,0.605,0.196,0.988,0.668,0.679,0.253,0.754,0.244,0.777,0.106,0.253,0.463,0.632,0.116,0.947,0.723,0.275,0.345,0.449,0.637,0.343,0.32,0.103
78,0.638,0.178,0.521,0.026,0.303,0.128,0.486,0.215,0.435,0.426,0.432,0.611,0.726,0.543,0.276,0.778,0.499,0.561,0.968,0.243,0.852,0.463,0.797,0.607,0.782,0.869,0.765,0.551,0.699,0.388,0.351,0.23,0.034,0.548,0.754,0.303,0.9,0.605,0.286,0.371,0.277,0.926,0.188,0.012,0.113,0.347,0.431,0.207,0.443,0.255,0.092,0.536,0.75,0.351,0.959,0.005,0.807,0.062,0.564,0.063,0.963,0.21,0.261,0.705
80,0.301,0.4,0.291,0.755,0.389,0.506,0.638,0.176,0.417,0.655,0.776,0.587,0.113,0.511,0.614,0.072,0.199,0.35,0.535,0.649,0.502,0.513,0.198,0.999,0.261,0.101,0.911,0.203,0.637,0.084,0.022,0.337,0.106,0.357,0.643,0.602,0.916,0.007,0.621,0.462,0.532,0.652,0.761,0.994,0.455,0.892,0.761,0.013,0.898,0.159,0.374,0.757,0.406,0.818,0.706,0.502,0.455,0.195,0.424,0.469,0.791,0.915,0.056,0.455
82,0.721,0.593,0.512,0.162,0.014,0.414,0.555,0.005,0.353,0.257,0.399,0.378,0.134,0.613,0.143,0.817,0.578,0.899,0.025,0.192,0.873,0.766,0.914,0.971,0.481,0.107,0.717,0.657,0.772,0.332,0.011,0.057,0.669,0.928,0.477,0.675,0.397,0.443,0.714,0.892,0.775,0.675,0.946,0.153,0.344,0.939,0.027,0.254,0.611,0.097,0.979,0.774,0.689,0.033,0.555,0.768,0.378,0.365,0.541,0.221,0.207,0.523,0.018,0.194
84,0.471,0.311,0.267,0.986,0.09,0.124,0.894,0.529,0.018,0.797,0.368,0.649,0.152,0.38,0.411,0.39,0.148,0.805,0.945,0.953,0.191,0.771,0.461,0.712,0.564,0.311,0.821,0.417,0.976,0.537,0.138,0.875,0.568,0.13,0.143,0.224,0.149,0.731,0.969,0.802,0.914,0.936,0.757,0.484,0.29,0.637,0.511,0.687,0.939,0.342,0.11,0.464,0.737,0.565,0.73,0.332,0.351,0.219,0.876,0.887,0.231,0.206,0.481,0.873
86,0.882,0.051,0.71,0.582,0.915,0.372,0.459,0.754,0.176,0.752,0.769,0.705,0.626,0.175,0.049,0.128,0.025,0.23,0.355,0.772,0.167,0.922,0.947,0.047,0.36,0.931,0.377,0.426,0.672,0.899,0.522,0.836,0.477,0.24,0.232,0.482,0.525,0.72,0.539,0.527,0.275,0.468,0.788,0.097,0.983,0.39,0.347,0.941,0.709,0.003,0.086,0.921,0.591,0.359,0.967,0.796,0.91,0.553,0.337,0.873,0.235,0.9,0.268,0.588
88,0.737,0.949,0.195,0.724,0.11,0.404,0.872,0.466,0.677,0.645,0.371,0.001,0.679,0.622,0.959,0.004,0.964,0.018,0.968,0.725,0.719,0.832,0.539,0.313,0.575,0.849,0.612,0.399,0.408,0.228,0.821,0.232,0.8,0.864,0.832,0.716,0.631,0.736,0.795,0.366,0.616,0.969,0.258,0.704,0.304,0.229,0.834,0.266,0.842,0.52,0.588,0.969,0.132,0.324,0.649,0.689,0.942,0.426,0.516,0.367,0.983,0.953,0.005,0.882
90,0.125,0.13,0.913,0.963,0.509,0.746,0.446,0.958,0.506,0.275,0.33,0.059,0.883,0.385,0.301,0.241,0.839,0.336,0.568,0.73,0.573,0.513,0.399,0.744,0.68,0.731,0.792,0.212,0.496,0.82,0.062,0.712,0.789,0.454,0.827,0.852,0.496,0.585,0.146,0.859,0.436,0.927,0.826,0.53,0.283,0.505,0.048,0.086,0.146,0.486,0.554,0.817,0.871,0.674,0.319,0.112,0.286,0.812,0.565,0.306,0.146,0.697,0.337,0.376
92,0.933,0.101,0.413,0.933,0.27,0.014,0.204,0.693,0.586,0.52,0.15,0.074,0.558,0.708,0.595,0.925,0.19,0.246,0.844,0.786,0.222,0.558,0.185,0.195,0.405,0.158,0.073,0.919,0.346,0.292,0.608,0.69,0.709,0.959,0.531,0.365,0.618,0.266,0.43,0.513,0.348,0.86,0.052,0.565,0.349,0.285,0.521,0.355,0.482,0.477,0.038,0.429,0.333,0.103,0.153,0.215,0.819,0.654,0.548,0.535,0.304,0.941,0.767,0.64
94,0.68,0.703,0.908,0.622,0.913,0.781,0.52,0.094,0.813,0.977,0.698,0.894,0.406,0.221,0.548,0.603,0.444,0.707,0.541,0.495,0.05,0.1,0.334,0.701,0.301,0.206,0.417,0.215,0.035,0.507,0.295,0.226,0.007,0.128,0.824,0.773,0.42,0.906,0.911,0.103,0.836,0.35,0.695,0.794,0.296,0.864,0.644,0.159,0.656,0.115,0.751,0.342,0.826,0.853,0.186,0.258,0.656,0.076,0.336,0.648,0.343,0.136,0.584,0.536
96,0.203,0.159,0.367,0.645,0.488,0.621,0.564,0.857,0.232,0.112,0.163,0.769,0.135,0.243,0.338,0.62,0.89,0.936,0.886,0.278,0.088,0.543,0.988,0.166,0.581,0.232,0.63,0.199,0.003,0.344,0.242,0.721,0.087,0.541,0.237,0.9,0.37,0.479,0.773,0.391,0.322,0.512,0.357,0.798,0.621,0.525,0.63,0.176,0.463,0.419,0.265,0.573,0.134,0.525,0.609,0.629,0.998,0.708,0.057,0.799,0.89,0.955,0.393,0.75
98,0.977,0.77,0.491,0.135,0.032,0.259,0.918,0.16,0.151,0.684,0.591,0.786,0.894,0.3,0.821,0.151,0.718,0.411,0.582,0.718,0.56,0.235,0.496,0.724,0.379,0.978,0.016,0.739,0.979,0.821,0.255,0.661,0.15,0.793,0.869,0.154,0.321,0.582,1.0,0.885,0.157,0.392,0.526,0.853,0.195,0.472,0.914,0.841,0.532,0.641,0.327,0.296,0.912,0.904,0.337,0.718,0.92,0.641,0.54,0.955,0.042,0.619,0.563,0.319
100,0.429,0.389,0.425,0.591,0.128,0.797,0.336,0.343,0.625,0.374,0.262,0.867,0.67,0.749,0.156,0.756,0.131,0.841,0.469,0.722,0.09,0.09,0.411,0.829,0.582,0.15,0.692,0.404,0.535,0.269,0.423,0.167,0.278,0.218,0.893,0.762,0.588,0.124,0.145,0.894,0.791,0.905,0.315,0.597,0.631,0.508,0.432,0.329,0.65,0.801,0.586,0.166,0.529,0.139,0.516,0.905,0.533,0.029,0.361,0.291,0.181,0.493,0.538,0.065
102,0.091,0.385,0.061,0.628,0.844,0.013,0.009,0.062,0.294,0.946,0.275,0.995,0.715,0.754,0.83,0.854,0.411,0.652,0.153,0.811,0.121,0.581,0.268,0.806,0.059,0.209,0.93,0.102,0.292,0.471,0.227,0.781,0.829,0.995,0.135,0.838,0.371,0.25,0.358,0.739,0.382,0.493,0.07,0.022,0.582,0.51,0.077,0.008,0.083,0.244,0.544,0.994,0.618,0.581,0.314,0.002,0.561,0.136,0.199,0.59,0.802,0.272,0.938,0.919
104,0.811,0.989,0.144,0.361,0.104,0.47,0.94,0.753,0.682,0.17,0.41,0.365,0.349,0.42,0.17,0.685,0.611,0.024,0.376,0.18,0.375,0.695,0.559,0.763,0.552,0.894,0.514,0.06,0.472,0.675,0.032,0.984,0.773,0.491,0.289,0.537,0.648,0.629,0.736,0.643,0.623,0.834,0.5,0.631,0.556,0.165,0.465,0.405,0.522,0.835,0.272,0.845,0.608,0.003,0.118,0.918,0.686,0.858,0.886,0.558,0.213,0.853,0.14,0.641
106,0.446,0.429,0.177,0.729,0.65,0.717,0.982,0.521,0.242,0.102,0.495,0.044,0.013,0.766,0.29,0.944,0.639,0.793,0.906,0.12,0.349,0.249,0.738,0.167,0.773,0.441,0.49,0.015,0.929,0.703,0.612,0.666,0.978,0.746,0.001,0.464,0.095,0.946,0.587,0.477,0.33,0.121,0.951,0.548,0.06,0.351,0.61,0.307,0.627,0.708,0.057,0.012,0.827,0.988,0.3,0.745,0.739,0.818,0.358,0.226,0.831,0.334,0.345,0.248
108,0.683,0.873,0.762,0.284,0.439,0.747,0.018,0.885,0.084,0.119,0.689,0.589,0.003,0.257,0.886,0.023,0.234,0.778,0.711,0.68,0.305,0.121,0.816,0.403,0.195,0.309,0.656,0.184,0.975,0.85,0.954,0.236,0.303,0.932,0.469,0.323,0.783,0.071,0.513,0.235,0.158,0.271,0.118,0.3,0.536,0.677,0.105,0.816,0.746,0.813,0.064,0.021,0.569,0.836,0.751,0.209,0.72,0.392,0.917,0.592,0.875,0.287,0.704,0.931
110,0.814,0.908,0.317,0.112,0.965,0.424,0.321,0.689,0.979,0.103,0.689,0.57,0.014,0.374,0.86,0.359,0.288,0.792,0.643,0.923,0.206,0.321,0.43,0.191,0.297,0.746,0.329,0.385,0.927,0.645,0.117,0.775,0.07,0.208,0.464,0.299,0.34,0.248,0.1,0.512,0.654,0.479,0.39,0.796,0.013,0.487,0.903,0.86,0.959,0.453,0.239,0.707,0.444,0.931,0.446,0.872,0.994,0.847,0.784,0.446,0.705,0.791,0.538,0.382
112,0.559,0.295,0.079,0.728,0.603,0.908,0.32,0.641,0.043,0.847,0.875,0.593,0.457,0.577,0.249,0.973,0.362,0.119,0.345,0.414,0.63,0.158,0.419,0.104,0.676,0.275,0.327,0.32,0.064,0.918,0.791,0.923,0.471,0.189,0.107,0.251,0.781,0.53,0.713,0.394,0.28,0.591,0.876,0.76,0.348,0.005,0.821,0.061,0.916,0.273,0.638,0.415,0.85,0.734,0.53,0.048,0.144,0.528,0.428,0.474,0.838,0.252,0.202,0.132
114,0.42,0.519,0.255,0.105,0.442,0.539,0.912,0.052,0.189,0.127,0.399,0.688,0.21,0.005,0.436,0.418,0.283,0.824,0.295,0.469,0.626,0.231,0.154,0.969,0.538,0.235,0.378,0.539,0.344,0.095,0.591,0.794,0.401,0.43,0.514,0.885,0.825,0.205,0.12,0.386,0.762,0.797,0.791,0.29,0.797,0.462,0.945,0.759,0.439,0.954,0.795,0.441,0.072,0.925,0.361,0.582,0.412,0.187,0.686,0.767,0.193,0.512,0.042,0.272
116,0.661,0.807,0.258,0.138,0.216,0.496,0.813,0.946,0.124,0.199,0.52,0.044,0.263,0.449,0.326,0.65,0.531,0.48,0.158,0.783,0.813,0.449,0.252,0.827,0.713,0.277,0.934,0.172,0.306,0.355,0.959,0.876,0.427,0.7,0.365,0.886,0.418,0.601,0.332,0.749,0.733,0.843,0.828,0.447,0.418,0.506,0.326,0.286,0.716,0.72,0.011,0.617,0.493,0.474,0.44,0.227,0.165,0.379,0.241,0.878,0.894,0.073,0.14,0.135
118,0.31,0.859,0.359,0.588,0.233,0.36,0.481,0.299,0.287,0.848,0.327,0.121,0.755,0.925,0.845,0.37,0.824,0.591,0.359,0.277,0.107,0.613,0.325,0.961,0.91,0.859,0.356,0.977,0.531,0.138,0.24,0.787,0.85,0.175,0.744,0.181,0.054,0.507,0.085,0.789,0.257,0.883,0.437,0.289,0.263,0.912,0.079,0.405,0.119,0.233,0.693,0.484,0.725,0.934,0.111,0.441,0.119,0.565,0.584,0.245,0.383,0.75,0.145,0.244
120,0.467,0.99,0.642,0.186,0.08,0.285,0.516,0.946,0.958,0.873,0.707,0.89,0.988,0.152,0.787,0.095,0.315,0.835,0.181,0.201,0.236,0.141,0.838,0.558,0.46,0.967,0.819,0.511,0.461,0.457,0.212,0.578,0.564,0.107,0.307,0.061,0.796,0.045,0.997,0.004,0.225,0.026,0.317,0.553,0.839,0.789,0.25,0.564,0.102,0.512,0.146,0.255,0.462,0.424,0.989,0.986,0.926,0.819,0.566,0.905,0.532,0.396,0.684,0.981
122,0.484,0.124,0.995,0.795,0.528,0.033,0.984,0.03,0.542,0.605,0.289,0.692,0.513,0.714,0.731,0.964,0.137,0.945,0.796,0.701,0.903,0.682,0.82,0.978,0.582,0.36,0.076,0.636,0.385,0.106,0.294,0.262,0.099,0.567,0.436,0.824,0.932,0.47,0.613,0.4,0.074,0.021,0.42,0.933,0.538,0.009,0.346,0.177,0.615,0.305,0.078,0.307,0.46,0.165,0.65,0.94,0.639,0.632,0.265,0.771,0.274,0.704,0.197,0.131
124,0.877,0.273,0.57,0.879,0.369,0.796,0.06,0.544,0.002,0.698,0.589,0.68,0.887,0.534,0.719,0.258,0.312,0.846,0.028,0.953,0.117,0.663,0.621,0.413,0.455,0.476,0.113,0.871,0.945,0.872,0.468,0.5,0.444,0.69,0.849,0.989,0.742,0.8,0.217,0.274,0.065,0.414,0.445,0.584,0.215,0.751,0.9,0.571,0.97,0.78,0.327,0.856,0.609,0.723,0.147,0.204,0.963,0.715,0.296,0.631,0.731,0.586,0.22,0.095
126,0.182,0.411,0.478,0.547,0.177,0.215,0.431,0.335,0.027,0.531,0.598,0.625,0.061,0.088,0.1,0.308,0.225,0.131,0.161,0.292,0.953,0.692,0.261,0.309,0.333,0.373,0.916,0.074,0.355,0.243,0.175,0.699,0.372,0.907,0.96,0.581,0.728,0.934,0.41,0.956,0.879,0.595,0.66,0.642,0.686,0.791,0.86,0.122,0.67,0.796,0.171,0.94,0.253,0.292,0.822,0.884,0.77,0.265,0.59,0.548,0.847,0.964,0.756,0.302
128,0.462,0.934,0.391,0.018,0.738,0.604,0.105,0.202,0.379,0.214,0.211,0.975,0.337,0.286,0.843,0.548,0.21,0.941,0.234,0.08,0.396,0.247,0.161,0.801,0.694,0.466,0.106,0.654,0.114,0.085,0.114,0.235,0.36,0.83,0.153,0.16,0.695,0.081,0.979,0.083,0.248,0.043,0.647,0.859,0.023,0.754,0.402,0.244,0.796,0.804,0.041,0.628,0.705,0.638,0.064,0.457,0.239,0.514,0.279,0.278,0.678,0.788,0.906,0.517
130,0.444,0.799,0.801,0.957,0.726,0.186,0.552,0.472,0.84,0.674,0.579,0.27,0.166,0.351,0.475,0.394,0.177,0.029,0.94,0.605,0.627,0.953,0.13,0.145,0.323,0.303,0.684,0.663,0.526,0.558,0.324,0.051,0.747,0.055,0.364,0.376,0.482,0.65,0.705,0.306,0.343,0.598,0.155,0.853,0.589,0.115,0.282,0.554,0.479,0.899,0.931,0.749,0.915,0.522,0.286,0.471,0.834,0.859,0.096,0.424,0.023,0.307,0.653,0.034
132,0.738,0.91,0.823,0.428,0.966,0.701,0.596,0.701,0.688,0.224,0.914,0.84,0.652,0.414,0.001,0.903,0.671,0.023,0.156,0.573,0.023,0.261,0.426,0.042,0.62,0.024,0.896,0.507,0.835,0.579,0.605,0.297,0.862,0.544,0.534,0.787,0.64,0.885,0.878,0.408,0.511,0.749,0.342,0.256,0.884,0.332,0.011,0.061,0.919,0.189,0.79,0.811,0.313,0.942,0.554,0.427,0.683,0.495,0.625,0.279,0.022,0.662,0.008,0.976
134,0.796,0.427,0.384,0.01,0.078,0.337,0.615,0.528,0.966,0.562,0.893,0.566,0.486,0.076,0.043,0.034,0.795,0.949,0.625,0.212,0.03,0.358,0.317,0.204,0.984,0.266,0.167,0.112,0.97,0.911,0.619,0.115,0.714,0.703,0.779,0.06,0.524,0.222,0.789,0.71,0.741,0.26,0.947,0.271,0.431,0.263,0.377,0.768,0.249,0.093,0.228,0.953,0.144,0.341,0.648,0.656,0.606,0.999,0.853,0.618,0.806,0.458,0.76,0.832
136,0.189,0.161,0.938,0.079,0.942,0.993,0.645,0.841,0.454,0.993,0.187,0.367,0.243,0.565,0.854,0.389,0.827,0.141,0.417,0.931,1.0,0.358,0.156,0.012,0.44,0.446,0.794,0.846,0.08,0.717,0.389,0.755,0.003,0.247,0.557,0.126,0.856,0.772,0.489,0.637,0.862,0.542,0.298,0.534,0.063,0.755,0.124,0.209,0.581,0.055,0.465,0.149,0.554,0.172,0.64,0.837,0.118,0.603,0.803,0.15,0.724,0.818,0.06,0.688
138,0.067,0.12,0.78,0.339,0.641,0.207,0.621,0.95,0.298,0.657,0.29,0.683,0.931,0.595,0.661,0.873,0.518,0.159,0.571,0.2,0.886,0.749,0.123,0.373,0.406,0.895,0.426,0.321,0.697,0.742,0.347,0.971,0.7,0.149,0.726,0.172,0.491,0.642,0.968,0.381,0.321,0.696,0.83,0.72,0.086,0.207,0.497,0.716,0.536,0.272,0.295,0.786,0.452,0.859,0.384,0.646,0.227,0.909,0.577,0.448,0.184,0.471,0.201,0.404
140,0.169,0.398,0.445,0.84,0.827,0.195,0.316,0.337,0.002,0.49,0.864,0.246,0.034,0.834,0.963,0.299,0.309,0.234,0.653,0.302,0.852,0.876,0.722,0.374,0.882,0.172,0.851,0.485,0.316,0.126,0.291,0.982,0.292,0.358,0.508,0.52,0.056,0.621,0.624,0.839,0.676,0.782,0.804,0.961,0.388,0.504,0.004,0.399,0.482,0.28,0.263,0.711,0.309,0.076,0.741,0.947,0.406,0.124,0.995,0.933,0.949,0.564,0.468,0.802
142,0.673,0.652,0.4,0.498,0.933,0.957,0.466,0.035,0.392,0.589,0.793,0.683,0.534,0.931,0.631,0.136,0.976,0.988,0.949,0.573,0.978,0.185,0.754,0.873,0.177,0.329,0.416,0.379,0.138,0.83,0.321,0.691,0.362,0.593,0.442,0.295,0.943,0.375,0.535,0.541,0.233,0.913,0.562,0.328,0.609,0.821,0.186,0.386,0.837,0.989,0.322,0.741,0.06,0.823,0.462,0.925,0.535,0.123,0.788,0.579,0.917,0.828,0.176,0.187
144,0.374,0.767,0.791,0.138,0.638,0.372,0.404,0.026,0.904,0.7,0.022,0.098,0.696,0.214,0.508,0.784,0.64,0.842,0.755,0.649,0.503,0.223,0.732,0.6,0.771,0.164,0.963,0.295,0.417,0.217,0.601,0.144,0.111,0.656,0.252,0.601,0.397,0.721,0.723,0.518,0.155,0.615,0.697,0.915,0.273,0.475,0.52,0.599,0.802,0.743,0.361,0.413,0.857,0.718,0.402,0.562,0.829,0.613,0.893,0.352,0.387,0.513,0.747,0.441
146,0.963,0.314,0.188,0.703,0.701,0.465,0.666,0.373,0.012,0.43,0.112,0.42,0.484,0.829,0.468,0.863,0.135,0.073,0.101,0.812,0.534,0.39,0.263,0.069,0.326,0.634,0.675,0.347,0.862,0.023,0.327,0.117,0.178,0.578,0.173,0.849,0.092,0.933,0.736,0.653,0.415,0.415,0.473,0.278,0.101,0.223,0.294,0.011,0.868,0.263,0.957,0.114,0.175,0.266,0.955,0.112,0.731,0.412,0.686,0.666,0.221,0.838,0.541,0.728
148,0.425,0.123,0.114,0.109,0.155,0.521,0.944,0.931,0.91,0.06,0.183,0.077,0.83,0.158,0.213,0.527,0.92,0.466,0.037,0.168,0.14,0.773,0.147,0.605,0.693,0.933,0.615,0.259,0.526,0.128,0.689,0.203,0.691,0.994,0.886,0.68,0.917,0.882,0.989,0.154,0.791,0.314,0.757,0.856,0.581,0.006,0.867,0.781,0.995,0.191,0.026,0.098,0.152,0.71,0.083,0.701,0.393,0.344,0.657,0.319,0.631,0.455,0.656,0.856
150,0.516,0.875,0.467,0.061,0.108,0.99,0.168,0.204,0.199,0.112,0.947,0.423,0.01,0.704,0.83,0.314,0.749,0.33,0.462,0.267,0.241,0.625,0.392,0.368,0.528,0.165,0.408,0.316,0.289,0.09,0.242,0.107,0.298,0.432,0.727,0.085,0.403,0.47,0.833,0.562,0.174,0.427,0.76,0.675,0.406,0.689,0.613,0.452,0.507,0.744,0.729,0.909,0.05,0.684,0.014,0.669,0.505,0.663,0.676,0.915,0.831,0.115,0.907,0.729
152,0.699,0.12,0.956,0.227,0.087,0.574,0.211,0.612,0.772,0.838,0.06,0.985,0.643,0.211,0.448,0.346,0.116,0.731,0.843,0.675,0.055,0.253,0.126,0.642,0.746,0.944,0.372,0.845,0.866,0.325,0.056,0.782,0.751,0.791,0.316,0.08,0.171,0.651,0.994,0.564,0.911,0.968,0.54,0.163,0.906,0.918,0.113,0.269,0.868,0.282,0.283,0.071,0.179,0.71,0.89,0.366,0.891,0.105,0.357,0.483,0.652,0.328,0.71,0.272
154,0.299,0.967,0.145,0.667,0.279,0.032,0.326,0.316,0.744,0.633,0.977,0.046,0.941,0.559,0.807,0.325,0.136,0.2,0.805,0.773,0.639,0.269,0.006,0.86,0.408,0.933,0.145,0.005,0.752,0.56,0.827,0.618,0.942,0.934,0.296,0.791,0.205,0.045,0.35,0.513,0.484,0.098,0.526,0.412,0.143,0.088,0.159,0.219,0.437,0.732,0.448,0.159,0.513,0.531,0.273,0.433,0.568,0.535,0.69,0.249,0.74,0.449,0.968,0.735
156,0.424,0.65,0.089,0.463,0.991,0.475,0.592,0.83,0.92,0.082,0.526,0.805,0.76,0.781,0.927,0.901,0.379,0.713,0.336,0.568,0.486,0.195,0.525,0.805,0.889,0.17,0.884,0.268,0.736,0.428,0.715,0.676,0.775,0.196,0.098,0.041,0.842,0.242,0.908,0.064,0.776,0.766,0.168,0.052,0.156,0.343,0.822,0.802,0.124,0.276,0.415,0.29,0.754,0.672,0.98,0.744,0.576,0.582,0.097,0.823,0.405,0.712,0.039,0.307
158,0.459,0.441,0.526,0.783,0.925,0.036,0.624,0.613,0.516,0.094,0.517,0.336,0.654,0.525,0.402,0.279,0.44,0.06,0.97,0.649,0.984,0.345,0.223,0.065,0.087,0.825,0.38,0.698,0.611,0.971,0.302,0.824,0.797,0.24,0.902,0.824,0.325,0.283,0.346,0.306,0.143,0.506,0.686,0.807,0.586,0.253,0.618,0.836,0.148,0.668,0.944,0.571,0.593,0.839,0.028,0.186,0.436,0.46,0.185,0.741,0.911,0.72,0.467,0.589
160,0.193,0.901,0.846,0.902,0.195,0.013,0.85,0.758,0.351,0.558,0.794,0.496,0.715,0.901,0.556,0.385,0.621,0.927,0.529,0.388,0.731,0.935,0.781,0.724,0.139,0.819,0.222,0.941,0.203,0.649,0.334,0.514,0.179,0.751,0.15,0.904,0.773,0.725,0.764,0.95,0.013,0.808,0.56,0.022,0.546,0.417,0.211,0.239,0.498,0.081,0.454,0.234,0.998,0.759,0.885,0.859,0.87,0.532,0.013,0.269,0.961,0.892,0.552,0.096
162,0.838,0.801,0.025,0.221,0.663,0.939,0.067,0.905,0.498,0.082,0.493,0.357,0.39,0.678,0.261,0.938,0.6,0.358,0.984,0.156,0.337,0.068,0.773,0.023,0.337,0.771,0.954,0.231,0.626,0.336,0.049,0.409,0.268,0.095,0.537,0.13,0.097,0.813,0.855,0.826,0.598,0.414,0.966,0.872,0.843,0.194,0.221,0.585,0.359,0.35,0.782,0.028,0.769,0.627,0.801,0.538,0.333,0.497,0.51,0.331,0.907,0.538,0.901,0.663
164,0.853,0.939,0.12,0.195,0.455,0.534,0.578,0.381,0.067,0.394,0.523,0.092,0.0,0.284,0.735,0.596,0.774,0.671,0.34,0.593,0.566,0.643,0.237,0.621,0.22,0.468,0.135,0.955,0.555,0.234,0.406,0.852,0.864,0.275,0.096,0.61,0.042,0.167,0.795,0.13,0.469,0.394,0.393,0.555,0.746,0.784,0.65,0.564,0.577,0.959,0.797,0.019,0.824,0.535,0.148,0.148,0.957,0.682,0.998,0.828,0.983,0.586,0.028,0.046
166,0.614,0.131,0.407,0.009,0.967,0.683,0.179,0.166,0.836,0.257,0.627,0.208,0.871,0.045,0.003,0.058,0.827,0.683,0.482,0.471,0.69,0.294,0.817,0.34,0.639,0.785,0.645,0.148,0.152,0.284,0.173,0.938,0.618,0.138,0.157,0.259,0.874,0.831,0.983,0.506,0.327,0.121,0.396,0.242,0.304,0.001,0.319,0.487,0.165,0.405,0.569,0.486,0.063,0.009,0.682,0.579,0.901,0.485,0.578,0.346,0.817,0.535,0.495,0.833
168,0.598,0.999,0.155,0.399,0.685,0.328,0.988,0.805,0.943,0.586,0.597,0.789,0.173,0.718,0.473,0.408,0.938,0.799,0.271,0.174,0.748,0.23,0.297,0.89,0.41,0.45,0.784,0.608,0.822,0.106,0.212,0.956,0.643,0.246,0.069,0.201,0.67,0.716,0.343,0.662,0.323,0.949,0.456,0.14,0.442,0.902,0.928,0.74,0.757,0.98,0.303,0.92,0.272,0.154,0.585,0.253,0.901,0.89,0.447,0.803,0.294,0.012,0.068,0.287
170,0.486,0.654,0.601,0.302,0.847,0.48,0.021,0.75,0.179,0.778,0.915,0.716,0.964,0.468,0.691,0.677,0.018,0.958,0.014,0.038,0.266,0.612,0.572,0.212,0.816,0.116,0.416,0.258,0.482,0.048,0.805,0.319,0.041,0.436,0.825,0.017,0.658,0.052,0.424,0.488,0.238,0.094,0.972,0.973,0.759,0.59,0.967,0.069,0.014,0.0,0.898,0.863,0.979,0.482,0.91,0.456,0.84,0.531,0.559,0.829,0.564,0.296,0.59,0.21
172,0.42,0.104,0.029,0.574,0.212,0.225,0.406,0.857,0.235,0.406,0.565,0.234,0.301,0.169,0.074,0.411,0.715,0.124,0.261,0.236,0.917,0.117,0.507,0.077,0.878,0.278,0.132,0.108,0.875,0.811,0.787,0.829,0.625,0.143,0.823,0.512,0.158,0.371,0.232,0.383,0.797,0.541,0.302,0.069,0.081,0.58,0.44,0.17,0.451,0.886,0.602,0.961,0.076,0.822,0.375,0.613,0.125,0.79,0.11,0.319,0.581,0.426,0.745,0.405
174,0.451,0.454,0.537,0.048,0.497,0.334,0.651,0.388,0.793,0.338,0.322,0.362,0.765,0.43,0.197,0.483,0.862,0.616,0.851,0.255,0.897,0.388,0.373,0.037,0.771,0.543,0.448,0.197,0.679,0.323,0.608,0.544,0.295,0.606,0.511,0.522,0.459,0.228,0.72,0.764,0.736,0.94,0.247,0.944,0.471,0.162,0.774,0.147,0.526,0.361,0.361,0.101,0.389,0.502,0.755,0.719,0.529,0.959,0.441,0.693,0.51,0.922,0.211,0.897
176,0.803,0.647,0.735,0.375,0.342,0.218,0.886,0.812,0.734,0.408,0.22,0.581,0.889,0.174,0.601,0.144,0.321,0.498,0.683,0.547,0.311,0.445,0.072,0.246,0.005,0.976,0.131,0.768,0.337,0.739,0.673,0.858,0.539,0.165,0.082,0.127,0.253,0.685,0.003,0.46,0.707,0.61,0.591,0.246,0.151,0.239,0.116,0.438,0.565,0.189,0.928,0.241,0.629,0.919,0.748,0.964,0.549,0.851,0.264,0.075,0.01,0.374,0.337,0.945
178,0.964,0.905,0.425,0.454,0.946,0.247,0.253,0.918,0.298,0.61,0.084,0.024,0.759,0.482,0.459,0.884,0.368,0.181,0.061,0.11,0.225,0.917,0.809,0.254,0.55,0.285,0.057,0.085,0.921,0.402,0.234,0.611,0.094,0.04,0.648,0.098,0.439,0.243,0.65,0.344,0.066,0.155,0.787,0.679,0.224,0.346,0.068,0.808,0.551,0.24,0.324,0.655,0.553,0.626,0.449,0.429,0.483,0.595,0.866,0.678,0.45,0.972,0.313,0.213
180,0.048,0.327,0.247,0.072,0.507,0.546,0.119,0.212,0.95,0.457,0.004,0.998,0.829,0.292,0.897,0.552,0.543,0.552,0.578,0.739,0.028,0.889,0.98,0.792,0.657,0.988,0.993,0.074,0.493,0.713,0.557,0.638,0.58,0.507,0.701,0.142,0.523,0.331,0.093,0.033,0.737,0.994,0.215,0.562,0.621,0.64,0.791,0.838,0.021,0.943,0.612,0.235,0.365,0.22,0.96,0.865,0.797,0.546,0.625,0.43,0.199,0.673,0.793,0.42
182,0.069,0.527,0.963,0.271,0.519,0.633,0.98,0.444,0.838,0.418,0.98,0.622,0.623,0.804,0.038,0.595,0.89,0.92,0.93,0.214,0.99,0.897,0.215,0.883,0.774,0.042,0.055,0.888,0.99,0.691,0.214,0.798,0.921,0.723,0.203,0.232,0.844,0.427,0.218,0.636,0.974,0.285,0.004,0.399,0.451,0.113,0.246,0.895,0.82,0.828,0.04,0.707,0.565,0.043,0.077,0.242,0.281,0.77,0.382,0.164,0.555,0.205,0.597,0.402
184,0.233,0.633,0.838,0.932,0.005,0.095,0.051,0.177,0.927,0.248,0.861,0.051,0.195,0.055,0.075,0.804,0.163,0.035,0.062,0.72,0.271,0.24,0.955,0.67,0.413,0.308,0.63,0.473,0.705,0.668,0.632,0.934,0.854,0.665,0.938,0.473,0.907,0.445,0.604,0.751,0.75,0.296,0.112,0.372,0.964,0.767,0.412,0.403,0.998,0.434,0.708,0.03,0.965,0.689,0.737,0.513,0.164,0.811,0.161,0.393,0.186,0.24,0.931,0.92
186,0.775,0.883,0.44,0.683,0.267,0.222,0.649,0.798,0.554,0.529,0.225,0.073,0.912,0.97,0.223,0.989,0.929,0.561,0.132,0.592,0.946,0.183,0.386,0.298,0.028,0.508,0.149,0.108,0.663,0.615,0.686,0.27,0.003,0.752,0.313,0.549,0.741,0.675,0.713,0.813,0.009,0.002,0.959,0.523,0.815,0.811,0.651,0.944,0.841,0.308,0.772,0.29,0.682,0.193,0.393,0.177,0.376,0.21,0.572,0.593,0.4,0.105,0.524,0.941
188,0.822,0.864,0.287,0.604,0.473,0.958,0.628,0.136,0.668,0.812,0.179,0.41,0.345,0.861,0.992,0.041,0.216,0.701,0.382,0.699,0.758,0.525,0.89,0.086,0.291,0.841,0.32,0.616,0.963,0.437,0.289,0.933,0.258,0.012,0.453,0.933,0.656,0.639,0.824,0.589,0.721,0.832,0.186,0.306,0.551,0.754,0.55,0.884,0.598,0.985,0.102,0.78,0.776,0.756,0.738,0.93,0.393,0.92,0.08,0.568,0.159,0.134,0.463,0.167
190,0.943,0.651,0.061,0.892,0.333,0.739,0.591,0.675,0.758,0.786,0.458,0.547,0.801,0.718,0.706,0.49,0.766,0.917,0.568,0.042,0.297,0.824,0.072,0.546,0.75,0.305,0.188,0.743,0.906,0.915,0.561,0.824,0.949,0.764,0.174,0.151,0.338,0.245,0.612,0.666,0.737,0.078,0.618,0.233,0.722,0.598,0.739,0.539,0.657,0.597,0.029,0.861,0.777,0.115,0.027,0.065,0.18,0.226,0.773,0.557,0.752,0.429,0.745,0.906
192,0.618,0.904,0.293,0.626,0.041,0.229,0.207,0.397,0.566,0.447,0.3,0.051,0.812,0.314,0.166,0.29,0.727,0.717,0.799,0.557,0.787,0.828,0.782,0.009,0.912,0.164,0.953,0.282,0.788,0.406,0.225,0.948,0.7,0.971,0.975,0.424,0.101,0.194,0.415,0.085,0.956,0.659,0.009,0.666,0.773,0.441,0.151,0.565,0.039,0.902,0.239,0.664,0.084,0.659,0.845,0.742,0.851,0.05,0.874,0.906,0.632,0.229,0.203,0.373
194,0.49,0.172,0.606,0.082,0.368,0.155,0.655,0.819,0.629,0.891,0.952,0.802,0.673,0.692,0.625,0.47,0.151,0.483,0.249,0.978,0.385,0.034,0.339,0.716,0.339,0.849,0.047,0.992,0.935,0.346,0.655,0.582,0.998,0.388,0.882,0.377,0.492,0.994,0.229,0.527,0.922,0.879,0.054,0.958,0.675,0.031,0.305,0.612,0.587,0.368,0.664,0.526,0.15,0.466,0.958,0.741,0.448,0.251,0.508,0.641,0.08,0.164,0.38,0.063
196,0.151,0.977,0.189,0.781,0.36,0.322,0.291,0.782,0.32,0.419,0.354,0.552,0.25,0.526,0.737,0.885,0.562,0.692,0.615,0.434,0.623,0.281,0.962,0.204,0.906,0.003,0.754,0.189,0.879,0.667,0.405,0.739,0.923,0.561,0.601,0.118,0.165,0.681,0.011,0.892,0.777,0.179,0.564,0.747,0.716,0.593,0.583,0.917,0.754,0.588,0.725,0.202,0.453,0.651,0.99,0.21,0.844,0.388,0.96,0.236,0.981,0.495,0.605,0.28
198,0.377,0.046,0.305,0.492,0.782,0.376,0.345,0.541,0.713,0.817,0.906,0.554,0.437,0.967,0.452,0.867,0.881,0.435,0.039,0.828,0.707,0.192,0.522,0.981,0.349,0.234,0.788,0.054,0.666,0.622,0.074,0.502,0.201,0.198,0.355,0.171,0.9,0.132,0.732,0.682,0.567,0.18,0.525,0.967,0.069,0.178,0.341,0.833,0.353,0.752,0.35,0.575,0.754,0.259,0.35,0.547,0.874,0.52,0.839,0.801,0.742,0.668,0.075,0.827
200,0.008,0.079,0.001,0.689,0.14,0.952,0.856,0.769,0.914,0.842,0.364,0.319,0.257,0.414,0.741,0.118,0.994,0.305,0.506,0.015,0.274,0.803,0.664,0.244,0.692,0.011,0.203,0.316,0.269,0.674,0.05,0.825,0.299,0.877,0.612,0.579,0.982,0.783,0.212,0.265,0.023,0.778,0.226,0.742,0.402,0.082,0.456,0.213,0.64,0.038,0.27,0.722,0.706,0.804,0.067,0.706,0.314,0.788,0.546,0.024,0.279,0.174,0.61,0.492
202,0.546,0.676,0.279,0.513,0.757,0.195,0.105,0.205,0.502,0.359,0.061,0.66,0.922,0.655,0.612,0.149,0.871,0.346,0.809,0.562,0.375,0.728,0.846,0.674,0.505,0.774,0.512,0.034,0.337,0.51,0.003,0.155,0.813,0.795,0.246,0.326,0.868,0.762,0.984,0.637,0.303,0.808,0.914,0.049,0.557,0.087,0.1,0.017,0.735,0.925,0.384,0.136,0.383,0.977,0.964,0.37,0.473,0.665,0.802,0.996,0.425,0.855,0.353,0.444
204,0.464,0.565,0.152,0.366,0.112,0.727,0.712,0.949,0.899,0.745,0.72,0.557,0.406,0.418,0.195,0.836,0.521,0.962,0.705,0.737,0.14,0.872,0.238,0.726,0.79,0.239,0.017,0.443,0.262,0.776,0.736,0.605,0.364,0.626,0.274,0.554,0.097,0.826,0.751,0.217,0.552,0.984,0.936,0.25,0.639,0.215,0.809,0.164,0.825,0.724,0.96,0.305,0.127,0.966,0.41,0.243,0.884,0.303,0.564,0.896,0.219,0.319,0.357,0.341
206,0.812,0.215,0.729,0.768,0.723,0.633,0.071,0.937,0.861,0.11,0.538,0.147,0.217,0.385,0.032,0.731,0.483,0.491,0.568,0.102,0.025,0.543,0.052,0.735,0.841,0.648,0.182,0.327,0.62,0.675,0.177,0.579,0.186,0.023,0.675,0.607,0.433,0.545,0.972,0.676,0.351,0.409,0.266,0.458,0.917,0.624,0.56,0.525,0.915,0.902,0.48,0.69,0.825,0.973,0.015,0.143,0.318,0.07,0.741,0.717,0.418,0.913,0.129,0.564
208,0.74,0.282,0.137,0.752,0.874,0.051,0.19,0.958,0.202,0.36,0.067,0.114,0.594,0.669,0.944,0.987,0.518,0.122,0.997,0.95,0.568,0.371,0.007,0.573,0.638,0.287,0.613,0.189,0.758,0.021,0.934,0.701,0.719,0.75,0.227,0.983,0.784,0.932,0.351,0.553,0.15,0.98,0.773,0.796,0.693,0.564,0.203,0.131,0.976,0.386,0.516,0.691,0.033,0.575,0.233,0.475,0.155,0.491,0.043,0.336,0.968,0.73,0.336,0.167
210,0.243,0.65,0.212,0.839,0.455,0.323,0.5,0.343,0.211,0.641,0.488,0.276,0.623,0.445,0.107,0.518,0.234,0.407,0.575,0.789,0.404,0.268,0.09,0.758,0.643,0.825,0.32,0.385,0.023,0.446,0.33,0.326,0.192,0.78,0.7,0.761,0.796,0.734,0.65,0.29,0.191,0.038,0.297,0.612,0.261,0.858,0.116,0.426,0.403,0.341,0.663,0.186,0.882,0.007,0.245,0.92,0.075,0.707,0.65,0.473,0.603,0.117,0.387,0.921
212,0.989,0.337,0.508,0.424,0.985,0.462,0.862,0.07,0.358,0.772,0.631,0.381,0.866,0.589,0.791,0.915,0.232,0.308,0.777,0.552,0.387,0.246,0.99,0.798,0.686,0.333,0.455,0.375,0.642,0.063,0.058,0.727,0.387,0.097,0.202,0.047,0.998,0.306,0.701,0.483,0.992,0.148,0.559,0.403,0.197,0.041,0.117,0.265,0.875,0.815,0.527,0.244,0.541,0.375,0.166,0.655,0.742,0.728,0.062,0.126,0.886,0.042,0.965,0.38
214,0.738,0.82,0.701,0.793,0.069,0.427,0.598,0.428,0.773,0.78,0.132,0.067,0.32,0.726,0.073,0.678,0.115,0.212,0.265,0.191,0.254,0.437,0.314,0.095,0.201,0.722,0.192,0.896,0.249,0.903,0.633,0.066,0.076,0.13,0.212,0.764,0.034,0.454,0.603,0.267,0.323,0.083,0.592,0.813,0.537,0.363,0.385,0.307,0.078,0.709,0.177,0.036,0.219,0.128,0.806,0.17,0.98,0.96,0.995,0.005,0.256,0.018,0.225,0.748
216,0.073,0.599,0.063,0.678,0.734,0.904,0.625,0.186,0.97,0.523,0.146,0.784,0.93,0.407,0.029,0.652,0.669,0.164,0.946,0.607,0.925,0.663,0.487,0.529,0.822,0.742,0.54,0.577,0.948,0.998,0.38,0.773,0.117,0.593,0.001,0.294,0.515,0.497,0.34,0.626,0.6,0.322,0.25,0.687,0.702,0.51,0.844,0.489,0.594,0.481,0.555,0.951,0.626,0.451,0.895,0.408,0.791,0.854,0.815,0.915,0.984,0.658,0.353,0.228
218,0.603,0.171,0.494,0.278,0.895,0.518,0.552,0.053,0.308,0.197,0.968,0.636,0.093,0.839,0.7,0.581,0.058,0.588,0.679,0.067,0.23,0.119,0.298,0.166,0.135,0.6,0.467,0.097,0.002,0.307,0.175,0.591,0.153,0.407,0.578,0.511,0.786,0.863,0.128,0.396,0.984,0.652,0.637,0.413,0.502,0.061,0.803,0.18,0.035,0.326,0.719,0.392,0.563,0.864,0.309,0.277,0.799,0.593,0.585,0.091,0.168,0.034,0.718,0.289
220,0.987,0.823,0.385,0.777,0.245,0.718,0.747,0.984,0.602,0.579,0.351,0.995,0.36,0.22,0.682,0.101,0.511,0.962,0.168,0.018,0.934,0.567,0.863,0.563,0.085,0.606,0.297,0.797,0.633,0.316,0.785,0.799,0.904,0.774,0.439,0.62,0.974,0.573,0.502,0.354,0.703,0.536,0.231,0.862,0.305,0.233,0.034,0.864,0.545,0.809,0.307,0.256,0.287,0.989,0.486,0.927,0.399,0.771,0.361,0.491,0.015,0.523,0.07,0.747
222,0.828,0.85,0.717,0.434,0.099,0.292,0.038,0.836,0.956,0.93,0.707,0.46,0.753,0.897,0.642,0.475,0.5,0.944,0.487,0.255,0.928,0.923,0.864,0.217,0.173,0.428,0.157,0.388,0.915,0.829,0.686,0.462,0.696,0.838,0.571,0.542,0.252,0.403,0.314,0.276,0.628,0.087,0.544,0.307,0.897,0.284,0.652,0.966,0.587,0.518,0.27,0.702,0.972,0.028,0.951,0.719,0.881,0.861,0.059,0.401,0.522,0.858,0.435,0.276
224,0.872,0.452,0.638,0.886,0.662,0.409,0.777,0.068,0.249,0.75,0.1,0.162,0.673,0.92,0.415,0.981,0.429,0.614,0.157,0.847,0.597,0.397,0.417,0.022,0.086,0.762,0.134,0.649,0.645,0.495,0.289,0.101,0.056,0.652,0.644,0.288,0.202,0.875,0.076,0.18,0.71,0.478,0.216,0.583,0.035,0.95,0.992,0.254,0.895,0.462,0.587,0.194,0.007,0.247,0.537,0.11,0.742,0.123,0.627,0.595,0.214,0.054,0.016,0.429
226,0.9,0.242,0.898,0.862,0.71,0.701,0.046,0.467,0.386,0.559,0.308,0.796,0.931,0.325,0.297,0.32,0.658,0.045,0.444,0.965,0.721,0.897,0.817,0.23,0.815,0.639,0.728,0.866,0.548,0.949,0.93,0.13,0.793,0.042,0.551,0.899,0.927,0.664,0.944,0.53,0.943,0.749,0.375,0.063,0.957,0.711,0.948,0.43,0.539,0.398,0.885,0.792,0.886,0.196,0.703,0.825,0.197,0.979,0.128,0.745,0.392,0.941,0.16,0.305
228,0.381,0.606,0.917,0.641,0.121,0.665,0.374,0.394,0.715,0.521,0.785,0.327,0.377,0.048,0.401,0.287,0.892,0.698,0.218,0.992,0.254,0.442,0.463,0.478,0.414,0.122,0.4,0.526,0.76,0.598,0.285,0.876,0.433,0.772,0.749,0.495,0.738,0.374,0.099,0.852,0.881,0.142,0.849,0.225,0.869,0.923,0.218,0.982,0.661,0.303,0.498,0.681,0.482,0.3,0.543,0.776,0.103,0.018,0.025,0.175,0.751,0.468,0.322,0.94
230,0.489,0.932,0.978,0.45,0.115,0.363,0.306,0.345,0.297,0.003,0.133,0.011,0.966,0.12,0.951,0.634,0.649,0.173,0.283,0.937,0.981,0.224,0.787,0.554,0.089,0.792,0.529,0.348,0.986,0.885,0.769,0.868,0.265,0.857,0.53,0.14,0.248,0.082,0.836,0.205,0.659,0.209,0.022,0.567,0.963,0.522,0.904,0.884,0.231,0.096,0.043,0.381,0.769,0.767,0.386,0.648,0.65,0.644,0.231,0.829,0.584,0.634,0.116,0.683
232,0.298,0.05,0.651,0.365,0.485,0.539,0.437,0.537,0.889,0.228,0.094,0.101,0.471,0.213,0.948,0.638,0.801,0.134,0.416,0.193,0.849,0.774,0.513,0.144,0.074,0.62,0.024,0.8,0.021,0.995,0.037,0.529,0.4,0.221,0.913,0.631,0.492,0.719,0.57,0.792,0.411,0.935,0.107,0.768,0.743,0.417,0.92,0.027,0.423,0.639,0.023,0.559,0.171,0.056,0.037,0.682,0.892,0.386,0.975,0.086,0.497,0.625,0.516,0.237
234,0.484,0.569,0.5,0.332,0.09,0.941,0.387,0.689,0.815,0.137,0.421,0.877,0.991,0.14,0.976,0.986,0.491,0.577,0.983,0.254,0.403,0.203,0.727,0.386,0.386,0.484,0.151,0.341,0.062,0.764,0.685,0.996,0.812,0.315,0.31,0.598,0.554,0.172,0.964,0.308,0.034,0.984,0.917,0.011,0.391,0.853,0.378,0.533,0.795,0.515,0.127,0.066,0.305,0.39,0.343,0.693,0.951,0.997,0.838,0.576,0.377,0.533,0.84,0.115
236,0.84,0.396,0.504,0.887,0.218,0.905,0.813,0.065,0.506,0.833,0.195,0.335,0.126,0.504,0.086,0.185,0.633,0.538,0.179,0.068,0.556,0.809,0.089,0.516,0.677,0.882,0.869,0.357,0.396,0.12,0.971,0.327,0.781,0.884,0.796,0.287,0.816,0.851,0.394,0.304,0.017,0.966,0.49,0.8,0.625,0.481,0.271,0.571,0.83,0.128,0.324,0.472,0.792,0.694,0.624,0.511,0.751,0.53,0.414,0.683,0.815,0.589,0.023,0.44
238,0.246,0.303,0.698,0.854,0.521,0.971,0.844,0.424,0.952,0.448,0.135,0.382,0.201,0.071,0.918,0.677,0.502,0.131,0.734,0.09,0.057,0.76,0.083,0.804,0.872,0.013,0.209,0.774,0.639,0.466,0.747,0.704,0.498,0.461,0.644,0.211,0.385,0.238,0.327,0.603,0.628,0.66,0.639,0.628,0.725,0.475,0.917,0.349,0.98,0.902,0.335,0.745,0.263,0.156,0.67,0.716,0.433,0.68,0.444,0.612,0.3,0.421,0.411,0.747
240,0.07,0.627,0.96,0.468,0.992,0.211,0.497,0.756,0.851,0.348,0.244,0.989,0.402,0.873,0.382,0.441,0.088,0.316,0.794,0.426,0.82,0.632,0.023,0.013,0.859,0.627,0.482,0.537,0.81,0.558,0.441,0.44,0.607,0.681,0.71,0.231,0.319,0.839,0.995,0.332,0.996,0.945,0.139,0.244,0.119,0.891,0.919,0.587,0.365,0.233,0.621,0.15,0.405,0.126,0.29,0.72,0.286,0.256,0.192,0.906,0.895,0.014,0.265,0.61
242,0.326,0.326,0.336,0.372,0.458,0.437,0.698,0.183,0.01,0.782,0.319,0.681,0.173,0.967,0.262,0.058,0.906,0.429,0.609,0.714,0.426,0.833,0.241,0.618,0.466,0.216,0.053,0.741,0.606,0.059,0.321,0.677,0.679,0.116,0.085,0.353,0.641,0.543,0.878,0.582,0.75,0.692,0.319,0.247,0.338,0.955,0.401,0.071,0.726,0.208,0.7,0.351,0.142,0.266,0.517,0.536,0.581,0.681,0.771,0.072,0.741,0.788,0.721,0.317
244,0.941,0.538,0.345,0.493,0.296,0.286,0.751,0.906,0.386,0.892,0.601,0.244,0.871,0.324,0.874,0.952,0.803,0.411,0.343,0.155,0.077,0.596,0.214,0.646,0.101,0.906,0.969,0.123,0.328,0.516,0.306,0.712,0.194,0.032,0.432,0.58,0.03,0.182,0.358,0.985,0.131,0.561,0.104,0.115,0.053,0.676,0.586,0.58,0.502,0.713,0.971,0.132,0.949,0.707,0.944,0.09,0.983,0.572,0.649,0.479,0.825,0.759,0.048,0.264
246,0.551,0.828,0.549,0.714,0.966,0.583,0.97,0.495,0.491,0.702,0.689,0.723,0.698,0.124,0.216,0.908,0.785,0.858,0.678,0.928,0.044,0.61,0.117,0.851,0.474,0.405,0.14,0.73,0.655,0.696,0.022,0.637,0.12,0.106,0.371,0.056,0.215,0.86,0.026,0.1,0.733,0.183,0.219,0.076,0.505,0.405,0.192,0.841,0.676,0.818,0.184,0.321,0.98,0.935,0.596,0.897,0.968,0.08,0.905,0.856,0.396,0.736,0.339,0.669
248,0.838,0.438,0.437,0.227,0.44,0.074,0.461,0.292,0.816,0.888,0.48,0.286,0.839,0.082,0.646,0.301,0.34,0.209,0.39,0.004,0.57,0.128,0.282,0.82,0.516,0.619,0.553,0.396,0.307,0.01,0.511,0.421,0.455,0.501,0.457,0.834,0.667,0.393,0.037,0.841,0.753,0.07,0.193,0.55,0.787,0.51,0.23,0.322,0.784,0.064,0.669,0.179,0.78,0.091,0.395,0.183,0.938,0.371,0.565,0.862,0.986,0.742,0.162,0.384
250,0.588,0.412,0.118,0.275,0.38,0.725,0.523,0.663,0.864,0.87,0.633,0.919,0.189,0.099,0.952,0.247,0.542,0.8,0.241,0.744,0.107,0.56,0.148,0.984,0.242,0.983,0.839,0.283,0.364,0.81,0.094,0.289,0.538,0.66,0.547,0.696,0.93,0.732,0.794,0.5,0.748,0.605,0.867,0.215,0.074,0.756,0.718,0.5,0.034,0.994,0.094,0.904,0.02,0.887,0.594,0.121,0.69,0.033,0.672,0.285,0.113,0.486,0.401,0.382
252,0.038,0.373,0.426,0.716,0.224,0.72,0.951,0.299,0.498,0.982,0.344,0.614,0.597,0.134,0.408,0.709,0.863,0.334,0.216,0.079,0.527,0.268,0.185,0.485,0.664,0.318,0.43,0.045,0.222,0.765,0.76,0.505,0.805,0.229,0.467,0.175,0.934,0.962,0.904,0.537,0.264,0.694,0.444,0.459,0.596,0.084,0.155,0.401,0.376,0.538,0.258,0.034,0.719,0.15,0.515,0.757,0.128,0.661,0.553,0.586,0.779,0.757,0.52,0.418
254,0.307,0.695,0.345,0.171,0.037,0.06,0.97,0.875,0.573,0.871,0.781,0.436,0.11,0.518,0.388,0.502,0.874,0.366,0.492,0.922,0.561,0.944,0.203,0.859,0.58,0.216,0.09,0.384,0.714,0.231,0.636,0.889,0.275,0.15,0.625,0.894,0.809,0.737,0.466,0.746,0.108,0.334,0.635,0.927,0.849,0.864,0.566,0.213,0.651,0.025,0.67,0.611,0.455,0.571,0.83,0.481,0.029,0.045,0.367,0.571,0.006,0.561,0.928,0.619
256,0.034,0.811,0.808,0.837,0.127,0.233,0.234,0.404,0.421,0.567,0.197,0.156,0.511,0.44,0.813,0.249,0.766,0.353,0.563,0.266,0.505,0.121,0.991,0.362,0.975,0.633,0.892,0.169,0.955,0.719,0.353,0.489,0.55,0.698,0.032,0.268,0.969,0.202,0.742,0.793,0.597,0.947,0.349,0.529,0.805,0.275,0.142,0.924,1.0,0.508,0.804,0.547,0.783,0.805,0.524,0.723,0.49,0.176,0.653,0.745,0.157,0.707,0.249,0.338
258,0.041,0.894,0.838,0.477,0.387,0.964,0.295,0.716,0.353,0.745,0.621,0.103,0.887,0.64,0.134,0.488,0.011,0.294,0.347,0.845,0.297,0.463,0.517,0.546,0.234,0.317,0.246,0.134,0.588,0.172,0.539,0.957,0.879,0.51,0.615,0.083,0.786,0.985,0.553,0.874,0.128,0.261,0.801,0.732,0.255,0.77,0.77,0.67,0.346,0.226,0.941,0.281,0.184,0.393,0.127,0.499,0.365,0.805,0.534,0.499,0.007,0.205,0.803,0.829
260,0.677,0.457,0.486,0.099,0.868,0.159,0.293,0.474,0.118,0.586,0.356,0.161,0.277,0.087,0.496,0.495,0.074,0.442,0.755,0.504,0.147,0.078,0.256,0.561,0.399,0.925,0.061,0.665,0.691,0.686,0.721,0.537,0.48,0.865,0.981,0.993,0.121,0.028,0.531,0.758,0.888,0.852,0.209,0.178,0.777,0.322,0.096,0.786,0.106,0.581,0.453,0.64,0.303,0.265,0.043,0.704,0.673,0.476,0.46,0.411,0.578,0.586,0.515,0.452
262,0.529,0.721,0.521,0.729,0.922,0.693,0.773,0.575,0.115,0.633,0.67,0.427,0.45,0.285,0.191,0.69,0.774,0.388,0.817,0.562,0.33,0.0,0.802,0.827,0.29,0.95,0.025,0.764,0.139,0.666,0.715,0.001,0.977,0.004,0.792,0.546,0.633,0.591,0.059,0.682,0.892,0.442,0.204,0.752,0.558,0.694,0.896,0.891,0.543,0.203,0.087,0.77,0.521,0.966,0.819,0.853,0.689,0.062,0.516,0.682,0.241,0.105,0.986,0.654
264,0.929,0.427,0.743,0.702,0.817,0.738,0.833,0.629,0.014,0.297,0.202,0.456,0.652,0.178,0.79,0.312,0.842,0.959,0.527,0.355,0.93,0.92,0.347,0.005,0.267,0.744,0.549,0.86,0.182,0.702,0.111,0.774,0.189,0.243,0.619,0.055,0.252,0.713,0.558,0.984,0.201,0.333,0.731,0.584,0.559,0.322,0.668,0.913,0.839,0.702,0.76,0.956,0.054,0.44,0.65,0.412,0.974,0.016,0.232,0.694,0.876,0.788,0.335,0.058
266,0.149,0.392,0.095,0.666,0.917,0.013,0.673,0.94,0.72,0.882,0.62,0.676,0.063,0.017,0.506,0.662,0.405,0.855,0.234,0.257,0.725,0.527,0.885,0.101,0.149,0.217,0.134,0.637,0.251,0.312,0.366,0.453,0.458,0.788,0.68,0.793,0.783,0.155,0.661,0.278,0.746,0.664,0.451,0.417,0.201,0.689,0.656,0.477,0.475,0.717,0.958,0.974,0.931,0.785,0.133,0.814,0.582,0.619,0.582,0.453,0.051,0.909,0.751,0.295
268,0.718,0.014,0.404,0.237,0.562,0.242,0.79,0.991,0.255,0.019,0.145,0.065,0.133,0.476,0.25,0.409,0.779,0.482,0.529,0.499,0.497,0.863,0.156,0.235,0.924,0.259,0.022,0.206,0.102,0.588,0.985,0.956,0.095,0.821,0.057,0.417,0.279,0.881,0.946,0.692,0.378,0.253,0.636,0.849,0.241,0.459,0.822,0.517,0.126,0.331,0.683,0.641,0.707,0.459,0.314,0.981,0.544,0.979,0.92,0.607,0.444,0.825,0.707,0.698
270,0.184,0.303,0.759,0.976,0.18,0.785,0.137,0.471,0.276,0.664,0.578,0.235,0.11,0.038,0.524,0.375,0.201,0.486,0.001,0.39,0.248,0.613,0.666,0.392,0.56,0.358,0.494,0.144,0.779,0.126,0.65,0.374,0.88,0.756,0.933,0.465,0.162,0.866,0.457,0.295,0.395,0.559,0.806,0.792,0.559,0.115,0.633,0.615,0.293,0.484,0.563,0.634,0.387,0.49,0.803,0.29,0.953,0.073,0.117,0.31,0.592,0.316,0.541,0.817
272,0.299,0.623,0.047,0.031,0.54,0.145,0.873,0.816,0.132,0.918,0.479,0.286,0.099,0.34,0.04,0.029,0.828,0.123,0.987,0.884,0.844,0.412,0.795,0.328,0.966,0.649,0.329,0.089,0.982,0.86,0.464,0.452,0.442,0.673,0.951,0.418,0.608,0.154,0.912,0.486,0.932,0.544,0.652,0.372,0.972,0.081,0.812,0.439,0.027,0.401,0.886,0.736,0.995,0.868,0.898,0.202,0.912,0.016,0.512,0.112,0.227,0.34,0.728,0.507
274,0.406,0.33,0.667,0.484,0.541,0.176,0.654,0.173,0.844,0.3,0.233,0.257,0.725,0.941,0.855,0.954,0.668,0.051,0.238,0.83,0.43,0.084,0.489,0.757,0.753,0.983,0.292,0.221,0.43,0.451,0.513,0.555,0.689,0.772,0.145,0.583,0.551,0.932,0.764,0.706,0.809,0.526,0.923,0.596,0.049,0.921,0.326,0.758,0.91,0.508,0.143,0.801,0.04,0.499,0.381,0.322,0.091,0.838,0.543,0.573,0.925,0.048,0.943,0.896
276,0.16,0.35,0.425,0.823,0.96,0.247,0.616,0.197,0.528,0.772,0.378,0.69,0.262,0.611,0.001,0.425,0.949,0.634,0.819,0.029,0.743,0.871,0.636,0.829,0.35,0.201,0.766,0.466,0.5,0.111,0.672,0.848,0.84,0.853,0.493,0.176,0.54,0.758,0.838,0.247,0.142,0.813,0.584,0.409,0.343,0.465,0.458,0.526,0.897,0.761,0.69,0.885,0.025,0.909,0.843,0.416,0.345,0.62,0.927,0.875,0.581,0.691,0.499,0.206
278,0.901,0.984,0.387,0.613,0.771,0.177,0.032,0.909,0.306,0.579,0.909,0.906,0.34,0.267,0.962,0.077,0.698,0.279,0.438,0.319,0.931,0.628,0.035,0.265,0.403,0.352,0.727,0.216,0.623,0.808,0.254,0.06,0.132,0.001,0.326,0.009,0.564,0.561,0.248,0.445,0.644,0.17,0.494,0.89,0.986,0.175,0.695,0.121,0.255,0.523,0.504,0.021,0.895,0.809,0.432,0.415,0.758,0.69,0.535,0.873,0.14,0.285,0.646,0.536
280,0.821,0.049,0.979,0.373,0.954,0.304,0.057,0.556,0.025,0.928,0.605,0.939,0.474,0.241,0.363,0.736,0.591,0.859,0.989,0.326,0.942,0.24,0.54,0.243,0.573,0.72,0.703,0.494,0.506,0.927,0.525,0.231,0.627,0.441,0.033,0.287,0.34,0.876,0.861,0.459,0.871,0.747,0.411,0.043,0.512,0.55,0.296,0.473,0.959,0.133,0.862,0.081,0.649,0.956,0.526,0.083,0.579,0.878,0.375,0.068,0.154,0.907,0.257,0.962
282,0.256,0.234,0.98,0.167,0.398,0.622,0.486,0.641,0.787,0.895,0.361,0.038,0.617,0.37,0.964,0.341,0.069,0.786,0.676,0.595,0.03,0.308,0.907,0.698,0.978,0.804,0.838,0.437,0.434,0.789,0.143,0.677,0.778,0.435,0.034,0.406,0.809,0.24,0.433,0.701,0.366,0.186,0.138,0.242,0.328,0.892,0.201,0.534,0.295,0.399,0.551,0.266,0.03,0.76,0.197,0.76,0.044,0.28,0.844,0.535,0.733,0.496,0.477,0.965
284,0.855,0.721,0.986,0.031,0.862,0.512,0.115,0.646,0.727,0.633,0.843,0.606,0.261,0.623,0.549,0.033,0.237,0.852,0.303,0.77,0.103,0.677,0.301,0.133,0.558,0.244,0.354,0.893,0.808,0.06,0.125,0.614,0.086,0.143,0.474,0.842,0.389,0.334,0.461,0.52,0.429,0.963,0.126,0.386,0.825,0.995,0.559,0.608,0.977,0.066,0.797,0.055,0.494,0.453,0.535,0.247,0.544,0.096,0.242,0.725,0.931,0.061,0.162,0.54
286,0.394,0.727,0.899,0.044,0.158,0.37,0.054,0.958,0.59,0.889,0.286,0.703,0.207,0.884,0.413,0.126,0.511,0.639,0.043,0.703,0.102,0.305,0.991,0.132,0.907,0.402,0.45,0.899,0.98,0.545,0.017,0.113,0.549,0.926,0.834,0.979,0.497,0.068,0.151,0.82,0.518,0.815,0.138,0.999,0.781,0.233,0.742,0.461,0.787,0.313,0.023,0.328,0.032,0.611,0.679,0.107,0.195,0.502,0.878,0.471,0.075,0.512,0.579,0.595
288,0.352,0.696,0.374,0.573,0.385,0.353,0.795,0.437,0.943,0.672,0.214,0.86,0.765,0.439,0.417,0.235,0.052,0.69,0.087,0.91,0.951,0.099,0.973,0.431,0.512,0.177,0.301,0.34,0.082,0.123,0.6,0.479,0.764,0.175,0.801,0.382,0.433,0.238,0.817,0.363,0.599,0.852,0.872,0.312,0.699,0.209,0.162,0.118,0.448,0.941,0.186,0.871,0.487,0.551,0.666,0.433,0.741,0.886,0.394,0.657,0.155,0.904,0.784,0.891
290,0.208,0.721,0.781,0.139,0.53,0.547,0.404,0.512,0.516,0.608,0.862,0.267,0.073,0.393,0.19,0.163,0.65,0.367,0.456,0.477,0.175,0.463,0.63,0.515,0.373,0.567,0.045,0.349,0.457,0.708,0.716,0.615,0.571,0.073,0.514,0.268,0.512,0.562,0.632,0.007,0.788,0.693,0.419,0.036,0.342,0.848,0.613,0.385,0.316,0.189,0.996,0.707,0.945,0.749,0.96,0.55,0.898,0.761,0.038,0.301,0.369,0.256,0.296,0.184
292,0.193,0.97,0.827,0.814,0.96,0.483,0.734,0.875,0.425,0.401,0.6,0.125,0.922,0.779,0.233,0.938,0.335,0.638,0.485,0.478,0.671,0.975,0.228,0.022,0.592,0.151,0.278,0.031,0.488,0.428,0.315,0.915,0.651,0.93,0.48,0.224,0.18,0.824,0.072,0.743,0.938,0.321,0.007,0.488,0.569,0.32,0.761,0.927,0.318,0.396,0.786,0.787,0.332,0.479,0.894,0.23,0.0,0.456,0.651,0.86,0.26,0.353,0.455,0.401
294,0.308,0.902,0.448,0.335,0.9,0.044,0.285,0.9,0.22,0.786,0.504,0.786,0.47,0.618,0.613,0.938,0.225,0.043,0.657,0.316,0.459,0.179,0.41,0.758,0.094,0.125,0.395,0.093,0.924,0.496,0.203,0.03,0.071,0.925,0.643,0.622,0.578,0.233,0.178,0.198,0.749,0.831,0.574,0.888,0.096,0.635,0.571,0.672,0.393,0.378,0.434,0.805,0.814,0.548,0.722,0.05,0.404,0.213,0.16,0.357,0.281,0.309,0.381,0.062
296,0.167,0.541,0.005,0.701,0.688,0.848,0.754,0.312,0.481,0.15,0.824,0.495,0.889,0.605,0.215,0.293,0.342,0.456,0.052,0.379,0.988,0.43,0.329,0.454,0.395,0.099,0.062,0.144,0.631,0.349,0.184,0.453,0.139,0.585,0.943,0.722,0.739,0.583,0.582,0.381,0.211,0.589,0.657,0.912,0.053,0.695,0.089,0.361,0.95,0.037,0.401,0.783,0.04,0.449,0.232,0.366,0.044,0.015,0.178,0.109,0.023,0.94,0.115,0.287
298,0.155,0.682,0.484,0.656,0.685,0.452,0.695,0.218,0.101,0.883,0.657,0.54,0.831,0.934,0.925,0.745,0.184,0.448,0.285,0.838,0.031,0.005,0.994,0.477,0.674,0.834,0.321,0.699,0.39,0.858,0.233,0.582,0.81,0.352,0.09,0.112,0.153,0.366,0.314,0.333,0.18,0.981,0.564,0.882,0.843,0.557,0.922,0.251,0.428,0.234,0.411,0.743,0.747,0.931,0.602,0.786,0.507,0.048,0.196,0.428,0.227,0.001,0.492,0.525
300,0.189,0.42,0.806,0.001,0.378,0.018,0.009,0.866,0.503,0.404,0.411,0.225,0.942,0.026,0.948,0.799,0.335,0.965,0.468,0.363,0.506,0.324,0.277,0.043,0.777,0.029,0.982,0.939,0.519,0.262,0.937,0.875,0.014,0.596,0.998,0.318,0.084,0.586,0.325,0.373,0.65,0.35,0.138,0.466,0.938,0.552,0.203,0.99,0.387,0.053,0.284,0.856,0.144,0.497,0.493,0.411,0.826,0.822,0.791,0.482,0.12,0.999,0.029,0.312
302,0.299,0.618,0.193,0.717,0.504,0.602,0.265,0.413,0.546,0.222,0.375,0.407,0.484,0.15,0.538,0.403,0.268,0.004,0.671,0.923,0.502,0.151,0.615,0.838,0.979,0.047,0.8,0.224,0.805,0.701,0.629,0.892,0.225,0.935,0.158,0.178,0.701,0.288,0.433,0.405,0.207,0.512,0.539,0.129,0.69,0.781,0.276,0.374,0.636,0.448,0.218,0.097,0.356,0.433,0.902,0.585,0.483,0.508,0.284,0.868,0.058,0.062,0.75,0.25
304,0.557,0.072,0.048,0.834,0.953,0.825,0.316,0.583,0.146,0.647,0.234,0.695,0.481,0.325,0.169,0.101,0.961,0.116,0.477,0.484,0.378,0.501,0.258,0.362,0.458,0.716,0.045,0.278,0.294,0.287,0.784,0.193,0.495,0.285,0.759,0.809,0.628,0.406,0.389,0.804,0.968,0.789,0.93,0.979,0.037,0.908,0.849,0.619,0.957,0.708,0.192,0.703,0.73,0.662,0.849,0.305,0.622,0.811,0.379,0.188,0.605,0.947,0.597,0.694
306,0.932,0.918,0.323,0.518,0.439,0.192,0.189,0.089,0.873,0.118,0.324,0.469,0.66,0.561,0.247,0.815,0.516,0.85,0.386,0.034,0.683,0.134,0.87,0.465,0.963,0.211,0.917,0.206,0.98,0.029,0.876,0.699,0.035,0.013,0.391,0.274,0.958,0.562,0.427,0.199,0.651,0.142,0.663,0.517,0.085,0.671,0.572,0.187,0.252,0.915,0.429,0.809,0.287,0.554,0.083,0.213,0.283,0.814,0.925,0.49,0.52,0.806,0.787,0.46
308,0.757,0.194,0.044,0.437,0.883,0.03,0.501,0.781,0.098,0.301,0.359,0.936,0.692,0.578,0.753,0.15,0.84,0.511,0.275,0.93,0.894,0.72,0.923,0.27,0.539,0.918,0.293,0.887,0.768,0.228,0.639,0.426,0.997,0.806,0.512,0.774,0.087,0.469,0.691,0.454,0.596,0.514,0.76,0.809,0.707,0.187,0.684,0.873,0.684,0.574,0.187,0.048,0.098,0.231,0.469,0.994,0.633,0.81,0.055,0.062,0.868,0.61,0.993,0.023
310,0.158,0.549,0.394,0.278,0.0,0.593,0.353,0.147,0.104,0.417,0.996,0.998,0.357,0.3,0.899,0.85,0.689,0.99,0.682,0.404,0.02,0.194,0.608,0.06,0.721,0.584,0.831,0.805,0.843,0.311,0.764,0.499,0.586,0.467,0.318,0.928,0.381,0.902,0.791,0.37,0.182,0.347,1.0,0.674,0.872,0.342,0.386,0.866,0.447,0.465,0.519,0.831,0.612,0.874,0.291,0.69,0.773,0.528,0.361,0.482,0.355,0.292,0.079,0.984
312,0.945,0.762,0.664,0.935,0.823,0.438,0.662,0.518,0.793,0.253,0.766,0.984,0.544,0.669,0.855,0.464,0.87,0.871,0.298,0.711,0.184,0.088,0.824,0.832,0.018,0.298,0.104,0.887,0.352,0.623,0.808,0.431,0.029,0.778,0.349,0.561,0.662,0.723,0.519,0.228,0.511,0.473,0.208,0.978,0.024,0.008,0.002,0.982,0.241,0.297,0.735,0.99,0.625,0.707,0.068,0.607,0.685,0.363,0.089,0.509,0.166,0.914,0.686,0.113
314,0.672,0.665,0.3,0.24,0.18,0.874,0.606,0.633,0.76,0.72,0.089,0.92,0.015,0.699,0.412,0.388,0.728,0.818,0.464,0.219,0.072,0.57,0.995,0.483,0.886,0.28,0.029,0.765,0.17,0.361,0.083,0.884,0.107,0.279,0.035,0.95,0.077,0.875,0.865,0.604,0.416,0.459,0.526,0.925,0.496,0.425,0.384,0.565,0.914,0.812,0.094,0.241,0.561,0.537,0.399,0.693,0.633,0.6,0.558,0.842,0.154,0.797,0.812,0.935
316,0.315,0.434,0.309,0.939,0.496,0.356,0.866,0.39,0.48,0.659,0.298,0.465,0.209,0.888,0.454,0.755,0.607,0.972,0.996,0.205,0.625,0.996,0.337,0.668,0.989,0.377,0.01,0.897,0.239,0.767,0.929,0.043,0.192,0.708,0.712,0.88,0.061,0.629,0.558,0.236,0.728,0.133,0.602,0.856,0.017,0.801,0.664,0.737,0.504,0.604,0.551,0.69,0.37,0.577,0.401,0.674,0.241,0.801,0.183,0.333,0.391,0.467,0.106,0.904
318,0.946,0.214,0.967,0.783,0.212,0.337,0.161,0.777,0.963,0.464,0.953,0.467,0.046,0.911,0.661,0.082,0.893,0.203,0.571,0.304,0.441,0.582,0.001,0.558,0.208,0.163,0.745,0.312,0.248,0.382,0.388,0.046,0.847,0.131,0.511,0.408,0.209,0.851,0.417,0.089,0.377,0.27,0.595,0.639,0.444,0.839,0.011,0.668,0.051,0.843,0.3,0.259,0.827,0.264,0.856,0.095,0.411,0.427,0.14,0.822,0.071,0.52,0.84,0.208
320,0.448,0.057,0.459,0.298,0.58,0.96,0.73,0.24,0.759,0.234,0.627,0.984,0.416,0.502,0.491,0.019,0.149,0.366,0.08,0.75,0.134,0.365,0.245,0.757,0.276,0.496,0.9,0.941,0.943,0.788,0.717,0.041,0.658,0.607,0.316,0.757,0.786,0.04,0.283,0.157,0.457,0.548,0.693,0.662,0.612,0.786,0.998,0.259,0.314,0.192,0.315,0.544,0.061,0.539,0.862,0.919,0.166,0.114,0.147,0.14,0.656,0.871,0.127,0.117
322,0.036,0.338,0.06,0.972,0.321,0.462,0.598,0.544,0.726,0.725,0.84,0.236,0.767,0.611,0.39,0.781,0.345,0.739,0.733,0.689,0.922,0.458,0.883,0.903,0.231,0.857,0.456,0.77,0.259,0.038,0.698,0.243,0.12,0.52,0.884,0.5,0.987,0.419,0.905,0.205,0.209,0.055,0.681,0.162,0.614,0.099,0.675,0.001,0.887,0.094,0.957,0.148,0.268,0.428,0.07,0.673,0.627,0.82,0.334,0.681,0.963,0.011,0.472,0.55
324,0.291,0.252,0.292,0.124,0.865,0.462,0.88,0.205,0.35,0.858,0.44,0.307,0.441,0.618,0.459,0.854,0.366,0.333,0.366,0.714,0.536,0.211,0.663,0.422,0.908,0.261,0.896,0.583,0.007,0.596,0.649,0.726,0.587,0.49,0.918,0.111,0.847,0.124,0.694,0.925,0.102,0.68,0.802,0.084,0.228,0.332,0.503,0.109,0.714,0.479,0.215,0.552,0.975,0.595,0.168,0.906,0.226,0.245,0.486,0.177,0.999,0.597,0.339,0.667
326,0.66,0.787,0.387,0.13,0.409,0.602,0.511,0.527,0.578,0.667,0.509,0.523,0.291,0.79,0.395,0.618,0.701,0.632,0.612,0.403,0.521,0.522,0.261,0.712,0.356,0.44,0.978,0.965,0.67,0.005,0.002,0.016,0.96,0.305,0.058,0.162,0.085,0.407,0.449,0.67,0.819,0.727,0.989,0.171,0.746,0.839,0.758,0.784,0.725,0.944,0.772,0.06,0.159,0.862,0.272,0.713,0.569,0.913,0.554,0.221,0.871,0.858,0.103,0.133
328,0.921,0.322,0.033,0.383,0.433,0.629,0.335,0.413,0.843,0.918,0.452,0.397,0.55,0.555,0.545,0.649,0.363,0.662,0.178,0.223,0.012,0.902,0.923,0.416,0.419,0.959,0.91,0.694,0.799,0.598,0.794,0.427,0.24,0.284,0.62,0.427,0.954,0.623,0.257,0.559,0.97,0.276,0.212,0.273,0.443,0.474,0.324,0.65,0.465,0.016,0.865,0.058,0.424,0.207,0.597,0.791,0.89,0.409,0.338,0.282,0.96,0.383,0.815,0.644
330,0.719,0.903,0.168,0.49,0.297,0.942,0.431,0.578,0.112,0.377,0.178,0.369,0.603,0.498,0.849,0.72,0.485,0.766,0.859,0.257,0.266,0.337,0.56,0.28,0.932,0.457,0.292,0.766,0.929,0.49,0.657,0.477,0.858,0.521,0.017,0.562,0.501,0.481,0.138,0.923,0.837,0.883,0.119,0.501,0.897,0.606,0.256,0.684,0.87,0.371,0.058,0.198,0.277,0.385,0.927,0.882,0.996,0.816,0.03,0.926,0.712,0.239,0.637,0.187
332,0.274,0.3,0.872,0.313,0.0,0.677,0.843,0.367,0.685,0.064,0.043,0.448,0.48,0.095,0.289,0.677,0.854,0.4,0.138,0.416,0.162,0.633,0.083,0.173,0.283,0.256,0.088,0.931,0.498,0.871,0.648,0.964,0.292,0.863,0.955,0.669,0.88,0.854,0.231,0.579,0.113,0.535,0.295,0.92,0.678,0.81,0.277,0.496,0.642,0.451,0.953,0.299,0.153,0.941,0.2,0.429,0.384,0.927,0.244,0.757,0.049,0.944,0.067,0.622
334,0.734,0.322,0.777,0.475,0.659,0.459,0.358,0.501,0.522,0.483,0.51,0.217,0.821,0.651,0.391,0.948,0.612,0.041,0.7,0.316,0.098,0.624,0.735,0.381,0.596,0.702,0.991,0.537,0.163,0.625,0.34,0.984,0.534,0.154,0.822,0.174,0.676,0.886,0.603,0.615,0.193,0.289,0.116,0.733,0.578,0.794,0.473,0.658,0.65,0.659,0.192,0.887,0.164,0.001,0.811,0.935,0.824,0.947,0.753,0.771,0.305,0.117,0.104,0.905
336,0.221,0.061,0.071,0.109,0.361,0.548,0.949,0.029,0.566,0.19,0.049,0.392,0.492,0.176,0.698,0.681,0.795,0.371,0.572,0.443,0.65,0.484,0.862,0.282,0.477,0.127,0.969,0.195,0.058,0.42,0.596,0.268,0.06,0.384,0.202,0.06,0.951,0.326,0.989,0.077,0.881,0.533,0.943,0.061,0.862,0.744,0.949,0.656,0.989,0.979,0.475,0.637,0.921,0.163,0.611,0.224,0.983,0.954,0.735,0.092,0.138,0.448,0.258,0.091
338,0.716,0.809,0.524,0.588,0.587,0.745,0.443,0.622,0.167,0.142,0.912,0.688,0.43,0.975,0.81,0.603,0.476,0.007,0.546,0.334,0.085,0.884,0.049,0.643,0.068,0.522,0.871,0.074,0.633,0.733,0.474,0.12,0.88,0.676,0.122,0.439,0.027,0.238,0.098,0.813,0.607,0.986,0.326,0.571,0.164,0.144,0.204,0.154,0.834,0.332,0.896,0.885,0.644,0.373,0.277,0.672,0.798,0.854,0.401,0.014,0.987,0.861,0.335,0.984
340,0.994,0.395,0.441,0.994,0.119,0.418,0.134,0.561,0.807,0.194,0.827,0.163,0.922,0.775,0.48,0.912,0.86,0.131,0.126,0.387,0.376,0.727,0.097,0.603,0.544,0.665,0.905,0.193,0.081,0.813,0.489,0.408,0.22,0.51,0.566,0.777,0.542,0.611,0.372,0.744,0.388,0.177,0.739,0.786,0.89,0.635,0.909,0.806,0.81,0.068,0.7,0.345,0.318,0.156,0.195,0.988,0.706,0.658,0.338,0.676,0.184,0.554,0.718,0.58
342,0.111,0.266,0.761,0.245,0.204,0.725,0.438,0.836,0.191,0.662,0.374,0.506,0.06,0.221,0.082,0.438,0.77,0.703,0.63,0.849,0.463,0.078,0.61,0.609,0.274,0.234,0.797,0.21,0.343,0.932,0.538,0.891,0.012,0.466,0.974,0.816,0.238,0.289,0.441,0.561,0.039,0.01,0.157,0.299,0.571,0.898,0.335,0.512,0.576,0.366,0.672,0.408,0.012,0.062,0.235,0.514,0.893,0.405,0.166,0.804,0.704,0.834,0.642,0.411
344,0.207,0.224,0.037,0.453,0.055,0.948,0.092,0.853,0.636,0.729,0.196,0.713,0.289,0.317,0.968,0.696,0.489,0.433,0.584,0.144,0.93,0.762,0.403,0.846,0.126,0.366,0.008,0.931,0.65,0.757,0.415,0.151,0.78,0.647,0.703,0.254,1.0,0.081,0.327,0.818,0.161,0.909,0.73,0.07,0.222,0.225,0.752,0.449,0.219,0.956,0.794,0.493,0.519,0.959,0.438,0.483,0.18,0.94,0.894,0.451,0.759,0.008,0.261,0.43
346,0.883,0.509,0.383,0.037,0.016,0.573,0.338,0.134,0.641,0.686,0.913,0.86,0.396,0.012,0.777,0.403,0.031,0.943,0.07,0.511,0.95,0.795,0.008,0.787,0.09,0.258,0.427,0.221,0.347,0.217,0.658,0.784,0.998,0.357,0.378,0.261,0.618,0.92,0.441,0.708,0.791,0.281,0.09,0.385,0.927,0.541,0.106,0.872,0.568,0.063,0.059,0.629,0.892,0.415,0.906,0.109,0.201,0.854,0.575,0.698,0.072,0.059,0.81,0.504
348,0.201,0.25,0.635,0.533,0.273,0.132,0.762,0.33,0.279,0.402,0.034,0.776,0.712,0.859,0.109,0.746,0.357,0.286,0.819,0.148,0.491,0.743,0.389,0.004,0.086,0.096,0.438,0.611,0.152,0.785,0.724,0.588,0.411,0.734,0.065,0.225,0.469,0.254,0.922,0.828,0.81,0.158,0.094,0.725,0.375,0.414,0.952,0.283,0.14,0.91,0.261,0.623,0.805,0.521,0.16,0.354,0.252,0.448,0.452,0.571,0.184,0.44,0.736,0.184
350,0.709,0.816,0.438,0.957,0.053,1.0,0.284,0.037,0.129,0.398,0.879,0.02,0.935,0.213,0.12,0.977,0.83,0.175,0.883,0.027,0.275,0.814,0.408,0.205,0.92,0.827,0.422,0.764,0.403,0.76,0.28,0.058,0.668,0.733,0.154,0.989,0.369,0.864,0.867,0.638,0.563,0.307,0.894,0.79,0.803,0.936,0.457,0.555,0.358,0.2,0.045,0.782,0.061,0.747,0.007,0.393,0.245,0.059,0.718,0.848,0.136,0.085,0.108,0.562
352,0.639,0.793,0.901,0.663,0.372,0.45,0.013,0.841,0.572,0.658,0.949,0.466,0.565,0.534,0.473,0.219,0.867,0.477,0.298,0.661,1.0,0.19,0.191,0.452,0.608,0.267,0.184,0.31,0.169,0.205,0.835,0.256,0.81,0.832,0.767,0.706,0.968,0.828,0.286,0.244,0.61,0.824,0.337,0.92,0.984,0.81,0.8,0.395,0.44,0.911,0.186,0.588,0.056,0.324,0.471,0.409,0.098,0.903,0.045,0.696,0.901,0.546,0.02,0.468
354,0.427,0.964,0.433,0.811,0.363,0.041,0.992,0.218,0.296,0.96,0.234,0.718,0.388,0.606,0.114,0.959,0.041,0.027,0.845,0.262,0.824,0.482,0.566,0.504,0.851,0.926,0.214,0.607,0.976,0.346,0.761,0.827,0.883,0.559,0.682,0.36,0.283,0.453,0.08,0.751,0.227,0.17,0.774,0.263,0.093,0.243,0.772,0.789,0.136,0.451,0.225,0.643,0.306,0.613,0.462,0.204,0.794,0.754,0.522,0.357,0.119,0.772,0.847,0.114
356,0.197,0.903,0.989,0.191,0.839,0.425,0.579,0.202,0.624,0.152,0.808,0.952,0.841,0.694,0.925,0.262,0.372,0.448,0.043,0.866,0.173,0.288,0.405,0.818,0.608,0.798,0.894,0.579,0.576,0.219,0.761,0.31,0.506,0.44,0.106,0.701,0.885,0.925,0.519,0.424,0.174,0.601,0.444,0.609,0.019,0.128,0.58,0.549,0.63,0.146,0.044,0.031,0.739,0.049,0.187,0.109,0.431,0.64,0.264,0.925,0.612,0.053,0.482,0.8
358,0.775,0.566,0.385,0.631,0.692,0.394,0.473,0.226,0.986,0.792,0.092,0.717,0.438,0.439,0.362,0.751,0.187,0.568,0.235,0.73,0.693,0.129,0.405,0.234,0.409,0.783,0.972,0.572,0.275,0.396,0.331,0.488,0.406,0.638,0.686,0.657,0.063,0.213,0.845,0.774,0.471,0.693,0.299,0.425,0.218,0.776,0.11,0.121,0.942,0.317,0.387,0.144,0.354,0.604,0.443,0.536,0.822,0.015,0.952,0.46,0.586,0.468,0.454,0.201
360,0.982,0.25,0.865,0.377,0.844,0.537,0.822,0.329,0.895,0.039,0.737,0.801,0.523,0.609,0.662,0.169,0.006,0.518,0.185,0.389,0.616,0.944,0.805,0.562,0.396,0.128,0.713,0.15,0.083,0.814,0.389,0.602,0.695,0.658,0.379,0.488,0.782,0.126,0.59,0.246,0.4,0.524,0.831,0.938,0.71,0.073,0.094,0.506,0.612,0.038,0.082,0.643,0.8,1.0,0.255,0.221,0.661,0.9,0.171,0.805,0.65,0.987,0.736,0.398
362,0.665,0.978,0.713,0.122,0.356,0.88,0.397,0.443,0.742,0.225,0.054,0.987,0.631,0.676,0.891,0.066,0.054,0.536,0.166,0.358,0.89,0.088,0.769,0.361,0.631,0.506,0.688,0.346,0.974,0.286,0.105,0.766,0.348,0.865,0.666,0.357,0.339,0.903,0.008,0.768,0.485,0.996,0.866,0.81,0.552,0.849,0.987,0.434,0.367,0.651,0.126,0.76,0.803,0.216,0.891,0.525,0.947,0.667,0.691,0.247,0.701,0.889,0.732,0.775
364,0.971,0.213,0.581,0.12,0.224,0.277,0.524,0.103,0.202,0.343,0.178,0.679,0.839,0.401,0.445,0.502,0.391,0.328,0.029,0.523,0.383,0.518,0.836,0.011,0.251,0.218,0.901,0.737,0.709,0.916,0.789,0.007,0.171,0.96,0.812,0.659,0.051,0.192,0.642,0.906,0.4,0.918,0.515,0.103,0.446,0.181,0.969,0.872,0.274,0.735,0.543,0.705,0.862,0.778,0.164,0.383,0.533,0.717,0.157,0.521,0.866,0.325,0.58,0.724
366,0.633,0.78,0.807,0.591,0.949,0.566,0.993,0.176,0.036,0.566,0.67,0.815,0.911,0.042,0.74,0.311,0.131,0.893,0.167,0.995,0.184,0.663,0.532,0.234,0.117,0.512,0.19,0.101,0.354,0.575,0.974,0.953,0.871,0.751,0.702,0.451,0.491,0.542,0.039,0.259,0.328,0.025,0.621,0.434,0.459,0.281,0.265,0.549,0.343,0.649,0.007,0.689,0.906,0.311,0.992,0.942,0.585,0.297,0.181,0.19,0.27,0.516,0.974,0.05
368,0.064,0.939,0.598,0.967,0.351,0.721,0.008,0.719,0.939,0.322,0.587,0.648,0.071,0.677,0.509,0.357,0.193,0.388,0.622,0.882,0.941,0.923,0.1,0.584,0.399,0.049,0.953,0.457,0.558,0.328,0.736,0.307,0.625,0.375,0.648,0.403,0.141,0.647,0.506,0.855,0.761,0.539,0.359,0.086,0.305,0.044,0.449,0.933,0.886,0.989,0.502,0.676,0.201,0.821,0.648,0.411,0.888,0.385,0.339,0.944,0.696,0.494,0.088,0.405
370,0.742,0.274,0.799,0.121,0.938,0.976,0.046,0.08,0.142,0.368,0.881,0.587,0.152,0.916,0.052,0.439,0.953,0.375,0.963,0.532,0.489,0.372,0.172,0.334,0.728,0.686,0.392,0.11,0.216,0.469,0.828,0.242,0.892,0.995,0.682,0.455,0.7,0.084,0.802,0.516,0.721,0.969,0.112,0.437,0.854,0.866,0.041,0.182,0.133,0.666,0.229,0.261,0.577,0.114,0.775,0.442,0.193,0.433,0.816,0.155,0.918,0.747,0.699,0.572
372,0.728,0.331,0.773,0.084,0.654,0.354,0.139,0.927,0.577,0.48,0.519,0.91,0.939,0.824,0.901,0.952,0.438,0.088,0.495,0.05,0.497,0.807,0.367,0.419,0.369,0.75,0.231,0.769,0.977,0.104,0.243,0.847,0.05,0.285,0.325,0.939,0.294,0.616,0.792,0.118,0.633,0.149,0.046,0.819,0.096,0.874,0.197,0.692,0.68,0.556,0.419,0.086,0.645,0.529,0.692,0.714,0.47,0.809,0.151,0.085,0.589,0.999,0.621,0.179
374,0.901,0.2,0.688,0.225,0.678,0.726,0.257,0.884,0.771,0.039,0.996,0.928,0.306,0.235,0.925,0.753,0.861,0.948,0.199,0.974,0.835,0.243,0.312,0.04,0.999,0.188,0.401,0.099,0.591,0.915,0.048,0.887,0.69,0.369,0.351,0.413,0.74,0.358,0.321,0.867,0.857,0.127,0.298,0.208,0.631,0.478,0.291,0.645,0.297,0.762,0.107,0.564,0.791,0.993,0.214,0.142,0.166,0.752,0.273,0.401,0.165,0.022,0.963,0.066
376,0.079,0.529,0.549,0.834,0.121,0.089,0.583,0.021,0.506,0.818,0.256,0.298,0.82,0.695,0.214,0.143,0.007,0.041,0.59,0.759,0.278,0.329,0.395,0.561,0.691,0.517,0.127,0.671,0.613,0.901,0.891,0.956,0.876,0.022,0.813,0.591,0.092,0.16,0.093,0.608,0.164,0.827,0.437,0.177,0.444,0.745,0.372,0.557,0.962,0.717,0.134,0.487,0.95,0.104,0.997,0.94,0.771,0.981,0.229,0.362,0.508,0.095,0.899,0.656
378,0.205,0.847,0.066,0.796,0.143,0.395,0.587,0.923,0.436,0.588,0.617,0.593,0.166,0.605,0.079,0.258,0.669,0.758,0.395,0.726,0.2,0.02,0.104,0.551,0.863,0.69,0.751,0.982,0.414,0.925,0.045,0.315,0.039,0.107,0.873,0.705,0.552,0.896,0.437,0.307,0.133,0.42,0.626,0.805,0.589,0.838,0.73,0.575,0.203,0.745,0.241,0.415,0.347,0.339,0.831,0.681,0.296,0.094,0.595,0.812,0.021,0.058,0.321,0.152
380,0.209,0.507,0.15,0.974,0.847,0.541,0.293,0.8,0.212,0.265,0.342,0.813,0.774,0.26,0.202,0.972,0.756,0.071,0.787,0.118,0.975,0.883,0.969,0.541,0.373,0.56,0.19,0.339,0.295,0.505,0.082,0.323,0.33,0.056,0.526,0.02,0.586,0.2,0.985,0.442,0.512,0.859,0.201,0.61,0.691,0.669,0.189,0.867,0.127,0.702,0.279,0.09,0.818,0.567,0.066,0.667,0.295,0.837,0.48,0.325,0.058,0.735,0.423,0.794
382,0.044,0.181,0.176,0.151,0.436,0.172,0.181,0.786,0.055,0.104,0.562,0.523,0.063,0.973,0.716,0.749,0.334,0.584,0.609,0.427,0.783,0.618,0.936,0.074,0.271,0.021,0.628,0.825,0.105,0.296,0.315,0.286,0.482,0.371,0.29,0.998,0.458,0.01,0.481,0.207,0.701,0.317,0.413,0.888,0.852,0.925,0.472,0.498,0.369,0.765,0.814,0.412,0.666,0.209,0.52,0.931,0.351,0.625,0.368,0.535,0.207,0.858,0.983,0.502
384,0.404,0.874,0.392,0.403,0.527,0.876,0.677,0.546,0.75,0.573,0.932,0.608,0.822,0.57,0.06,0.418,0.567,0.692,0.018,0.011,0.294,0.847,0.329,0.971,0.49,0.582,0.277,0.542,0.907,0.761,0.02,0.621,0.375,0.588,0.486,0.196,0.081,0.848,0.971,0.711,0.629,0.627,0.275,0.969,0.678,0.583,0.373,0.253,0.284,0.642,0.97,0.101,0.346,0.549,0.356,0.26,0.737,0.795,0.761,0.496,0.144,0.398,0.376,0.9
386,0.46,0.959,0.927,0.013,0.647,0.601,0.814,0.813,0.613,0.08,0.183,0.229,0.358,0.728,0.453,0.49,0.876,0.019,0.209,0.653,0.271,0.08,0.817,0.747,0.919,0.897,0.523,0.173,0.133,0.671,0.942,0.124,0.521,0.686,0.058,0.543,0.191,0.208,0.508,0.143,0.405,0.306,0.374,0.537,0.369,0.277,0.326,0.418,0.316,0.901,0.639,0.563,0.805,0.769,0.054,0.223,0.031,0.177,0.047,0.98,0.347,0.368,0.079,0.374
388,0.893,0.93,0.862,0.381,0.25,0.34,0.356,0.544,0.891,0.072,0.502,0.625,0.769,0.662,0.775,0.947,0.519,0.587,0.337,0.816,0.002,0.47,0.328,0.54,0.855,0.897,0.477,0.307,0.789,0.535,0.268,0.325,0.455,0.666,0.494,0.678,0.474,0.874,0.057,0.232,0.78,0.49,0.108,0.874,0.511,0.361,0.576,0.042,0.51,0.61,0.862,0.74,0.349,0.912,0.528,0.367,0.966,0.59,0.994,0.26,0.832,0.568,0.813,0.681
390,0.45,0.922,0.984,0.051,0.61,0.732,0.752,0.604,0.312,0.485,0.259,0.628,0.606,0.865,0.68,0.786,0.762,0.134,0.076,0.401,0.123,0.879,0.052,0.089,0.212,0.155,0.459,0.662,0.152,0.61,0.711,0.949,0.179,0.909,0.191,0.09,0.545,0.506,0.024,0.517,0.026,0.689,0.595,0.208,0.845,0.498,0.539,0.757,0.04,0.258,0.724,0.443,0.036,0.03,0.125,0.89,0.159,0.526,0.932,0.975,0.21,0.915,0.665,0.819
392,0.02,0.523,0.639,0.597,0.153,0.095,0.554,0.766,0.779,0.427,0.366,0.323,0.045,0.264,0.302,0.166,0.131,0.109,0.164,0.868,0.948,0.62,0.555,0.922,0.497,0.405,0.533,0.68,0.956,0.198,0.618,0.087,0.809,0.582,0.946,0.579,0.72,0.209,0.449,0.197,0.294,0.994,0.094,0.598,0.637,0.148,0.211,0.12,0.715,0.215,0.389,0.326,0.085,0.703,0.648,0.744,0.199,0.08,0.181,0.96,0.788,0.456,0.826,0.691
394,0.05,0.24,0.548,0.654,0.023,0.954,0.948,0.767,0.933,0.339,0.321,0.287,0.517,0.671,0.97,0.828,0.97,0.422,0.182,0.828,0.019,0.662,0.25,0.626,0.797,0.004,0.304,0.88,0.642,0.724,0.333,0.0,0.676,0.976,0.408,0.293,0.283,0.927,0.653,0.992,0.166,0.558,0.08,0.763,0.934,0.431,0.593,0.011,0.805,0.269,0.231,0.566,0.392,0.29,0.418,0.213,0.269,0.3,0.512,0.301,0.228,0.099,0.224,0.779
396,0.67,0.989,0.508,0.03,0.404,0.92,0.466,0.421,0.33,0.396,0.186,0.775,0.738,0.383,0.708,0.627,0.926,0.36,0.514,0.861,0.308,0.633,0.479,0.369,0.469,0.98,0.027,0.36,0.757,0.264,0.665,0.546,0.875,0.137,0.591,0.311,0.279,0.649,0.656,0.979,0.073,0.112,0.804,0.678,0.323,0.244,0.104,0.047,0.454,0.775,0.656,0.259,0.957,0.671,0.088,0.041,0.643,0.202,0.4,0.697,0.434,0.632,0.35,0.094
398,0.866,0.404,0.469,0.342,0.519,0.356,0.24,0.292,0.545,0.781,0.455,0.811,0.645,0.056,0.16,0.112,0.461,0.869,0.287,0.112,0.288,0.636,0.973,0.753,0.439,0.599,0.588,0.125,0.716,0.874,0.674,0.51,0.336,0.27,0.986,0.651,0.083,0.629,0.285,0.738,0.542,0.726,0.973,0.049,0.087,0.691,0.813,0.538,0.912,0.725,0.852,0.852,0.748,0.408,0.356,0.651,0.405,0.62,0.136,0.293,0.414,0.701,0.151,0.604
