time,CP6,F7,CP2,FT8,P1,PO8,P9,P4,CPz,P6,FT7,AF8,Fp2,P2,CP5,Pz,O1,FC5,F8,P5,Oz,FC3,P3,PO7,F5,FC2,TP8,CP1,TP7,POz,CP3,T8,Fp1,FC1,F10,F1,C3,T7,C1,C2,C4,FC4,C6,C5,F2,F6,AF3,PO4,P10,P8,P7,PO3,Fz,AF7,FCz,CP4,F4,AF4,Cz,FC6,F9,F3,O2,AFz
-100,0.77,0.59,0.778,0.194,0.887,0.285,0.097,0.491,0.3,0.735,0.378,0.984,0.65,0.034,0.692,0.659,0.619,0.206,0.692,0.052,0.968,0.32,0.386,0.308,0.421,0.633,0.332,0.021,0.129,0.89,0.449,0.876,0.643,0.611,0.086,0.387,0.557,0.551,0.997,0.146,0.173,0.26,0.125,0.326,0.968,0.219,0.938,0.943,0.346,0.22,0.745,0.88,0.397,0.409,0.78,0.516,0.322,0.315,0.523,0.07,0.17,0.525,0.982,0.634
-98,0.124,0.234,0.506,0.389,0.878,0.916,0.105,0.354,0.177,0.504,0.6,0.621,0.757,0.935,0.573,0.353,0.363,0.268,0.032,0.787,0.406,0.492,0.404,0.95,0.221,0.148,0.259,0.022,0.922,0.163,0.719,0.736,0.979,0.803,0.487,0.812,0.153,0.819,0.968,0.24,0.452,0.708,0.494,0.708,0.132,0.71,0.753,0.488,0.567,0.481,0.173,0.921,0.86,0.042,0.168,0.586,0.619,0.663,0.285,0.156,0.346,0.969,0.578,0.854
-96,0.718,0.832,0.985,0.433,0.845,0.334,0.572,0.12,0.398,0.262,0.569,0.228,0.152,0.979,0.604,0.593,0.322,0.662,0.204,0.711,0.369,0.892,0.92,0.509,0.37,0.69,0.721,0.868,0.901,0.684,0.415,0.091,0.228,0.95,0.146,0.529,0.058,0.601,0.52,0.013,0.59,0.307,0.382,0.695,0.926,0.997,0.697,0.036,0.613,0.427,0.059,0.979,0.195,0.348,0.05,0.258,0.213,0.468,0.749,0.357,0.778,0.33,0.027,0.575
-94,0.901,0.5,0.012,0.887,0.223,0.384,0.671,0.41,0.324,0.658,0.748,0.997,0.444,0.267,0.324,0.526,0.569,0.418,0.887,0.228,0.168,0.089,0.293,0.17,0.265,0.718,0.889,0.429,0.094,0.091,0.307,0.652,0.479,0.301,0.284,0.712,0.139,0.535,0.863,0.821,0.53,0.435,0.522,0.534,0.566,0.422,0.013,0.07,0.835,0.073,0.658,0.129,0.568,0.159,0.918,0.996,0.379,0.459,0.794,0.901,0.995,0.475,0.545,0.589
-92,0.213,0.668,0.586,0.14,0.496,0.799,0.914,0.773,0.163,0.598,0.802,0.288,0.268,0.994,0.501,0.129,0.149,0.962,0.948,0.905,0.47,0.339,0.544,0.907,0.117,0.908,0.187,0.911,0.969,0.018,0.893,0.634,0.011,0.2,0.585,0.713,0.53,0.369,0.177,0.864,0.823,0.467,0.538,0.681,0.012,0.729,0.024,0.609,0.483,0.452,0.944,0.188,0.754,0.639,0.922,0.749,0.301,0.065,0.361,0.934,0.708,0.624,0.746,0.967
-90,0.876,0.379,0.928,0.662,0.949,0.253,0.874,0.445,0.07,0.408,0.393,0.852,0.251,0.275,0.757,0.354,0.964,0.466,0.324,0.838,0.218,0.073,0.886,0.138,0.763,0.491,0.238,0.158,0.79,0.762,0.391,0.428,0.262,0.944,0.572,0.386,0.292,0.214,0.21,0.951,0.365,0.472,0.814,0.064,0.847,0.287,0.434,0.927,0.173,0.405,0.694,0.949,0.506,0.921,0.666,0.726,0.076,0.809,0.459,0.982,0.402,0.788,0.217,0.221
-88,0.089,0.327,0.702,0.802,0.629,0.137,0.005,0.23,0.468,0.769,0.252,0.579,0.573,0.163,0.177,0.649,0.447,0.711,0.599,0.795,0.084,0.98,0.924,0.537,0.144,0.173,0.426,0.144,0.866,0.571,0.552,0.597,0.253,0.282,0.903,0.731,0.02,0.973,0.064,0.326,0.897,0.518,0.984,0.909,0.47,0.729,0.029,0.39,0.656,0.715,0.236,0.433,0.981,0.104,0.595,0.011,0.657,0.477,0.233,0.274,0.832,0.407,0.853,0.712
-86,0.667,0.15,0.833,0.327,0.745,0.931,0.595,0.082,0.096,0.312,0.013,0.858,0.207,0.179,0.278,0.917,0.818,0.903,0.229,0.228,0.583,0.917,0.798,0.326,0.416,0.617,0.496,0.254,0.665,0.894,0.409,0.144,0.662,0.468,0.456,0.469,0.666,0.33,0.395,0.296,0.23,0.559,0.744,0.567,0.728,0.665,0.321,0.287,0.478,0.673,0.443,0.964,0.546,0.575,0.108,0.283,0.76,0.923,0.589,0.143,0.283,0.183,0.727,0.731
-84,0.924,0.682,0.764,0.145,0.633,0.994,0.817,0.614,0.982,0.426,0.279,0.833,0.279,0.507,0.541,0.523,0.296,0.624,0.793,0.857,0.42,0.504,0.224,0.533,0.557,0.759,0.747,0.288,0.941,0.665,0.135,0.637,0.779,0.589,0.435,0.158,0.858,0.047,0.874,0.427,0.379,0.866,0.467,0.589,0.224,0.187,0.876,0.602,0.75,0.224,0.13,0.856,0.309,0.858,0.412,0.237,0.842,0.905,0.306,0.098,0.808,0.319,0.445,0.916
-82,0.567,0.273,0.35,0.056,0.842,0.229,0.75,0.182,0.077,0.557,0.373,0.789,0.946,0.572,0.3,0.723,0.077,0.992,0.733,0.384,0.125,0.004,0.45,0.12,0.559,0.723,0.847,0.765,0.074,0.103,0.823,0.552,0.217,0.941,0.673,0.771,0.757,0.497,0.459,0.116,0.302,0.12,0.233,0.772,0.649,0.67,0.664,0.681,0.321,0.692,0.57,0.846,0.894,0.915,0.787,0.424,0.368,0.331,0.526,0.93,0.899,0.414,0.721,0.142
-80,0.683,0.236,0.535,0.716,0.454,0.693,0.902,0.553,0.916,0.011,0.241,0.554,0.539,0.472,0.568,0.39,0.46,0.248,0.909,0.173,0.706,0.665,0.762,0.569,0.878,0.485,0.133,0.051,0.763,0.959,0.791,0.711,0.219,0.725,0.183,0.876,0.574,0.297,0.569,0.263,0.868,0.25,0.689,0.453,0.566,0.014,0.923,0.397,0.358,0.02,0.603,0.468,0.057,0.905,0.011,0.596,0.18,0.162,0.743,0.341,0.861,0.379,0.87,0.487
-78,0.169,0.716,0.153,0.401,0.948,0.341,0.756,0.502,0.71,0.139,0.414,0.862,0.593,0.926,0.596,0.87,0.298,0.182,0.323,0.896,0.271,0.694,0.653,0.459,0.087,0.304,0.879,0.001,0.213,0.414,0.274,0.723,0.272,0.11,0.84,0.306,0.515,0.002,0.73,0.43,0.327,0.243,0.328,0.234,0.946,0.516,0.524,0.534,0.564,0.167,0.736,0.285,0.825,0.114,0.883,0.412,0.993,0.019,0.097,0.396,0.328,0.509,0.425,0.234
-76,0.424,0.515,0.116,0.077,0.693,0.931,0.405,0.296,0.811,0.623,0.799,0.536,0.464,0.285,0.192,0.513,0.007,0.504,0.266,0.544,0.668,0.213,0.566,0.607,0.415,0.696,0.122,0.288,0.587,0.046,0.489,0.311,0.309,0.521,0.918,0.269,0.799,0.771,0.705,0.976,0.98,0.021,0.319,0.936,0.92,0.845,0.812,0.901,0.391,0.557,0.667,0.274,0.27,0.147,0.585,0.57,0.569,0.419,0.217,0.654,0.398,0.09,0.908,0.298
-74,0.465,0.264,0.68,0.897,0.836,0.869,0.194,0.185,0.993,0.312,0.849,0.864,0.642,0.662,0.311,0.709,0.497,0.59,0.041,0.215,0.462,0.157,0.762,0.423,0.553,0.264,0.471,0.076,0.625,0.23,0.282,0.105,0.566,0.504,0.358,0.349,0.255,0.114,0.483,0.224,0.739,0.778,0.287,0.916,0.151,0.009,0.305,0.736,0.964,0.155,0.346,0.044,0.779,0.258,0.412,0.757,0.286,0.236,0.929,0.222,0.508,0.525,0.303,0.401
-72,0.421,0.466,0.043,0.051,0.886,0.204,0.979,0.132,0.044,0.196,0.014,0.79,0.521,0.051,0.763,0.507,0.961,0.182,0.909,0.873,0.521,0.568,0.314,0.408,0.533,0.756,0.925,0.116,0.391,0.058,0.746,0.606,0.013,0.122,0.907,0.39,0.642,0.072,0.837,0.338,0.342,0.469,0.668,0.869,0.057,0.736,0.242,0.221,0.8,0.013,0.404,0.652,0.004,0.873,0.049,0.886,0.231,0.212,0.957,0.598,0.259,0.817,0.727,0.566
-70,0.003,0.456,0.756,0.988,0.051,0.65,0.169,0.054,0.092,0.744,0.33,0.85,0.794,0.817,0.765,0.59,0.926,0.59,0.731,0.356,0.073,0.008,0.361,0.885,0.751,0.493,0.539,0.311,0.714,0.1,0.752,0.862,0.63,0.65,0.913,0.772,0.763,0.424,0.932,0.934,0.025,0.659,0.621,0.645,0.115,0.566,0.991,0.511,0.256,0.66,0.35,0.488,0.364,0.773,0.586,0.211,0.664,0.74,0.927,0.226,0.517,0.165,0.12,0.303
-68,0.961,0.533,0.691,0.407,0.778,0.219,0.896,0.891,0.699,0.245,0.443,0.978,0.206,0.61,0.127,0.303,0.61,0.394,0.06,0.928,0.191,0.743,0.045,0.436,0.576,0.864,0.417,0.039,0.569,0.179,0.559,0.911,0.496,0.652,0.002,0.246,0.718,0.404,0.639,0.044,0.223,0.534,0.44,0.135,0.631,0.006,0.172,0.592,0.602,0.972,0.247,0.568,0.535,0.238,0.85,0.229,0.184,0.985,0.783,0.493,0.124,0.547,0.099,0.559
-66,0.344,0.719,0.412,0.883,0.494,0.562,0.967,0.905,0.461,0.355,0.738,0.609,0.624,0.265,0.922,0.415,0.17,0.573,0.173,0.962,0.478,0.827,0.197,0.764,0.064,0.316,0.819,0.043,0.12,0.898,0.276,0.011,0.683,0.491,0.555,0.617,0.166,0.849,0.196,0.77,0.915,0.587,0.99,0.477,0.552,0.19,0.625,0.374,0.004,0.689,0.884,0.615,0.718,0.288,0.805,0.329,0.75,0.413,0.49,0.77,0.033,0.889,0.413,0.883
-64,0.49,0.634,0.846,0.268,0.162,0.425,0.361,0.6,0.571,0.932,0.78,0.184,0.423,0.512,0.298,0.944,0.064,0.899,0.589,0.385,0.568,0.514,0.348,0.517,0.151,0.531,0.025,0.672,0.425,0.983,0.283,0.737,0.607,0.384,0.201,0.095,0.629,0.532,0.65,0.062,0.485,0.554,0.202,0.376,0.1,0.093,0.875,0.079,0.153,0.937,0.272,0.314,0.867,0.906,0.18,0.929,0.695,0.177,0.118,0.535,0.469,0.295,0.684,0.277
-62,0.827,0.296,0.963,0.737,0.285,0.976,0.425,0.249,0.484,0.097,0.146,0.398,0.283,0.92,0.919,0.133,0.263,0.335,0.769,0.219,0.707,0.081,0.661,0.389,0.059,0.657,0.42,0.632,0.379,0.094,0.64,0.272,0.322,0.168,0.467,0.753,0.515,0.898,0.149,0.743,0.669,0.767,0.429,0.911,0.173,0.115,0.583,0.976,0.973,0.589,0.117,0.012,0.039,0.546,0.566,0.397,0.106,0.448,0.957,0.289,0.67,0.013,0.995,0.971
-60,0.141,0.756,0.083,0.736,0.208,0.208,0.596,0.446,0.634,0.248,0.029,0.783,0.609,0.953,0.668,0.312,0.249,0.111,0.607,0.029,0.639,0.18,0.581,0.083,0.456,0.046,0.341,0.293,0.183,0.739,0.684,0.265,0.255,0.661,0.163,0.414,0.848,0.92,0.935,0.408,0.868,0.878,0.304,0.712,0.314,0.062,0.76,0.846,0.768,0.183,0.656,0.392,0.164,0.289,0.728,0.357,0.793,0.953,0.494,0.673,0.562,0.515,0.466,0.623
-58,0.136,0.281,0.627,0.529,0.461,0.363,0.848,0.54,0.403,0.025,0.814,0.852,0.171,0.55,0.366,0.622,0.508,0.768,0.704,0.728,0.496,0.626,0.71,0.549,0.06,0.651,0.935,0.543,0.046,0.441,0.636,0.865,0.288,0.807,0.146,0.84,0.726,0.834,0.661,0.47,0.067,0.451,0.729,0.152,0.652,0.832,0.086,0.907,0.755,0.366,0.442,0.693,0.861,0.584,0.028,0.272,0.169,0.521,0.143,0.355,0.344,0.473,0.283,0.12
-56,0.305,0.755,0.446,0.732,0.589,0.763,0.24,0.663,0.239,0.821,0.906,0.31,0.185,0.279,0.096,0.157,0.462,0.349,0.943,0.318,0.327,0.596,0.207,0.135,0.533,0.04,0.186,0.339,0.977,0.323,0.695,0.173,0.82,0.549,0.378,0.832,0.493,0.709,0.328,0.134,0.933,0.225,0.838,0.564,0.717,0.937,0.201,0.442,0.116,0.905,0.024,0.285,0.034,0.319,0.942,0.417,0.312,0.717,0.407,0.529,0.474,0.733,0.061,0.675
-54,0.923,0.381,0.927,0.285,0.841,0.234,0.529,0.937,0.644,0.583,0.422,0.189,0.058,0.188,0.136,0.231,0.203,0.987,0.103,0.076,0.534,0.98,0.898,0.379,0.17,0.966,0.903,1.0,0.492,0.461,0.994,0.39,0.048,0.854,0.216,0.484,0.877,0.336,0.732,0.788,0.742,0.419,0.929,0.247,0.977,0.653,0.522,0.259,0.284,0.613,0.572,0.054,0.72,0.218,0.126,0.865,0.294,0.021,0.419,0.704,0.479,0.353,0.626,0.616
-52,0.018,0.061,0.028,0.446,0.87,0.717,0.547,0.649,0.66,0.902,0.301,0.09,0.839,0.728,0.373,0.778,0.957,0.519,0.883,0.629,0.23,0.793,0.583,0.379,0.571,0.438,0.2,0.606,0.919,0.067,0.042,0.203,0.876,0.439,0.28,0.892,0.661,0.804,0.399,0.082,0.947,0.105,0.263,0.095,0.398,0.576,0.465,0.842,0.863,0.849,0.397,0.212,0.12,0.058,0.943,0.139,0.175,0.626,0.138,0.013,0.028,0.302,0.872,0.658
-50,0.475,0.589,0.712,0.711,0.695,0.515,0.767,0.681,0.208,0.011,0.14,0.231,0.864,0.42,0.092,0.115,0.852,0.678,0.959,0.466,0.256,0.286,0.114,0.559,0.673,0.81,0.729,0.12,0.574,0.925,0.976,0.035,0.098,0.176,0.695,0.069,0.764,0.193,0.765,0.522,0.521,0.949,0.641,0.866,0.271,0.272,0.772,0.485,0.454,0.524,0.019,0.861,0.82,0.544,0.271,0.794,0.583,0.387,0.72,0.683,0.287,0.956,0.3,0.654
-48,0.877,0.403,0.044,0.88,0.736,0.022,0.62,0.291,0.468,0.727,0.951,0.538,0.922,0.664,0.973,0.039,0.317,0.173,0.673,0.394,0.324,0.44,0.936,0.5,0.598,0.493,0.996,0.021,0.48,0.055,0.551,0.702,0.096,0.819,0.844,0.718,0.513,0.722,0.673,0.587,0.436,0.076,0.152,0.538,0.18,0.258,0.605,0.606,0.667,0.984,0.856,0.921,0.562,0.525,0.1,0.995,0.629,0.711,0.751,0.131,0.985,0.418,0.306,0.544
-46,0.006,0.615,0.253,0.957,0.913,0.604,0.275,0.236,0.265,0.701,0.683,0.916,0.248,0.46,0.424,0.281,0.035,0.234,0.861,0.775,0.083,0.153,0.067,0.706,0.224,0.448,0.884,0.349,0.127,0.229,0.209,0.778,0.194,0.52,0.587,0.445,0.221,0.226,0.14,0.134,0.633,0.404,0.583,0.485,0.478,0.462,0.784,0.922,0.645,0.585,0.527,0.448,0.824,0.301,0.025,0.116,0.098,0.538,0.981,0.167,0.25,0.644,0.125,0.784
-44,0.458,0.552,0.547,0.937,0.767,0.473,0.917,0.744,0.839,0.754,0.453,0.697,0.62,0.948,0.16,0.134,0.46,0.897,0.73,0.108,0.527,0.328,0.356,0.704,0.594,0.152,0.804,0.783,0.703,0.049,0.88,0.444,0.8,0.669,0.479,0.276,0.951,0.531,0.269,0.541,0.625,0.638,0.11,0.479,0.436,0.37,0.749,0.291,0.211,0.707,0.327,0.206,0.768,0.764,0.035,0.744,0.144,0.875,0.164,0.484,0.793,0.347,0.485,0.078
-42,0.814,0.081,0.252,0.645,0.307,0.855,0.465,0.2,0.664,0.453,0.315,0.857,0.969,0.997,0.802,0.664,0.793,0.046,0.025,0.663,0.187,0.483,0.456,0.466,0.086,0.149,0.499,0.312,0.141,0.849,0.241,0.828,0.168,0.191,0.259,0.662,0.38,0.989,0.413,0.257,0.259,0.395,0.807,0.883,0.87,0.268,0.816,0.806,0.655,0.425,0.06,0.421,0.263,0.205,0.893,0.63,0.982,0.042,0.684,0.326,0.62,0.624,0.468,0.555
-40,0.905,0.192,0.178,0.852,0.307,0.215,0.643,0.115,0.051,0.913,0.684,0.347,0.705,0.339,0.848,0.655,0.098,0.451,0.646,0.036,0.449,0.482,0.126,0.186,0.273,0.662,0.075,0.058,0.193,0.112,0.739,0.784,0.74,0.989,0.662,0.171,0.797,0.617,0.436,0.19,0.835,0.34,0.598,0.514,0.57,0.199,0.408,0.08,0.622,0.45,0.762,0.696,0.38,0.278,0.42,0.602,0.95,0.536,0.414,0.716,0.453,0.235,0.618,0.895
-38,0.68,0.259,0.646,0.21,0.761,0.702,0.842,0.707,0.331,0.324,0.756,0.645,0.865,0.607,0.961,0.455,0.179,0.322,0.618,0.334,0.095,0.819,0.516,0.848,0.714,0.153,0.583,0.924,0.034,0.917,0.595,0.021,0.869,0.321,0.358,0.963,0.836,0.789,0.516,0.94,0.539,0.662,0.05,0.603,0.798,0.602,0.768,0.78,0.959,0.442,0.124,0.806,0.429,0.222,0.003,0.17,0.941,0.692,0.894,0.468,0.332,0.196,0.491,0.754
-36,0.451,0.194,0.769,0.517,0.285,0.481,0.697,0.732,0.093,0.366,0.506,0.677,0.744,0.483,0.576,0.92,0.907,0.619,0.745,0.126,0.323,0.224,0.226,0.934,0.462,0.954,0.371,0.781,0.355,0.529,0.424,0.056,0.712,0.744,0.691,0.494,0.223,0.009,0.363,0.399,0.407,0.463,0.873,0.836,0.773,0.241,0.044,0.147,0.46,0.827,0.297,0.844,0.792,0.745,0.196,0.657,0.192,0.842,0.397,0.448,0.808,0.114,0.43,0.169
-34,0.412,0.052,0.398,0.597,0.245,0.084,0.752,0.477,0.876,0.169,0.369,0.832,0.803,0.515,0.852,0.749,0.922,0.116,0.116,0.619,0.004,0.378,0.71,0.01,0.134,0.641,0.052,0.703,0.827,0.492,0.666,0.139,0.806,0.806,0.967,0.207,0.917,0.957,0.913,0.939,0.585,0.734,0.599,0.809,0.157,0.84,0.271,0.599,0.065,0.33,0.273,0.331,0.321,0.534,0.701,0.792,0.393,0.886,0.854,0.774,0.409,0.877,0.761,0.25
-32,0.701,0.035,0.927,0.499,0.728,0.1,0.469,0.777,0.935,0.214,0.003,0.02,0.286,0.76,0.868,0.095,0.505,0.827,0.177,0.879,0.727,0.861,0.357,0.174,0.261,0.869,0.408,0.003,0.974,0.37,0.715,0.385,0.596,0.792,0.315,0.197,0.043,0.343,0.949,0.751,0.689,0.237,0.595,0.597,0.621,0.194,0.364,0.451,0.924,0.385,0.565,0.885,0.717,0.006,0.119,0.017,0.122,0.922,0.778,0.264,0.133,0.599,0.267,0.382
-30,0.046,0.277,0.459,0.641,0.406,0.462,0.125,0.182,0.462,0.357,0.767,0.2,0.861,0.321,0.289,0.976,0.373,0.076,0.849,0.613,0.16,0.971,0.389,0.893,0.616,0.391,0.698,0.653,0.236,0.844,0.315,0.685,0.805,0.229,0.508,0.965,0.669,0.947,0.862,0.752,0.379,0.773,0.896,0.53,0.539,0.374,0.762,0.18,0.426,0.408,0.216,0.477,0.033,0.976,0.417,0.979,0.073,0.641,0.435,0.194,0.565,0.402,0.267,0.29
-28,0.481,0.385,0.577,0.402,0.499,0.346,0.833,0.789,0.977,0.971,0.435,0.935,0.188,0.14,0.943,0.392,0.824,0.069,0.155,0.835,0.903,0.014,0.062,0.473,0.492,0.412,0.187,0.149,0.959,0.394,0.09,0.675,0.89,0.283,0.833,0.927,0.912,0.235,0.078,0.693,0.312,0.138,0.065,0.507,0.416,0.133,0.391,0.57,0.265,0.092,0.774,0.956,0.416,0.962,0.736,0.441,0.436,0.154,0.779,0.064,0.245,0.598,0.747,0.945
-26,0.176,0.733,0.22,0.67,0.139,0.655,0.373,0.082,0.987,0.157,0.908,0.514,0.818,0.781,0.782,0.988,0.461,0.921,0.873,0.3,0.637,0.606,0.362,0.491,0.046,0.226,0.921,0.89,0.414,0.793,0.032,0.283,0.901,0.478,0.402,0.794,0.212,0.63,0.481,0.292,0.072,0.899,0.595,0.881,0.674,0.52,0.89,0.466,0.736,0.664,0.034,0.739,0.316,0.348,0.454,0.548,0.519,0.52,0.092,0.682,0.561,0.729,0.835,0.202
-24,0.297,0.232,0.446,0.284,0.571,0.0,0.291,0.669,0.907,0.555,0.977,0.243,0.182,0.874,0.972,0.513,0.523,0.153,0.177,0.061,0.989,0.753,0.16,0.08,0.513,0.238,0.88,0.561,0.887,0.18,0.175,0.911,0.28,0.58,0.047,0.14,0.643,0.438,0.324,0.121,0.385,0.87,0.756,0.926,0.959,0.547,0.534,0.896,0.234,0.955,0.146,0.091,0.055,0.235,0.526,0.252,0.171,0.973,0.208,0.556,0.457,0.714,0.881,0.337
-22,0.279,0.751,0.827,0.001,0.584,0.528,0.011,0.583,0.828,0.297,0.029,0.94,0.031,0.14,0.867,0.286,0.973,0.428,0.377,0.302,0.394,0.474,0.376,0.201,0.466,0.134,0.945,0.41,0.08,0.62,0.362,0.467,0.488,0.909,0.45,0.154,0.388,0.545,0.25,0.193,0.528,0.153,0.649,0.897,0.952,0.054,0.301,0.914,0.605,0.975,0.655,0.851,0.927,0.512,0.41,0.434,0.262,0.59,0.085,0.704,0.017,0.079,0.347,0.223
-20,0.947,0.936,0.981,0.019,0.056,0.169,0.501,0.253,0.568,0.657,0.61,0.034,0.326,0.79,0.081,0.725,0.251,0.07,0.016,0.006,0.406,0.468,0.509,0.548,0.925,0.321,0.888,0.146,0.501,0.233,0.859,0.896,0.345,0.538,0.873,0.945,0.439,0.543,0.348,0.799,0.273,0.008,0.032,0.745,0.163,0.402,0.236,0.697,0.946,0.276,0.764,0.712,0.047,0.099,0.332,0.116,0.427,0.58,0.028,0.432,0.462,0.581,0.147,0.558
-18,0.63,0.931,0.332,0.406,0.899,0.175,0.565,0.278,0.983,0.432,0.202,0.651,0.665,0.997,0.069,0.67,0.122,0.716,0.635,0.634,0.747,0.518,0.825,0.246,0.675,0.713,0.254,0.004,0.462,0.702,0.685,0.93,0.92,0.719,0.517,0.041,0.151,0.025,0.409,0.601,0.52,0.876,0.121,0.334,0.604,0.319,0.894,0.242,0.939,0.291,0.656,0.264,0.971,0.997,0.774,0.506,0.158,0.402,0.929,0.808,0.323,0.205,0.193,0.42
-16,0.909,0.554,0.727,0.118,0.279,0.469,0.145,0.752,0.933,0.761,0.003,0.403,0.585,0.52,0.333,0.226,0.577,0.494,0.998,0.242,0.174,0.572,0.816,0.832,0.108,0.605,0.648,0.153,0.152,0.409,0.102,0.205,0.244,0.292,0.684,0.371,0.834,0.9,0.534,0.501,0.525,0.058,0.217,0.087,0.011,0.226,0.837,0.86,0.426,0.016,0.243,0.937,0.769,0.449,0.056,0.051,0.344,0.64,0.587,0.01,0.094,0.364,0.196,0.066
-14,0.611,0.768,0.742,0.036,0.072,0.122,0.555,0.191,0.487,0.19,0.225,0.698,0.504,0.453,0.348,0.39,0.338,0.762,0.617,0.642,0.887,0.532,0.573,0.713,0.212,0.687,0.121,0.863,0.62,0.94,0.806,0.324,0.886,0.275,0.549,0.358,0.33,0.626,0.498,0.942,0.918,0.354,0.417,0.876,0.524,0.163,0.933,0.766,0.729,0.826,0.645,0.157,0.393,0.952,0.331,0.233,0.254,0.578,0.657,0.298,0.139,0.089,0.821,0.116
-12,0.427,0.212,0.571,0.814,0.75,0.429,0.324,0.695,0.857,0.278,0.334,0.01,0.775,0.633,0.652,0.425,0.261,0.528,0.114,0.618,0.997,0.459,0.236,0.67,0.949,0.646,0.83,0.752,0.688,0.601,0.174,0.995,0.11,0.222,0.784,0.437,0.618,0.058,0.701,0.368,0.725,0.023,0.175,0.0,0.273,0.645,0.667,0.595,0.872,0.872,0.933,0.935,0.286,0.582,0.931,0.84,0.286,0.425,0.769,0.642,0.013,0.593,0.7,0.743
-10,0.113,0.102,0.661,0.571,0.464,0.49,0.855,0.507,0.368,0.957,0.739,0.163,0.168,0.141,0.103,0.707,0.967,0.097,0.993,0.209,0.518,0.687,0.768,0.418,0.528,0.122,0.698,0.513,0.537,0.183,0.667,0.759,0.046,0.414,0.582,0.119,0.714,0.504,0.484,0.851,0.172,0.82,0.574,0.528,0.639,0.005,0.275,0.742,0.955,0.468,0.307,0.715,0.63,0.159,0.004,0.833,0.133,0.449,0.187,0.543,0.635,0.981,0.797,0.193
-8,0.907,0.256,0.533,0.308,0.741,0.688,0.033,0.147,0.147,0.041,0.254,0.204,0.691,0.222,0.617,0.41,0.285,0.748,0.527,0.84,0.151,0.659,0.796,0.004,0.387,0.531,0.285,0.395,0.237,0.622,0.181,0.889,0.268,0.216,0.159,0.445,0.943,0.153,0.696,0.285,0.26,0.26,0.239,0.733,0.027,0.505,0.065,0.599,0.267,0.585,0.396,0.159,0.58,0.051,0.057,0.139,0.107,0.328,0.947,0.387,0.989,0.841,0.444,0.032
-6,0.331,0.354,0.243,0.561,0.718,0.342,0.102,0.869,0.284,0.06,0.543,0.202,0.698,0.065,0.23,0.519,0.485,0.815,0.195,0.344,0.721,0.116,0.015,0.084,0.157,0.663,0.996,0.674,0.607,0.302,0.309,0.734,0.991,0.35,0.29,0.147,0.624,0.398,0.168,0.092,0.265,0.024,0.532,0.113,0.699,0.318,0.11,0.444,0.772,0.206,0.896,0.117,0.597,0.903,0.691,0.044,0.887,0.381,0.201,0.891,0.938,0.296,0.837,0.052
-4,0.906,0.354,0.057,0.201,0.614,0.417,0.003,0.612,0.894,0.877,0.098,0.609,0.254,0.222,0.692,0.699,0.476,0.205,0.042,0.517,0.656,0.919,0.43,0.344,0.212,0.985,0.005,0.353,0.695,0.589,0.564,0.083,0.569,0.723,0.129,0.475,0.938,0.863,0.925,0.06,0.345,0.663,0.784,0.096,0.938,0.794,0.745,0.628,0.643,0.419,0.65,0.651,0.308,0.867,0.317,0.219,0.617,0.932,0.112,0.441,0.96,0.841,0.99,0.416
-2,0.616,0.374,0.604,0.615,0.042,0.818,0.903,0.364,0.933,0.888,0.093,0.332,0.786,0.238,0.815,0.105,0.831,0.101,0.816,0.523,0.594,0.438,0.114,0.092,0.944,0.691,0.931,0.149,0.013,0.425,0.884,0.126,0.218,0.335,0.878,0.777,0.246,0.545,0.619,0.791,0.723,0.539,0.353,0.402,0.673,0.195,0.09,0.582,0.686,0.602,0.269,0.533,0.766,0.562,0.934,0.061,0.834,0.881,0.798,0.032,0.995,0.053,0.505,0.077
0,0.618,0.483,0.131,0.812,0.174,0.655,0.658,0.455,0.649,0.46,0.34,0.615,0.911,0.141,0.005,0.658,0.828,0.456,0.498,0.576,0.724,0.352,0.785,0.493,0.228,0.299,0.052,0.045,0.025,0.076,0.941,0.668,0.817,0.851,0.846,0.502,0.369,0.026,0.383,0.884,0.976,0.135,0.26,0.82,0.113,0.817,0.048,0.99,0.802,0.58,0.863,0.228,0.915,0.591,0.767,0.036,0.602,0.301,0.551,0.053,0.888,0.289,0.822,0.429
2,0.951,0.095,0.901,0.796,0.741,0.084,0.312,0.33,0.145,0.879,0.459,0.084,0.253,0.556,0.095,0.933,0.281,0.817,0.454,0.632,0.061,0.897,0.632,0.477,0.096,0.294,0.274,0.392,0.803,0.246,0.566,0.448,0.442,0.189,0.659,0.96,0.083,0.09,0.762,0.787,0.056,0.033,0.14,0.125,0.046,0.445,0.207,0.976,0.051,0.487,0.021,0.306,0.849,0.052,0.977,0.071,0.963,0.152,0.228,0.952,0.015,0.654,0.789,0.485
4,0.56,0.946,0.954,0.674,0.635,0.462,0.309,0.375,0.019,0.568,0.753,0.733,0.541,0.763,0.434,0.335,0.156,0.204,0.787,0.586,0.394,0.886,0.688,0.503,0.473,0.35,0.584,0.434,0.151,0.739,0.936,0.03,0.07,0.212,0.255,0.932,0.628,0.836,0.606,0.741,0.287,0.462,0.927,0.647,0.721,0.209,0.778,0.259,0.16,0.567,0.286,0.557,0.144,0.98,0.032,0.36,0.411,0.829,0.458,0.55,0.55,0.841,0.394,0.971
6,0.171,0.178,0.941,0.246,0.87,0.426,0.503,0.682,0.064,0.462,0.537,0.096,0.891,0.389,0.412,0.437,0.76,0.93,0.921,0.834,0.954,0.418,0.216,0.914,0.466,0.36,0.767,0.286,0.139,0.301,0.228,0.433,0.163,0.265,0.822,0.724,0.034,0.181,0.793,0.118,0.631,0.167,0.393,0.369,0.626,0.501,0.99,0.913,0.102,0.49,0.76,0.078,0.588,0.89,0.71,0.44,0.567,0.993,0.318,0.056,0.236,0.391,0.724,0.993
8,0.957,0.213,0.61,0.821,0.354,0.291,0.458,0.468,0.525,0.323,0.357,0.04,0.142,0.679,0.324,0.078,0.376,0.371,0.745,0.18,0.649,0.831,0.46,0.344,0.481,0.579,0.537,0.645,0.216,0.819,0.662,0.594,0.082,0.813,0.828,0.399,0.033,0.275,0.295,0.58,0.93,0.278,0.748,0.69,0.903,0.316,0.958,0.795,0.171,0.233,0.923,0.329,0.893,0.035,0.711,0.169,0.95,0.087,0.098,0.554,0.784,0.285,0.079,0.726
10,0.394,0.621,0.904,0.418,0.441,0.277,0.795,0.996,0.031,0.026,0.768,0.14,0.499,0.553,0.368,0.885,0.494,0.439,0.171,0.46,0.6,0.255,0.329,0.28,0.599,0.9,0.636,0.564,0.409,0.805,0.69,0.529,0.534,0.621,0.766,0.816,0.481,0.095,0.742,0.874,0.42,0.587,0.623,0.812,0.832,0.696,0.713,0.611,0.116,0.542,0.737,0.227,0.885,0.078,0.161,0.107,0.638,0.07,0.404,0.153,0.584,0.979,0.903,0.8
12,0.229,0.573,0.938,0.25,0.322,0.961,0.463,0.361,0.459,0.39,0.746,0.689,0.591,0.796,0.979,0.422,0.605,0.769,0.802,0.961,0.493,0.859,0.796,0.404,0.165,0.42,0.06,0.784,0.887,0.108,0.818,0.148,0.486,0.085,0.644,0.053,0.555,0.875,0.744,0.678,0.561,0.747,0.654,0.528,0.665,0.092,0.878,0.832,0.539,0.389,0.712,0.591,0.877,0.748,0.57,0.837,0.105,0.79,0.002,0.424,0.868,0.458,0.731,0.798
14,0.734,0.88,0.454,0.852,0.205,0.892,0.063,0.87,0.655,0.069,0.88,0.19,0.058,0.014,0.302,0.083,0.495,0.462,0.833,0.983,0.449,0.173,0.008,0.575,0.542,0.82,0.407,0.177,0.437,0.312,0.641,0.524,0.192,0.652,0.423,0.591,0.604,0.5,0.745,0.992,0.16,0.041,0.877,0.92,0.056,0.12,0.997,0.063,0.795,0.563,0.667,0.423,0.743,0.766,0.185,0.871,0.148,0.594,0.032,0.403,0.803,0.683,0.182,0.638
16,0.91,0.306,0.847,0.564,0.038,0.584,0.166,0.067,0.381,0.412,0.161,0.533,0.774,0.5,0.174,0.747,0.219,0.513,0.455,0.68,0.44,0.358,0.335,0.661,0.088,0.203,0.019,0.309,0.086,0.997,0.382,0.915,0.301,0.451,0.986,0.371,0.997,0.858,0.033,0.416,0.683,0.04,0.961,0.979,0.968,0.261,0.178,0.96,0.387,0.562,0.354,0.037,0.184,0.084,0.93,0.687,0.301,0.789,0.135,0.255,0.585,0.528,0.896,0.733
18,0.22,0.733,0.485,0.893,0.6,0.599,0.921,0.041,0.317,0.61,0.307,0.34,0.95,0.329,0.735,0.462,0.936,0.795,0.839,0.272,0.412,0.578,0.819,0.578,0.058,0.178,0.654,0.485,0.819,0.847,0.18,0.728,0.976,0.036,0.588,0.262,0.515,0.842,0.345,0.249,0.229,0.142,0.088,0.392,0.601,0.264,0.071,0.115,0.512,0.367,0.919,0.979,0.952,0.404,0.252,0.604,0.13,0.89,0.834,0.699,0.6,0.518,0.119,0.493
20,0.376,0.194,0.821,0.037,0.808,0.017,0.621,0.164,0.842,0.074,0.548,0.724,0.979,0.261,0.321,0.836,0.688,0.011,0.069,0.721,0.105,0.397,0.71,0.04,0.154,0.452,0.69,0.927,0.02,0.085,0.084,0.114,0.241,0.448,0.061,0.123,0.349,0.471,0.799,0.919,0.079,0.42,0.348,0.252,0.998,0.452,0.727,0.5,0.522,0.467,0.016,0.887,0.43,0.182,0.822,0.069,0.176,0.147,0.303,0.082,0.6,0.819,0.102,0.335
22,0.7,0.535,0.455,0.976,0.548,0.177,0.399,0.946,0.938,0.612,0.116,0.179,0.72,0.034,0.539,0.199,0.25,0.927,0.057,0.601,0.624,0.108,0.428,0.667,0.266,0.87,0.436,0.036,0.71,0.782,0.945,0.185,0.968,0.843,0.155,0.079,0.716,0.737,0.246,0.506,0.028,0.377,0.946,0.605,0.593,0.604,0.794,0.862,0.907,0.872,0.013,0.471,0.143,0.264,0.13,0.612,0.16,0.092,0.908,0.505,0.388,0.622,0.126,0.223
24,0.038,0.138,0.323,0.15,0.563,0.825,0.803,0.709,0.7,0.143,0.762,0.524,0.104,0.385,0.755,0.593,0.237,0.779,0.709,0.366,0.078,0.288,0.392,0.563,0.038,0.95,0.999,0.653,0.731,0.019,0.372,0.695,0.307,0.439,0.505,0.65,0.1,0.659,0.801,0.254,0.225,0.239,0.905,0.963,0.7,0.208,0.705,0.072,0.968,0.997,0.858,0.31,0.754,0.767,0.014,0.689,0.482,0.424,0.841,0.898,0.114,0.81,0.55,0.492
26,0.711,0.448,0.483,0.1,0.566,0.378,0.957,0.208,0.107,0.196,0.678,0.211,0.374,0.623,0.585,0.94,0.898,0.536,0.352,0.069,0.784,0.616,0.555,0.541,0.758,0.081,0.039,0.357,0.498,0.719,0.993,0.313,0.838,0.783,0.713,0.699,0.605,0.315,0.932,0.532,0.433,0.759,0.105,0.435,0.792,0.113,0.464,0.262,0.294,0.756,0.817,0.132,0.01,0.502,0.802,0.252,0.823,0.457,0.706,0.026,0.229,0.622,0.386,0.488
28,0.541,0.039,0.678,0.864,0.107,0.335,0.998,0.532,0.338,0.731,0.618,0.124,0.296,0.951,0.688,0.018,0.784,0.776,0.838,0.406,0.348,0.484,0.975,0.466,0.701,0.545,0.457,0.335,0.994,0.387,1.0,0.511,0.812,0.49,0.2,0.746,0.702,0.876,0.073,0.453,0.18,0.204,0.529,0.102,0.577,0.373,0.452,0.388,0.387,0.65,0.391,0.206,0.532,0.591,0.444,0.2,0.045,0.724,0.622,0.764,0.341,0.229,0.148,0.948
30,0.233,0.306,0.761,0.97,0.169,0.902,0.09,0.801,0.593,0.514,0.665,0.449,0.477,0.792,0.217,0.624,0.985,0.632,0.701,0.821,0.464,0.141,0.984,0.795,0.709,0.548,0.335,0.299,0.663,0.495,0.422,0.786,0.672,0.219,0.583,0.334,0.983,0.642,0.136,0.878,0.04,0.065,0.399,0.768,0.366,0.149,0.654,0.292,0.887,0.55,0.093,0.59,0.474,0.649,0.25,0.385,0.086,0.606,0.85,0.386,0.617,0.714,0.119,0.703
32,0.793,0.18,0.564,0.609,0.009,0.332,0.366,0.09,0.335,0.602,0.476,0.48,0.886,0.641,0.901,0.114,0.248,0.725,0.418,0.176,0.582,0.636,0.794,0.07,0.383,0.114,0.819,0.427,0.034,0.711,0.576,0.181,0.249,0.304,0.265,0.179,0.389,0.973,0.272,0.467,0.025,0.481,0.268,0.13,0.006,0.691,0.406,0.823,0.743,0.265,0.338,0.334,0.863,0.281,0.808,0.942,0.067,0.544,0.273,0.324,0.479,0.949,0.927,0.214
34,0.19,0.88,0.889,0.256,0.844,0.138,0.852,0.27,0.516,0.595,0.634,0.643,0.814,0.756,0.226,0.123,0.952,0.273,0.049,0.403,0.199,0.746,0.146,0.094,0.701,0.192,0.106,0.238,0.419,0.21,0.162,0.386,0.831,0.735,0.048,0.191,0.686,0.496,0.245,0.663,0.847,0.67,0.349,0.049,0.232,0.474,0.573,0.478,0.718,0.345,0.96,0.496,0.309,0.735,0.58,0.476,0.123,0.904,0.285,0.465,0.785,0.461,0.651,0.789
36,0.652,0.511,0.444,0.174,0.446,0.897,0.903,0.067,0.727,0.923,0.453,0.047,0.204,0.404,0.638,0.381,0.938,0.106,0.372,0.896,0.614,0.459,0.241,0.634,0.777,0.518,0.728,0.402,0.791,0.245,0.019,0.437,0.51,0.982,0.103,0.257,0.241,0.351,0.157,0.987,0.875,0.549,0.759,0.641,0.857,0.749,0.518,0.387,0.393,0.67,0.827,0.915,0.781,0.052,0.253,0.862,0.553,0.103,0.212,0.255,0.545,0.764,0.358,0.195
38,0.233,0.089,0.172,0.759,0.353,0.467,0.984,0.871,0.337,0.423,0.762,0.837,0.737,0.026,0.724,0.103,0.416,0.224,0.543,0.715,0.679,0.344,0.773,0.694,0.06,0.572,0.929,0.473,0.281,0.713,0.98,0.564,0.862,0.998,0.982,0.803,0.096,0.481,0.956,0.039,0.744,0.925,0.345,0.034,0.7,0.076,0.88,0.414,0.426,0.985,0.108,0.763,0.333,0.814,0.048,0.35,0.694,0.85,0.462,0.537,0.197,0.294,0.925,0.413
40,0.78,0.324,0.323,0.439,0.884,0.934,0.654,0.441,0.983,0.924,0.585,0.718,0.968,0.513,0.771,0.567,0.804,0.13,0.01,0.563,0.161,0.722,0.052,0.99,0.891,0.537,0.992,0.38,0.917,0.134,0.707,0.134,0.639,0.348,0.386,0.173,0.787,0.608,0.206,0.397,0.025,0.182,0.572,0.793,0.032,0.694,0.337,0.751,0.61,0.633,0.603,0.328,0.011,0.577,0.964,0.646,0.908,0.884,0.615,0.151,0.807,0.763,0.267,0.57
42,0.642,0.028,0.291,0.514,0.662,0.98,0.622,0.263,0.671,0.743,0.746,0.796,0.273,0.941,0.626,0.207,0.65,0.687,0.059,0.31,0.146,0.273,0.409,0.602,0.339,0.953,0.732,0.94,0.948,0.994,0.354,0.409,0.986,0.868,0.565,0.907,0.002,0.826,0.5,0.955,0.802,0.696,0.789,0.707,0.42,0.102,0.604,0.327,0.569,0.471,0.95,0.369,0.391,0.676,0.699,0.871,0.683,0.268,0.134,0.931,0.132,0.559,0.04,0.645
44,0.657,0.994,0.86,0.815,0.795,0.87,0.001,0.231,0.312,0.99,0.793,0.049,0.955,0.888,0.633,0.357,0.585,0.918,0.121,0.42,0.274,0.234,0.359,0.815,0.235,0.549,0.87,0.601,0.82,0.465,0.23,0.818,0.82,0.713,0.157,0.947,0.075,0.867,0.511,0.677,0.351,0.269,0.74,0.584,0.324,0.916,0.907,0.339,0.177,0.463,0.796,0.137,0.51,0.925,0.584,0.859,0.445,0.784,0.881,0.74,0.173,0.34,0.544,0.664
46,0.682,0.858,0.71,0.989,0.83,0.754,0.927,0.51,0.887,0.177,0.653,0.241,0.449,0.8,0.307,0.593,0.519,0.489,0.84,0.347,0.369,0.052,0.018,0.101,0.86,0.486,0.39,0.703,0.26,0.582,0.757,0.608,0.91,0.681,0.255,0.689,0.29,0.452,0.555,0.947,0.841,0.397,0.142,0.775,0.699,0.237,0.916,0.531,0.404,0.641,0.1,0.465,0.344,0.166,0.282,0.05,0.09,0.867,0.71,0.731,0.983,0.983,0.134,0.409
48,0.994,0.491,0.019,0.035,0.915,0.899,0.763,0.847,0.692,0.789,0.453,0.859,0.686,0.644,0.42,0.093,0.633,0.727,0.177,0.882,0.926,0.989,0.322,0.562,0.195,0.754,0.992,0.758,0.997,0.907,0.205,0.23,0.147,0.712,0.277,0.058,0.306,0.148,0.136,0.716,0.64,0.462,0.881,0.73,0.517,0.926,0.438,0.715,0.913,0.056,0.788,0.45,0.744,0.716,0.78,0.655,0.011,0.157,0.53,0.529,0.827,0.298,0.431,0.315
50,0.106,0.013,0.172,0.789,0.71,0.499,0.466,0.75,0.157,0.116,0.436,0.124,0.327,0.36,0.265,0.396,0.116,0.587,0.129,0.217,0.606,0.375,0.257,0.39,0.381,0.118,0.019,0.549,0.805,0.767,0.761,0.747,0.987,0.213,0.315,0.325,0.611,0.943,0.024,0.63,0.966,0.06,0.222,0.133,0.858,0.213,0.69,0.21,0.165,0.4,0.283,0.614,0.75,0.24,0.774,0.148,0.695,0.237,0.574,0.28,0.388,0.896,0.78,0.038
52,0.923,0.417,0.054,0.982,0.496,0.697,0.948,0.997,0.437,0.338,0.071,0.278,0.941,0.369,0.453,0.302,0.451,0.498,0.856,0.294,0.404,0.738,0.759,0.14,0.11,0.268,0.425,0.646,0.786,0.705,0.594,0.899,0.009,0.352,0.871,0.9,0.239,0.591,0.709,0.206,0.542,0.741,0.896,0.892,0.112,0.23,0.125,0.966,0.085,0.274,0.151,0.998,0.528,0.518,0.531,0.624,0.438,0.66,0.748,0.583,0.975,0.876,0.551,0.349
54,0.205,0.573,0.767,0.025,0.953,0.331,0.23,0.155,0.915,0.741,0.761,0.336,0.287,0.668,0.014,0.616,0.111,0.462,0.807,0.132,0.916,0.162,0.827,0.615,0.184,0.309,0.418,0.632,0.356,0.86,0.618,0.538,0.217,0.566,0.736,0.93,0.099,0.744,0.253,0.73,0.136,0.943,0.589,0.03,0.704,0.049,0.668,0.099,0.666,0.754,0.401,0.899,0.925,0.167,0.639,0.222,0.134,0.853,0.798,0.441,0.003,0.312,0.606,0.565
56,0.326,0.129,0.018,0.753,0.983,0.244,0.414,0.819,0.66,0.492,0.405,0.134,0.221,0.1,0.217,0.759,0.814,0.505,0.453,0.859,0.137,0.169,0.688,0.226,0.57,0.423,0.92,0.016,0.79,0.206,0.764,0.495,0.948,0.044,0.027,0.687,0.759,0.82,0.684,0.133,0.779,0.216,0.907,0.36,0.703,0.711,0.669,0.703,0.973,0.736,0.484,0.569,0.314,0.865,0.977,0.774,0.977,0.338,0.64,0.897,0.887,0.364,0.89,0.879
58,0.733,0.474,0.627,0.569,0.867,0.5,0.893,0.876,0.981,0.939,0.808,0.224,0.71,0.679,0.992,0.211,0.387,0.378,0.902,0.209,0.51,0.866,0.267,0.807,0.059,0.433,0.177,0.045,0.224,0.952,0.423,0.837,0.653,0.251,0.5,0.09,0.374,0.611,0.445,0.045,0.278,0.089,0.719,0.348,0.629,0.093,0.952,0.905,0.684,0.518,0.646,0.932,0.809,0.854,0.247,0.88,0.112,0.833,0.085,0.635,0.692,0.837,0.555,0.476
60,0.926,0.617,0.893,0.321,0.075,0.749,0.752,0.634,0.416,0.168,0.198,0.697,0.244,0.069,0.23,0.226,0.542,0.994,0.404,0.121,0.87,0.074,0.636,0.095,0.803,0.905,0.514,0.55,0.053,0.779,0.602,0.102,0.827,0.771,0.613,0.623,0.004,0.151,0.598,0.556,0.186,0.254,0.955,0.986,0.642,0.989,0.167,0.583,0.291,0.098,0.451,0.563,0.237,0.3,0.202,0.763,0.276,0.852,0.353,0.662,0.683,0.757,0.714,0.031
62,0.285,0.346,0.546,0.694,0.938,0.245,0.971,0.114,0.577,0.979,0.606,0.93,0.317,0.527,0.008,0.89,0.806,0.559,0.924,0.493,0.214,0.905,0.053,0.326,0.755,0.219,0.548,0.035,0.636,0.181,0.027,0.372,0.482,0.889,0.22,0.718,0.899,0.367,0.523,0.079,0.978,0.419,0.65,0.804,0.258,0.337,0.266,0.286,0.49,0.963,0.668,0.949,0.712,0.931,0.736,0.02,0.097,0.543,0.139,0.272,0.66,0.579,0.8,0.411
64,0.496,0.662,0.314,0.341,0.091,0.87,0.707,0.251,0.362,0.913,0.356,0.602,0.263,0.553,0.287,0.962,0.22,0.102,0.134,0.937,0.347,0.678,0.329,0.257,0.663,0.978,0.315,0.549,0.696,0.772,0.823,0.721,0.074,0.753,0.711,0.426,0.027,0.128,0.64,0.673,0.019,0.459,0.113,0.768,0.362,0.45,0.691,0.495,0.065,0.35,0.439,0.14,0.518,0.987,0.436,0.771,0.267,0.979,0.276,0.859,0.335,0.28,0.079,0.379
66,0.987,0.622,0.852,0.155,0.007,0.816,0.411,0.175,0.052,0.341,0.329,0.375,0.159,0.173,0.981,0.267,0.189,0.507,0.463,0.572,0.566,0.807,0.31,0.746,0.66,0.98,0.429,0.783,0.073,0.778,0.955,0.357,0.65,0.199,0.989,0.525,0.911,0.931,0.154,0.191,0.565,0.254,0.485,0.943,0.543,0.573,0.211,0.807,0.388,0.885,0.142,0.363,0.1,0.595,0.72,0.023,0.624,0.751,0.68,0.527,0.461,0.421,0.61,0.901
68,0.257,0.435,0.256,0.741,0.703,0.978,0.681,0.779,0.546,0.378,0.125,0.89,0.446,0.977,0.972,0.862,0.828,0.727,0.576,0.817,0.527,0.185,0.674,0.425,0.215,0.307,0.594,0.744,0.935,0.13,0.067,0.259,0.02,0.445,0.741,0.396,0.836,0.507,0.788,0.348,0.558,0.297,0.267,0.366,0.067,0.473,0.761,0.698,0.89,0.517,0.966,0.649,0.629,0.248,0.1,0.911,0.371,0.385,0.461,0.376,0.079,0.802,0.087,0.658
70,0.1,0.334,0.489,0.943,0.094,0.389,0.97,0.908,0.331,0.439,0.866,0.309,0.246,0.957,0.35,0.52,0.051,0.404,0.624,0.575,0.3,0.196,0.277,0.815,0.789,0.447,0.77,0.809,0.939,0.156,0.364,0.26,0.882,0.277,0.201,0.839,0.142,0.402,0.801,0.851,0.274,0.9,0.168,0.414,0.272,0.069,0.339,0.2,0.47,0.712,0.177,0.435,0.179,0.53,0.681,0.403,0.946,0.417,0.608,0.552,0.011,0.856,0.956,0.619
72,0.387,0.333,0.9,0.607,0.994,0.227,0.609,0.855,0.796,0.945,0.934,0.616,0.028,0.292,0.343,0.743,0.189,0.035,0.364,0.911,0.242,0.999,0.741,0.818,0.969,0.823,0.871,0.034,0.828,0.522,0.719,0.126,0.893,0.412,0.57,0.22,0.155,0.885,0.821,0.612,0.858,0.271,0.013,0.739,0.287,0.728,0.988,0.549,0.687,0.903,0.716,0.524,0.454,0.384,0.956,0.73,0.876,0.702,0.278,0.086,0.406,0.7,0.964,0.445
74,0.45,0.879,0.831,0.376,0.338,0.104,0.227,0.954,0.647,0.194,0.247,0.922,0.501,0.096,0.539,0.222,0.661,0.758,0.127,0.543,0.655,0.73,0.258,0.079,0.614,0.856,0.081,0.844,0.664,0.629,0.336,0.252,0.177,0.947,0.11,0.509,0.468,0.696,0.24,0.961,0.21,0.637,0.189,0.69,0.308,0.189,0.625,0.495,0.376,0.09,0.635,0.632,0.956,0.956,0.548,0.745,0.983,0.727,0.309,0.476,0.74,0.577,0.575,0.99
76,0.041,0.555,0.361,0.433,0.761,0.927,0.933,0.5,0.545,0.128,0.286,0.601,0.692,0.551,0.256,0.0,0.493,0.343,0.463,0.485,0.895,0.738,0.309,0.176,0.546,0.163,0.783,0.606,0.551,0.429,0.642,0.663,0.085,0.009,0.291,0.553,0.98,0.028,0.193,0.777,0.913,0.455,0.172,0.564,0.199,0.147,0.698,0.877,0.417,0.636,0.867,0.921,0.312,0.578,0.664,0.612,0.938,0.834,0.145,0.941,0.758,0.568,0.67,0.379
78,0.536,0.238,0.663,0.302,0.007,0.693,0.532,0.659,0.486,0.43,0.362,0.481,0.529,0.819,0.326,0.746,0.759,0.15,0.92,0.601,0.116,0.044,0.746,0.533,0.952,0.189,0.598,0.269,0.977,0.698,0.34,0.708,0.08,0.994,0.337,0.585,0.992,0.683,0.541,0.485,0.914,0.451,0.368,0.68,0.998,0.852,0.741,0.256,0.201,0.196,0.562,0.003,0.773,0.871,0.445,0.57,0.193,0.555,0.34,0.96,0.816,0.749,0.317,0.21
80,0.111,0.69,0.064,0.329,0.204,0.571,0.649,0.273,0.998,0.64,0.539,0.381,0.872,0.989,0.044,0.702,0.252,0.368,0.779,0.55,0.211,0.358,0.196,0.1,0.271,0.623,0.647,0.067,0.76,0.252,0.152,0.113,0.326,0.772,0.964,0.42,0.366,0.429,0.581,0.087,0.855,0.396,0.132,0.075,0.151,0.447,0.17,0.363,0.144,0.699,0.264,0.7,0.993,0.14,0.69,0.423,0.345,0.72,0.545,0.824,0.918,0.529,0.951,0.7
82,0.164,0.762,0.376,0.679,0.6,0.557,0.851,0.455,0.024,0.639,0.542,0.493,0.585,0.117,0.814,0.872,0.794,0.411,0.577,0.084,0.8,0.215,0.583,0.446,0.48,0.749,0.94,0.837,0.819,0.374,0.968,0.328,0.384,0.77,0.726,0.592,0.044,0.623,0.487,0.054,0.307,0.752,0.896,0.318,0.299,0.466,0.402,0.195,0.264,0.095,0.188,0.806,0.612,0.356,0.163,0.109,0.211,0.509,0.353,0.665,0.902,0.962,0.572,0.741
84,0.091,0.866,0.262,0.092,0.834,0.43,0.857,0.206,0.409,0.544,0.665,0.591,0.235,0.727,0.776,0.179,0.856,0.099,0.634,0.668,0.091,0.089,0.332,0.926,0.936,0.678,0.436,0.196,0.107,0.819,0.984,0.417,0.361,0.454,0.078,0.462,0.408,0.385,0.047,0.155,0.663,0.952,0.522,0.205,0.974,0.54,0.201,0.566,0.938,0.347,0.997,0.694,0.849,0.375,0.22,0.685,0.264,0.894,0.628,0.439,0.555,0.2,0.91,0.913
86,0.427,0.913,0.501,0.427,0.244,0.237,0.388,0.16,0.6,0.87,0.908,0.496,0.144,0.119,0.979,0.268,0.486,0.528,0.764,0.863,0.805,0.767,0.36,0.216,0.081,0.931,0.354,0.38,0.337,0.984,0.534,0.887,0.233,0.457,0.296,0.493,0.822,0.166,0.224,0.979,0.815,0.364,0.374,0.238,0.255,0.011,0.166,0.1,0.858,0.069,0.332,0.448,0.237,0.164,0.293,0.378,0.772,0.963,0.715,0.655,0.464,0.351,0.608,0.325
88,0.999,0.614,0.36,0.699,0.97,0.151,0.313,0.201,0.799,0.478,0.049,0.41,0.65,0.662,0.732,0.693,0.463,0.424,0.745,0.587,0.762,0.903,0.102,0.449,0.707,0.682,0.003,0.612,0.761,0.197,0.166,0.899,0.556,0.027,0.215,0.109,0.934,0.427,0.497,0.091,0.749,0.211,0.595,0.575,0.513,0.723,0.016,0.332,0.072,0.098,0.979,0.888,0.829,0.495,0.474,0.703,0.53,0.681,0.421,0.042,0.924,0.588,0.049,0.78
90,0.084,0.445,0.489,0.945,0.17,0.659,0.809,0.317,0.138,0.191,0.881,0.503,0.402,0.801,0.164,0.392,0.713,0.841,0.432,0.482,0.628,0.317,0.65,0.457,0.713,0.836,0.754,0.661,0.657,0.475,0.145,0.466,0.101,0.013,0.793,0.07,0.356,0.102,0.333,0.934,0.384,0.81,0.774,0.672,0.727,0.513,0.675,0.383,0.366,0.929,0.574,0.419,0.284,0.087,0.612,0.423,0.456,0.617,0.402,0.685,0.13,0.013,0.766,0.09
92,0.98,0.542,0.162,0.78,0.95,0.549,0.608,0.292,0.932,0.287,0.951,0.618,0.918,0.309,0.904,0.281,0.824,0.814,0.62,0.266,0.015,0.11,0.778,0.303,0.87,0.93,0.905,0.152,0.177,0.915,0.971,0.459,0.549,0.32,0.11,0.426,0.641,0.084,0.584,0.238,0.932,0.195,0.204,0.472,0.205,0.829,0.925,0.507,0.293,0.934,0.397,0.612,0.156,0.439,0.357,0.778,0.339,0.23,0.369,0.917,0.204,0.026,1.0,0.993
94,0.565,0.507,0.037,0.382,0.328,0.03,0.133,0.575,0.057,0.495,0.97,0.942,0.17,0.727,0.973,0.976,0.095,0.83,0.531,0.689,0.74,0.597,0.887,0.931,0.925,0.17,0.922,0.652,0.428,0.484,0.245,0.979,0.68,0.77,0.59,0.759,0.825,0.216,0.835,0.858,0.521,0.294,0.084,0.251,0.225,0.567,0.433,0.197,0.229,0.409,0.783,0.743,0.421,0.549,0.364,0.769,0.015,0.785,0.718,0.348,0.812,0.894,0.351,0.819
96,0.612,0.191,0.58,0.359,0.414,0.664,0.319,0.854,0.645,0.002,0.928,0.775,0.621,0.932,0.861,0.238,0.471,0.615,0.52,0.341,0.551,0.531,0.197,0.451,0.983,0.068,0.958,0.7,0.768,0.623,0.949,0.235,0.576,0.658,0.249,0.804,0.225,0.897,0.71,0.23,0.08,0.654,0.252,0.696,0.514,0.239,0.071,0.535,0.055,0.634,0.938,0.419,0.194,0.453,0.282,0.567,0.547,0.239,0.738,0.585,0.906,0.939,0.879,0.884
98,0.092,0.323,0.81,0.878,0.591,0.702,0.049,0.903,0.37,0.998,0.901,0.538,0.957,0.673,0.633,0.139,0.077,0.012,0.331,0.943,0.277,0.336,0.246,0.39,0.148,0.645,0.81,0.147,0.845,0.731,0.294,0.076,0.982,0.066,0.753,0.265,0.369,0.908,0.238,0.559,0.514,0.56,0.385,0.059,0.632,0.246,0.055,0.202,0.801,0.944,0.581,0.317,0.02,0.207,0.111,0.255,0.46,0.037,0.172,0.903,0.23,0.811,0.632,0.04
100,0.592,0.434,0.972,0.42,0.369,0.325,0.018,0.712,0.411,0.407,0.674,0.149,0.308,0.906,0.948,0.176,0.396,0.322,0.414,0.734,0.202,0.534,0.555,0.844,0.856,0.637,0.902,0.541,0.422,0.488,0.357,0.713,0.623,0.026,0.296,0.499,0.498,0.226,0.576,0.432,0.606,0.94,0.502,0.156,0.934,0.341,0.707,0.296,0.04,0.908,0.334,0.62,0.127,0.978,0.545,0.065,0.949,0.761,0.974,0.049,0.333,0.377,0.133,0.258
102,0.854,0.156,0.165,0.914,0.624,0.465,0.021,0.757,0.741,0.189,0.475,0.912,0.203,0.962,0.085,0.208,0.26,0.304,0.144,0.413,0.092,0.903,0.588,0.397,0.501,0.448,0.302,0.886,0.723,0.929,0.935,0.868,0.168,0.718,0.555,0.564,0.834,0.91,0.787,0.926,0.687,0.082,0.293,0.183,0.627,0.194,0.102,0.981,0.06,0.677,0.566,0.216,0.449,0.747,0.668,0.535,0.812,0.199,0.886,0.528,0.484,0.533,0.329,0.858
104,0.538,0.366,0.096,0.878,0.853,0.268,0.81,0.588,0.295,0.33,0.991,0.76,0.371,0.398,0.663,0.803,0.813,0.814,0.233,0.957,0.023,0.206,0.433,0.997,0.774,0.697,0.246,0.95,0.834,0.201,0.764,0.085,0.342,0.441,0.371,0.797,0.588,0.345,0.755,0.924,0.358,0.535,0.784,0.406,0.055,0.219,0.612,0.407,0.034,0.863,0.478,0.267,0.05,0.207,0.608,0.436,0.76,0.025,0.78,0.567,0.48,0.852,0.4,0.488
106,0.127,0.108,0.719,0.594,0.177,0.568,0.195,0.336,0.263,0.998,0.975,0.318,0.822,0.335,0.539,0.453,0.931,0.256,0.71,0.689,0.222,0.899,0.061,0.816,0.716,0.22,0.655,0.935,0.223,0.733,0.397,0.75,0.769,0.698,0.918,0.389,0.923,0.73,0.605,0.751,0.571,0.803,0.962,0.862,0.696,0.333,0.628,0.881,0.211,0.079,0.185,0.942,0.522,0.345,0.462,0.051,0.679,0.754,0.924,0.091,0.097,0.469,0.321,0.74
108,0.549,0.3,0.974,0.693,0.571,0.446,0.622,0.582,0.564,0.698,0.589,0.798,0.035,0.429,0.373,0.594,0.106,0.655,0.755,0.789,0.106,0.623,0.149,0.99,0.299,0.671,0.607,0.693,0.798,0.256,0.094,0.121,0.463,0.999,0.287,0.361,0.829,0.971,0.071,0.965,0.339,0.448,0.588,0.371,0.808,0.955,0.853,0.534,0.102,0.942,0.972,0.721,0.288,0.353,0.263,0.617,0.926,0.92,0.794,0.755,0.594,0.606,0.916,0.522
110,0.572,0.173,0.451,0.193,0.649,0.053,0.798,0.429,0.408,0.319,0.095,0.286,0.665,0.828,0.404,0.871,0.812,0.723,0.963,0.463,0.727,0.86,0.733,0.561,0.165,0.586,0.576,0.229,0.972,0.344,0.638,0.15,0.042,0.675,0.314,0.011,0.846,0.946,0.696,0.315,0.995,0.545,0.269,0.57,0.162,0.459,0.031,0.458,0.115,0.354,0.208,0.015,0.097,0.493,0.136,0.837,0.552,0.112,0.058,0.166,0.79,0.964,0.34,0.108
112,0.143,0.793,0.857,0.571,0.37,0.798,0.003,0.313,0.317,0.718,0.498,0.322,0.268,0.8,0.471,0.273,0.607,0.068,0.562,0.452,0.718,0.167,0.282,0.386,0.079,0.725,0.223,0.591,0.584,0.198,0.198,0.7,0.683,0.77,0.534,0.727,0.796,0.099,0.82,0.105,0.744,0.856,0.24,0.438,0.158,0.058,0.797,0.643,0.717,0.975,0.788,0.608,0.87,0.818,0.845,0.423,0.347,0.687,0.322,0.454,0.616,0.129,0.951,0.311
114,0.469,0.428,0.181,0.749,0.528,0.963,0.851,0.211,0.91,0.491,0.592,0.919,0.264,0.697,0.434,0.387,0.26,0.96,0.884,0.979,0.501,0.182,0.307,0.09,0.049,0.25,0.464,0.639,0.588,0.743,0.675,0.566,0.504,0.047,0.81,0.927,0.86,0.081,0.769,0.563,0.428,0.116,0.569,0.894,0.64,0.067,0.353,0.132,0.496,0.914,0.876,0.124,0.204,0.117,0.4,0.433,0.34,0.891,0.417,0.318,0.159,0.169,0.086,0.84
116,0.561,0.338,0.893,0.705,0.764,0.452,0.106,0.203,0.462,0.123,0.951,0.69,0.331,0.364,0.537,0.159,0.562,0.282,0.578,0.99,0.499,0.703,0.834,0.641,0.806,0.774,0.907,0.9,0.857,0.042,0.115,0.928,0.552,0.399,0.692,0.346,0.974,0.105,0.155,0.448,0.325,0.987,0.238,0.718,0.8,0.981,0.158,0.391,0.792,0.358,0.001,0.52,0.205,0.067,0.403,0.951,0.773,0.615,0.196,0.155,0.562,0.146,0.268,0.852
118,0.343,0.79,0.886,0.67,0.853,0.879,0.251,0.986,0.441,0.972,0.407,0.568,0.697,0.199,0.503,0.359,0.617,0.267,0.486,0.186,0.275,0.696,0.253,0.326,0.138,0.38,0.68,0.173,0.534,0.486,0.523,0.401,0.645,0.929,0.228,0.558,0.387,0.187,0.632,0.369,0.218,0.908,0.797,0.801,0.035,0.364,0.884,0.749,0.073,0.413,0.053,0.155,0.831,0.404,0.923,0.258,0.012,0.601,0.197,0.671,0.102,0.729,0.587,0.726
120,0.124,0.525,0.588,0.474,0.856,0.543,0.11,0.093,0.363,0.867,0.772,0.218,0.971,0.801,0.618,0.35,0.829,0.043,0.651,0.304,0.713,0.568,0.782,0.087,0.179,0.676,0.553,0.156,0.042,0.401,0.968,0.356,0.576,0.261,0.451,0.266,0.522,0.068,0.687,0.023,0.267,0.838,0.254,0.825,0.36,0.096,0.671,0.671,0.641,0.507,0.088,0.013,0.737,0.725,0.388,0.676,0.458,0.844,0.635,0.118,0.858,0.058,0.309,0.809
122,0.938,0.592,0.661,0.015,0.869,0.764,0.092,0.285,0.994,0.732,0.392,0.621,0.57,0.871,0.004,0.404,0.605,0.769,0.963,0.072,0.272,0.591,0.25,0.028,0.354,0.178,0.636,0.764,0.537,0.939,0.111,0.799,0.358,0.153,0.922,0.607,0.507,0.769,0.012,0.454,0.514,0.435,0.262,0.96,0.384,0.041,0.485,0.898,0.599,0.495,0.689,0.581,0.212,0.953,0.869,0.729,0.278,0.379,0.966,0.735,0.709,0.614,0.646,0.483
124,0.761,0.044,0.767,0.229,0.248,0.312,0.747,0.22,0.581,0.766,0.678,0.049,0.457,0.839,0.395,0.248,0.516,0.269,0.664,0.22,0.968,0.199,0.876,0.007,0.49,0.517,0.221,0.714,0.24,0.034,0.492,0.049,0.308,0.627,0.261,0.73,0.354,0.756,0.053,0.356,0.477,0.186,0.276,0.917,0.831,0.928,0.085,0.002,0.376,0.567,0.615,0.692,0.547,0.907,0.386,0.733,0.948,0.205,0.672,0.613,0.34,0.311,0.759,0.168
126,0.397,0.958,0.213,0.019,0.521,0.536,0.032,0.962,0.182,0.232,0.367,0.293,0.521,0.343,0.16,0.704,0.215,0.617,0.388,0.433,0.757,0.574,0.464,0.505,0.428,0.534,0.842,0.531,0.442,0.2,0.047,0.934,0.271,0.501,0.59,0.195,0.847,0.678,0.45,0.808,0.793,0.593,0.466,0.876,0.327,0.876,0.78,0.395,0.524,0.403,0.931,0.929,0.486,0.867,0.461,0.433,0.92,0.148,0.502,0.972,0.848,0.917,0.291,0.423
128,0.566,0.832,0.355,0.128,0.536,0.71,0.008,0.348,0.111,0.708,0.828,0.861,0.385,0.381,0.422,0.437,0.437,0.886,0.117,0.029,0.214,0.165,0.706,0.971,0.113,0.72,0.723,0.629,0.613,0.562,0.571,0.55,0.187,0.081,0.019,0.364,0.001,0.598,0.786,0.996,0.148,0.323,0.626,0.298,0.068,0.206,0.635,0.077,0.89,0.85,0.329,0.009,0.214,0.615,0.479,0.442,0.489,0.966,0.403,0.252,0.049,0.734,0.33,0.431
130,0.949,0.239,0.905,0.83,0.908,0.819,0.275,0.41,0.756,0.738,0.043,0.734,0.148,0.369,0.913,0.835,0.429,0.808,0.231,0.627,0.545,0.655,0.619,0.123,0.287,0.433,0.379,0.697,0.682,0.028,0.442,0.375,0.1,0.656,0.756,0.411,0.165,0.915,0.94,0.467,0.275,0.015,0.23,0.907,0.159,0.68,0.609,0.552,0.744,0.272,0.377,0.409,0.415,0.195,0.9,0.491,0.086,0.01,0.971,0.836,0.99,0.823,0.993,0.866
132,0.631,0.846,0.219,0.407,0.946,0.24,0.709,0.716,0.95,0.741,0.088,0.343,0.03,0.997,0.355,0.104,0.665,0.243,0.975,0.903,0.601,0.503,0.175,0.256,0.151,0.689,0.59,0.505,0.482,0.052,0.145,0.131,0.567,0.837,0.883,0.658,0.11,0.031,0.772,0.115,0.797,0.959,0.001,0.007,0.249,0.309,0.92,0.035,0.625,0.651,0.828,0.541,0.444,0.191,0.947,0.698,0.592,0.897,0.978,0.012,0.31,0.599,0.427,0.462
134,0.433,0.237,0.498,0.667,0.414,0.824,0.356,0.831,0.183,0.739,0.043,0.158,0.979,0.876,0.0,0.803,0.434,0.686,0.703,0.954,0.861,0.381,0.679,0.939,0.686,0.762,0.575,0.578,0.674,0.83,0.417,0.883,0.414,0.68,0.34,0.048,0.071,0.916,0.839,0.123,0.361,0.58,0.535,0.408,0.374,0.568,0.758,0.011,0.674,0.16,0.551,0.378,0.843,0.31,0.62,0.099,0.515,0.666,0.413,0.93,0.789,0.432,0.685,0.157
136,0.263,0.357,0.526,0.073,0.978,0.652,0.703,0.298,0.787,0.829,0.005,0.543,0.328,0.247,0.435,0.017,0.906,0.288,0.227,0.803,0.072,0.329,0.359,0.107,0.048,0.814,0.726,0.933,0.814,0.257,0.507,0.883,0.147,0.683,0.827,0.684,0.7,0.63,0.286,0.23,0.156,0.917,0.646,0.522,0.905,0.025,0.044,0.897,0.751,0.47,0.429,0.016,0.474,0.919,0.099,0.858,0.779,0.431,0.963,0.466,0.153,0.722,0.373,0.443
138,0.91,0.639,0.25,0.396,0.549,0.204,0.191,0.933,0.772,0.991,0.338,0.348,0.778,0.064,0.444,0.276,0.942,0.218,0.847,0.058,0.873,0.013,0.034,0.979,0.522,0.348,0.213,0.805,0.796,0.853,0.947,0.473,0.381,0.46,0.305,0.113,0.295,0.692,0.234,0.368,0.499,0.358,0.301,0.274,0.816,0.505,0.463,0.5,0.48,0.354,0.332,0.073,0.686,0.141,0.229,0.317,0.908,0.876,0.817,0.316,0.354,0.34,0.668,0.032
140,0.558,0.559,0.424,0.794,0.939,0.748,0.599,0.697,0.318,0.046,0.018,0.57,0.593,0.679,0.963,0.028,0.508,0.617,0.762,0.836,0.088,0.7,0.168,0.324,0.903,0.701,0.655,0.816,0.652,0.008,0.693,0.329,0.215,0.54,0.768,0.829,0.868,0.31,0.165,0.485,0.378,0.465,0.811,0.749,0.131,0.669,0.967,0.452,0.561,0.529,0.313,0.366,0.662,0.656,0.315,0.351,0.169,0.212,0.607,0.902,0.424,0.346,0.539,0.97
142,0.427,0.497,0.698,0.72,0.071,0.118,0.139,0.415,0.196,0.245,0.157,0.281,0.703,0.022,0.373,0.76,0.454,0.855,0.351,0.393,0.248,0.894,0.804,0.513,0.688,0.576,0.939,0.318,0.206,0.36,0.68,0.306,0.744,0.164,0.131,0.342,0.159,0.669,0.155,0.803,0.869,0.37,0.285,0.954,0.211,0.36,0.173,0.675,0.838,0.105,0.867,0.15,0.885,0.335,0.402,0.913,0.009,0.422,0.811,0.771,0.522,0.371,0.389,0.611
144,0.983,0.776,0.713,0.057,0.768,0.943,0.746,0.304,0.93,0.628,0.879,0.548,0.378,0.72,0.895,0.754,0.267,0.414,0.688,0.401,0.695,0.206,0.17,0.687,0.212,0.508,0.665,0.286,0.768,0.054,0.253,0.826,0.012,0.475,0.628,0.676,0.213,0.136,0.518,0.543,0.43,0.516,0.074,0.57,0.171,0.521,0.358,0.236,0.513,0.473,0.821,0.517,0.178,0.544,0.047,0.303,0.818,0.804,0.458,0.448,0.075,0.939,0.465,0.286
146,0.731,0.785,0.667,0.002,0.487,0.976,0.335,0.52,0.677,0.94,0.577,0.506,0.456,0.989,0.7,0.264,0.2,0.661,0.716,0.553,0.578,0.632,0.926,0.44,0.441,0.385,0.14,0.662,0.299,0.269,0.081,0.858,0.979,0.308,0.355,0.544,0.552,0.662,0.024,0.739,0.571,0.331,0.869,0.61,0.415,0.492,0.248,0.092,0.6,0.261,0.62,0.301,0.739,0.537,0.524,0.71,0.605,0.138,0.758,0.015,0.029,0.448,0.265,0.015
148,0.546,0.807,0.876,0.741,0.507,0.699,0.338,0.886,0.798,0.393,0.688,0.331,0.304,0.958,0.538,0.083,0.678,0.852,0.108,0.999,0.026,0.576,0.477,0.759,0.758,0.376,0.091,0.37,0.316,0.617,0.926,0.268,0.777,0.904,0.462,0.996,0.224,0.068,0.439,0.95,0.638,0.233,0.878,0.624,0.247,0.198,0.504,0.754,0.991,0.857,0.11,0.355,0.719,0.814,0.839,0.228,0.886,0.897,0.56,0.236,0.487,0.902,0.458,0.747
150,0.543,0.378,0.06,0.418,0.612,0.097,0.172,0.86,0.84,0.031,0.326,0.121,0.12,0.066,0.738,0.793,0.717,0.666,0.874,0.202,0.719,0.738,0.788,0.54,0.425,0.499,0.363,0.509,0.869,0.916,0.625,0.239,0.178,0.305,0.989,0.803,0.929,0.034,0.526,0.002,0.189,0.828,0.237,0.442,0.94,0.841,0.399,0.163,0.829,0.623,0.894,0.673,0.365,0.863,0.548,0.95,0.79,0.659,0.479,0.746,0.293,0.014,0.238,0.263
152,0.116,0.951,0.326,0.847,0.845,0.435,0.542,0.091,0.877,0.798,0.143,0.402,0.303,0.171,0.361,0.971,0.206,0.787,0.444,0.642,0.263,0.735,0.012,0.48,0.888,0.601,0.625,0.317,0.486,0.977,0.3,0.097,0.451,0.914,0.241,0.435,0.561,0.871,0.591,0.833,0.302,0.959,0.678,0.362,0.049,0.987,0.108,0.745,0.87,0.367,0.358,0.15,0.812,0.896,0.892,0.95,0.202,0.014,0.709,0.972,0.403,0.07,0.61,0.211
154,0.751,0.218,0.499,0.683,0.402,0.35,0.308,0.643,0.334,0.918,0.663,0.222,0.089,0.609,0.389,0.848,0.994,0.017,0.662,0.23,0.115,0.155,0.076,0.363,0.462,0.926,0.649,0.196,0.397,0.747,0.445,0.673,0.449,0.843,0.97,0.71,0.649,0.389,0.438,0.309,0.859,0.761,0.871,0.345,0.437,0.876,0.479,0.758,0.382,0.941,0.317,0.049,0.528,0.11,0.858,0.469,0.6,0.07,0.009,0.448,0.345,0.73,0.442,0.422
156,0.289,0.045,0.211,0.338,0.006,0.284,0.704,0.613,0.349,0.856,0.584,0.956,0.809,0.378,0.503,0.377,0.569,0.345,0.024,0.995,0.498,0.093,0.385,0.364,0.101,0.931,0.026,0.068,0.241,0.925,0.791,0.577,0.008,0.206,0.793,0.321,0.924,0.445,0.131,0.148,0.096,0.933,0.623,0.603,0.907,0.34,0.625,0.91,0.571,0.307,0.158,0.251,0.068,0.063,0.281,0.798,0.715,0.368,0.804,0.256,0.889,0.765,0.358,0.101
158,0.812,0.34,0.396,0.199,0.943,0.205,0.437,0.118,0.795,0.546,0.01,0.842,0.383,0.734,0.011,0.651,0.07,0.66,0.186,0.998,0.941,0.895,0.573,0.562,0.489,0.908,0.833,0.67,0.805,0.222,0.947,0.07,0.209,0.991,0.188,0.231,0.256,0.554,0.999,0.629,0.744,0.167,0.23,0.525,0.356,0.291,0.816,0.149,0.187,0.67,0.179,0.447,0.939,0.89,0.705,0.121,0.804,0.469,0.079,0.522,0.396,0.468,0.532,0.47
160,0.106,0.836,0.641,0.632,0.406,0.371,0.465,0.599,0.982,0.454,0.331,0.868,0.908,0.1,0.415,0.062,0.292,0.756,0.076,0.591,0.193,0.55,0.195,0.44,0.122,0.652,0.419,0.859,0.551,0.591,0.893,0.272,0.393,0.489,0.521,0.989,0.615,0.822,0.808,0.058,0.26,0.041,0.951,0.257,0.353,0.482,0.957,0.624,0.847,0.913,0.142,0.046,0.428,0.76,0.222,0.521,0.667,0.689,0.044,0.132,0.731,0.187,0.316,0.628
162,0.563,0.237,0.06,0.028,0.336,0.6,0.969,0.488,0.389,0.552,0.887,0.249,0.051,0.492,0.199,0.365,0.294,0.87,0.189,0.959,0.899,0.208,0.739,0.28,0.567,0.804,0.228,0.205,0.648,0.093,0.1,0.934,0.9,0.452,0.571,0.289,0.986,0.472,0.277,0.349,0.331,0.155,0.637,0.422,0.537,0.875,0.607,0.099,0.719,0.618,0.485,0.567,0.579,0.463,0.537,0.699,0.383,0.206,0.305,0.385,0.616,0.613,0.256,0.224
164,0.216,0.915,0.606,0.039,0.832,0.106,0.325,0.968,0.449,0.646,0.738,0.44,0.31,0.799,0.937,0.551,0.281,0.605,0.959,0.723,0.309,0.418,0.891,0.759,0.694,0.558,0.57,0.764,0.026,0.447,0.042,0.128,0.907,0.384,0.998,0.435,0.834,0.773,0.143,0.296,0.052,0.521,0.999,0.251,0.761,0.285,0.031,0.38,0.89,0.968,0.486,0.476,0.299,0.59,0.384,0.851,0.141,0.116,0.63,0.173,0.326,0.206,0.676,0.046
166,0.097,0.519,0.054,0.473,0.264,0.745,0.415,0.768,0.227,0.784,0.201,0.398,0.03,0.342,0.944,0.445,0.436,0.362,0.308,0.783,0.527,0.666,0.597,0.708,0.356,0.019,0.362,0.728,0.503,0.193,0.04,0.068,0.185,0.798,0.25,0.119,0.243,0.031,0.401,0.1,0.089,0.279,0.594,0.473,0.777,0.575,0.81,0.462,0.304,0.202,0.286,0.757,0.24,0.614,0.13,0.21,0.995,0.784,0.752,0.232,0.91,0.286,0.166,0.835
168,0.282,0.012,0.67,0.097,0.099,0.919,0.032,0.579,0.668,0.884,0.825,0.294,0.677,0.143,0.414,0.647,0.407,0.096,0.273,0.311,0.744,0.503,0.154,0.738,0.08,0.847,0.393,0.849,0.26,0.791,0.934,0.342,0.35,0.75,0.084,0.499,0.417,0.376,0.443,0.883,0.59,0.758,0.017,0.319,0.063,0.272,0.079,0.808,0.165,0.283,0.175,0.86,0.71,0.718,0.172,0.509,0.954,0.074,0.619,0.046,0.491,0.829,0.688,0.853
170,0.576,0.064,0.786,0.801,0.493,0.175,0.829,0.845,0.842,0.629,0.492,0.852,0.924,0.714,0.773,0.196,0.142,0.473,0.073,0.76,0.722,0.74,0.814,0.758,0.08,0.861,0.504,0.976,0.22,0.219,0.024,0.632,0.697,0.767,0.046,0.251,0.546,0.338,0.992,0.556,0.867,0.065,0.735,0.903,0.486,0.079,0.3,0.867,0.372,0.564,0.076,0.269,0.01,0.017,0.253,0.708,0.902,0.198,0.073,0.527,0.909,0.072,0.453,0.232
172,0.198,0.91,0.903,0.697,0.361,0.282,0.074,0.05,0.681,0.053,0.118,0.639,0.101,0.859,0.269,0.517,0.356,0.119,0.962,0.077,0.782,0.47,0.898,0.363,0.038,0.671,0.013,0.293,0.343,0.195,0.873,0.202,0.612,0.227,0.614,0.251,0.581,0.278,0.529,0.234,0.461,0.518,0.808,0.644,0.507,0.3,0.054,0.709,0.235,0.787,0.523,0.745,0.523,0.632,0.414,0.24,0.792,0.208,0.698,0.416,0.685,0.36,0.746,0.017
174,0.21,0.628,0.189,0.236,0.856,0.053,0.138,0.22,0.441,0.295,0.303,0.719,0.659,0.159,0.631,0.66,0.27,0.104,0.162,0.591,0.255,0.495,0.949,0.759,0.94,0.136,0.882,0.292,0.606,0.818,0.248,0.436,0.563,0.193,0.624,0.365,0.691,0.258,0.819,0.255,0.535,0.706,0.439,0.815,0.1,0.862,0.933,0.211,0.236,0.845,0.187,0.281,0.434,0.572,0.086,0.253,0.249,0.985,0.776,0.658,0.62,0.148,0.115,0.796
176,0.432,0.52,0.732,0.793,0.625,0.553,0.544,0.89,0.417,0.067,0.073,0.705,0.539,0.731,0.257,0.183,0.259,0.489,0.323,0.028,0.108,0.832,0.96,0.066,0.927,0.549,0.896,0.719,0.697,0.065,0.619,0.73,0.556,0.447,0.698,0.629,0.588,0.326,0.371,0.06,0.457,0.186,0.651,0.565,0.695,0.293,0.267,0.483,0.441,0.48,0.862,0.712,0.076,0.215,0.016,0.13,0.941,0.459,0.616,0.398,0.427,0.875,0.297,0.833
178,0.517,0.439,0.26,0.858,0.18,0.894,0.35,0.968,0.045,0.371,0.835,0.941,0.58,0.188,0.741,0.381,0.639,0.544,0.373,0.826,0.138,0.222,0.482,0.015,0.074,0.009,0.262,0.69,0.114,0.798,0.614,0.433,0.669,0.748,0.786,0.393,0.484,0.286,0.213,0.251,0.689,0.659,0.547,0.595,0.896,0.982,0.718,0.568,0.49,0.38,0.131,0.345,0.993,0.94,0.576,0.347,0.791,0.687,0.37,0.206,0.021,0.125,0.383,0.981
180,0.223,0.528,0.451,0.815,0.568,0.277,0.026,0.877,0.976,0.389,0.734,0.526,0.219,0.307,0.091,0.577,0.772,0.677,0.267,0.124,0.066,0.102,0.524,0.855,0.041,0.946,0.557,0.246,0.099,0.929,0.247,0.855,0.41,0.149,0.127,0.091,0.32,0.402,0.466,0.551,0.76,0.122,0.08,0.802,0.585,0.617,0.918,0.334,0.033,0.344,0.478,0.219,0.419,0.06,0.714,0.675,0.441,0.951,0.358,0.644,0.301,0.444,0.689,0.278
182,0.5,0.626,0.339,0.008,0.686,0.015,0.229,0.211,0.804,0.025,0.416,0.082,0.461,0.938,0.616,0.834,0.677,0.395,0.012,0.485,0.881,0.123,0.058,0.671,0.494,0.408,0.243,0.75,0.355,0.125,0.582,0.411,0.686,0.97,0.453,0.574,0.911,0.201,0.723,0.999,0.842,0.793,0.492,0.044,0.925,0.219,0.676,0.744,0.073,0.718,0.504,0.132,0.305,0.317,0.775,0.045,0.41,0.57,0.575,0.823,0.961,0.879,0.333,0.381
184,0.77,0.333,0.894,0.792,0.215,0.444,0.734,0.381,0.812,0.012,0.553,0.845,0.843,0.979,0.882,0.937,0.608,0.902,0.669,0.051,0.692,0.615,0.577,0.904,0.493,0.898,0.258,0.952,0.762,0.821,0.995,0.077,0.999,0.185,0.667,0.152,0.39,0.284,0.285,0.603,0.874,0.245,0.127,0.582,0.37,0.366,0.554,0.567,0.767,0.228,0.294,0.993,0.537,0.149,0.081,0.301,0.856,0.806,0.591,0.067,0.272,0.631,0.681,0.01
186,0.757,0.254,0.713,0.484,0.295,0.881,0.42,0.09,0.079,0.437,0.915,0.855,0.407,0.507,0.747,0.57,0.903,0.67,0.152,0.318,0.97,0.324,0.177,0.208,0.947,0.371,0.178,0.485,0.876,0.83,0.052,0.264,0.827,0.442,0.7,0.683,0.996,0.587,0.163,0.041,0.167,0.189,0.52,0.698,0.364,0.685,0.813,0.429,0.222,0.749,0.241,0.175,0.639,0.844,0.287,0.504,0.76,0.77,0.645,0.473,0.088,0.493,0.567,0.511
188,0.789,0.0,0.851,0.795,0.991,0.041,0.79,0.378,0.364,0.114,0.948,0.41,0.382,0.138,0.706,0.487,0.791,0.334,0.304,0.643,0.145,0.219,0.121,0.974,0.576,0.115,0.43,0.433,0.909,0.977,0.102,0.762,0.243,0.725,0.74,0.417,0.376,0.277,0.843,0.455,0.874,0.524,0.669,0.247,0.922,0.293,0.962,0.471,0.852,0.496,0.964,0.402,0.535,0.056,0.417,0.616,0.566,0.059,0.752,0.999,0.648,0.098,0.853,0.649
190,0.699,0.044,0.84,0.475,0.288,0.584,0.765,0.231,0.705,0.523,0.938,0.488,0.107,0.733,0.69,0.466,0.857,0.015,0.048,0.48,0.627,0.104,0.507,0.962,0.46,0.677,0.314,0.304,0.926,0.129,0.684,0.165,0.068,0.2,0.857,0.882,0.504,0.402,0.879,0.636,0.502,0.361,0.774,0.204,0.222,0.61,0.551,0.937,0.645,0.963,0.015,0.407,0.049,0.092,0.118,0.648,0.795,0.173,0.637,0.512,0.223,0.823,0.66,0.47
192,0.353,0.281,0.628,0.773,0.032,0.484,0.361,0.323,0.522,0.868,0.138,0.765,0.542,0.342,0.594,0.927,0.637,0.862,0.102,0.174,0.314,0.418,0.412,0.02,0.432,0.785,0.036,0.291,0.082,0.914,0.905,0.513,0.818,0.38,0.617,0.372,0.634,0.359,0.748,0.494,0.087,0.169,0.923,0.602,0.409,0.949,0.183,0.821,0.805,0.92,0.787,0.214,0.36,0.98,0.185,0.519,0.31,0.195,0.689,0.669,0.844,0.291,0.12,0.229
194,0.434,0.692,0.183,0.816,0.35,0.559,0.224,0.35,0.725,0.642,0.124,0.487,0.622,0.544,0.215,0.093,0.76,0.471,0.554,0.528,0.972,0.277,0.01,0.105,0.699,0.021,0.216,0.275,0.886,0.712,0.208,0.167,0.577,0.443,0.108,0.292,0.809,0.627,0.801,0.537,0.944,0.496,0.389,0.455,0.069,0.743,0.885,0.652,0.71,0.67,0.805,0.533,0.591,0.407,0.524,0.977,0.033,0.608,0.717,0.9,0.87,0.238,0.843,0.683
196,0.124,0.452,0.396,0.229,0.959,0.23,0.985,0.645,0.96,0.387,0.581,0.666,0.725,0.455,0.406,0.744,0.261,0.322,0.441,0.223,0.443,0.058,0.226,0.643,0.056,0.313,0.141,0.281,0.601,0.872,0.424,0.999,0.016,0.664,0.764,0.033,0.915,0.998,0.425,0.206,0.804,0.06,0.062,0.009,0.173,0.497,0.128,0.517,0.362,0.256,0.866,0.568,0.483,0.047,0.071,0.266,0.789,0.511,0.096,0.643,0.562,0.649,0.693,0.059
198,0.137,0.959,0.747,0.665,0.452,0.411,0.769,0.756,0.366,0.388,0.101,0.595,0.11,0.639,0.438,0.303,0.694,0.466,0.717,0.961,0.373,0.409,0.539,0.32,0.615,0.736,0.812,0.461,0.767,0.138,0.476,0.966,0.963,0.905,0.446,0.973,0.852,0.98,0.964,0.722,0.945,0.379,0.676,0.126,0.455,0.373,0.379,0.063,0.155,0.909,0.868,0.316,0.742,0.209,0.695,0.64,0.6,0.532,0.568,0.531,0.19,0.238,0.184,0.623
200,0.423,0.903,0.896,0.709,0.525,0.821,0.282,0.712,0.963,0.49,0.685,0.237,0.475,0.958,0.111,0.801,0.017,0.721,0.908,0.545,0.69,0.106,0.737,0.45,0.943,0.445,0.689,0.455,0.149,0.72,0.991,0.899,0.5,0.151,0.974,0.848,0.111,0.571,0.334,0.864,0.323,0.68,0.954,0.074,0.723,0.587,0.553,0.977,0.029,0.638,0.186,0.731,0.659,0.534,0.792,0.041,0.664,0.109,0.287,0.766,0.824,0.336,0.628,0.656
202,0.505,0.445,0.321,0.666,0.851,0.709,0.837,0.464,0.647,0.274,0.729,0.078,0.151,0.414,0.611,0.437,0.067,0.44,0.614,0.88,0.556,0.486,0.127,0.506,0.421,0.449,0.838,0.382,0.983,0.028,0.275,0.992,0.83,0.004,0.293,0.343,0.771,0.57,0.132,0.074,0.838,0.2,0.278,0.666,0.225,0.036,0.453,0.082,0.291,0.562,0.261,0.666,0.951,0.203,0.312,0.724,0.081,0.136,0.418,0.272,0.523,0.263,0.374,0.182
204,0.768,0.394,0.655,0.527,0.237,0.274,0.681,0.936,0.908,0.497,0.024,0.013,0.48,0.423,0.623,0.453,0.409,0.228,0.39,0.561,0.378,0.961,0.975,0.602,0.572,0.373,0.594,0.937,0.009,0.038,0.232,0.993,0.959,0.147,0.362,0.601,0.579,0.866,0.774,0.735,0.183,0.163,0.315,0.677,0.068,0.509,0.574,0.379,0.655,0.831,0.384,0.88,0.861,0.464,0.122,0.868,0.215,0.856,0.407,0.325,0.396,0.864,0.33,0.27
206,0.598,0.242,0.549,0.674,0.732,0.877,0.051,0.7,0.423,0.167,0.574,0.062,0.897,0.737,0.001,0.248,0.918,0.24,0.125,0.738,0.741,0.853,0.659,0.536,0.254,0.609,0.568,0.151,0.897,0.71,0.936,0.337,0.549,0.948,0.639,0.914,0.983,0.618,0.067,0.914,0.539,0.594,0.682,0.307,0.813,0.493,0.549,0.285,0.417,0.357,0.223,0.024,0.259,0.5,0.831,0.16,0.127,0.118,0.711,0.619,0.367,0.124,0.656,0.751
208,0.934,0.7,0.335,0.1,0.248,0.252,0.751,0.456,0.195,0.324,0.551,0.342,0.876,0.526,0.479,0.367,0.865,0.892,0.042,0.027,0.611,0.308,0.896,0.586,0.842,0.957,0.027,0.928,0.861,0.087,0.01,0.777,0.067,0.067,0.366,0.864,0.981,0.569,0.716,0.84,0.113,0.663,0.217,0.653,0.578,0.82,0.201,0.275,0.858,0.969,0.343,0.568,0.169,0.109,0.593,0.124,0.114,0.973,0.393,0.201,0.554,0.659,0.37,0.354
210,0.096,0.102,0.119,0.961,0.837,0.414,0.31,0.827,0.17,0.38,0.214,0.278,0.063,0.499,0.241,0.98,0.862,0.392,0.455,0.338,0.789,0.384,0.801,0.945,0.779,0.653,0.534,0.652,0.003,0.954,0.615,0.082,0.491,0.884,0.144,0.369,0.273,0.466,0.779,0.165,0.194,0.141,0.796,0.473,0.057,0.403,0.282,0.735,0.398,0.479,0.042,0.481,0.502,0.973,0.443,0.5,0.95,0.692,0.747,0.586,0.648,0.699,0.399,0.316
212,0.812,0.131,0.334,0.121,0.771,0.399,0.162,0.674,0.371,0.814,0.496,0.125,0.778,0.211,0.786,0.569,0.789,0.01,0.095,0.958,0.596,0.467,0.041,0.052,0.211,0.995,0.205,0.677,0.598,0.517,0.652,0.774,0.657,0.005,0.646,0.635,0.382,0.361,0.111,0.578,0.156,0.594,0.214,0.405,0.627,0.804,0.698,0.381,0.576,0.228,0.302,0.24,0.289,0.999,0.499,0.905,0.786,0.036,0.753,0.835,0.423,0.203,0.49,0.424
214,0.275,0.081,0.167,0.78,0.19,0.228,0.646,0.39,0.146,0.396,0.108,0.416,0.537,0.82,0.26,0.754,0.705,0.462,0.204,0.353,0.167,0.591,0.406,0.091,0.501,0.51,0.668,0.511,0.699,0.215,0.294,0.187,0.366,0.757,0.261,0.794,0.333,0.307,0.165,0.498,0.473,0.77,0.501,0.962,0.9,0.66,0.312,0.743,0.638,0.736,0.277,0.857,0.055,0.757,0.408,0.469,0.36,0.884,0.255,0.298,0.843,0.256,0.243,0.629
216,0.452,0.908,0.055,0.467,0.553,0.431,0.454,0.773,0.981,0.852,0.174,0.411,0.282,0.274,0.03,0.651,0.219,0.818,0.891,0.752,0.813,0.945,0.63,0.395,0.803,0.462,0.725,0.056,0.812,0.382,0.161,0.508,0.587,0.417,0.565,0.707,0.741,0.842,0.815,0.581,0.279,0.311,0.828,0.825,0.521,0.77,0.878,0.598,0.57,0.153,0.702,0.473,0.02,0.699,0.921,0.672,0.506,0.255,0.353,0.085,0.243,0.507,0.514,0.129
218,0.012,0.424,0.991,0.077,0.923,0.63,0.198,0.088,0.734,0.846,0.579,0.983,0.367,0.7,0.404,0.46,0.592,0.352,0.229,0.302,0.626,0.826,0.291,0.416,0.341,0.018,0.023,0.418,0.515,0.129,0.731,0.659,0.714,0.571,0.683,0.778,0.171,0.554,0.333,0.201,0.41,0.718,0.905,0.65,0.134,0.736,0.688,0.201,0.479,0.999,0.907,0.235,0.514,0.682,0.145,0.958,0.845,0.829,0.357,0.053,0.02,0.297,0.864,0.952
220,0.303,0.811,0.138,0.455,0.799,0.503,0.87,0.867,0.541,0.365,0.408,0.219,0.575,0.628,0.284,0.937,0.525,0.924,0.493,0.636,0.106,0.41,0.356,0.587,0.518,0.357,0.106,0.744,0.765,0.038,0.632,0.184,0.143,0.177,0.476,0.488,0.038,0.163,0.109,0.854,0.085,0.703,0.89,0.126,0.176,0.366,0.176,0.905,0.423,0.403,0.746,0.929,0.895,0.648,0.162,0.976,0.589,0.662,0.546,0.53,0.685,0.973,0.685,0.959
222,0.114,0.483,0.941,0.995,0.252,0.854,0.894,0.674,0.72,0.673,0.502,0.274,0.298,0.419,0.158,0.697,0.163,0.003,0.952,0.352,0.767,0.982,0.989,0.63,0.197,0.003,0.586,0.864,0.125,0.41,0.032,0.477,0.278,0.102,0.904,0.336,0.043,0.398,0.043,0.501,0.311,0.092,0.761,0.656,0.169,0.349,0.083,0.109,0.574,0.413,0.68,0.018,0.58,0.519,0.439,0.61,0.571,0.647,0.607,0.603,0.393,0.766,0.435,0.748
224,0.495,0.775,0.976,0.78,0.742,0.912,0.497,0.068,0.536,0.899,0.566,0.163,0.524,0.353,0.509,0.95,0.576,0.013,0.525,0.511,0.582,0.971,0.916,0.392,0.387,0.585,0.677,0.624,0.971,0.421,0.193,0.427,0.242,0.352,0.965,0.619,0.555,0.962,0.629,0.109,0.895,0.291,0.06,0.945,0.33,0.566,0.132,0.496,0.643,0.55,0.314,0.883,0.539,0.671,0.265,0.654,0.295,0.68,0.245,0.364,0.387,0.248,0.293,0.662
226,0.709,0.869,0.005,0.803,0.871,0.969,0.844,0.282,0.284,0.066,0.75,0.15,0.174,0.754,0.501,0.091,0.096,0.706,0.171,0.216,0.01,0.424,0.31,0.685,0.862,0.711,0.954,0.282,0.342,0.19,0.199,0.232,0.649,0.638,0.867,0.789,0.191,0.913,0.942,0.657,0.335,0.177,0.06,0.605,0.786,0.018,0.432,0.294,0.646,0.557,0.721,0.735,0.62,0.34,0.181,0.773,0.643,0.531,0.76,0.306,0.606,0.056,0.667,0.619
228,0.959,0.593,0.883,0.107,0.889,0.058,0.854,0.026,0.902,0.691,0.608,0.087,0.807,0.052,0.638,0.5,0.94,0.092,0.671,0.138,0.976,0.72,0.094,0.98,0.444,0.002,0.996,0.408,0.331,0.028,0.505,0.044,0.077,0.111,0.713,0.808,0.706,0.62,0.062,0.539,0.928,0.963,0.765,0.593,0.197,0.827,0.492,0.644,0.818,0.364,0.143,0.124,0.652,0.625,0.717,0.6,0.454,0.032,0.63,0.675,0.828,0.883,0.851,0.028
230,0.712,0.973,0.641,0.504,0.037,0.581,0.15,0.371,0.05,0.332,0.928,0.959,0.607,0.872,0.31,0.014,0.911,0.783,0.742,0.339,0.475,0.199,0.945,0.456,0.54,0.498,0.994,0.83,0.176,0.474,0.041,0.873,0.312,0.579,0.638,0.18,0.868,0.561,0.908,0.912,0.26,0.961,0.768,0.921,0.522,0.007,0.45,0.147,0.674,0.971,0.42,0.853,0.149,0.638,0.943,0.875,0.917,0.241,0.795,0.865,0.823,0.594,0.208,0.335
232,0.746,0.929,0.32,0.778,0.401,0.266,0.831,0.167,0.347,0.619,0.802,0.945,0.105,0.555,0.535,0.366,0.297,0.809,0.305,0.804,0.057,0.746,0.214,0.395,0.045,0.07,0.55,0.483,0.981,0.207,0.545,0.709,0.052,0.489,0.738,0.385,0.744,0.077,0.019,0.55,0.225,0.422,0.918,0.373,0.514,0.465,0.978,0.468,0.424,0.621,0.522,0.322,0.672,0.374,0.219,0.379,0.611,0.67,0.497,0.566,0.731,0.427,0.488,0.694
234,0.933,0.35,0.039,0.313,0.667,0.122,0.307,0.023,0.087,0.198,0.098,0.051,0.39,0.737,0.469,0.016,0.8,0.836,0.506,0.393,0.512,0.916,0.865,0.421,0.781,0.561,0.24,0.245,0.218,0.289,0.752,0.417,0.359,0.361,0.504,0.624,0.252,0.676,0.728,0.795,0.635,0.223,0.07,0.977,0.133,0.202,0.816,0.108,0.61,0.955,0.509,0.612,0.926,0.506,0.519,0.559,0.116,0.637,0.065,0.461,0.444,0.013,0.152,0.127
236,0.424,0.211,0.55,0.82,0.97,0.901,0.941,0.445,0.307,0.739,0.175,0.761,0.453,0.775,0.478,0.869,0.182,0.755,0.116,0.175,0.356,0.684,0.621,0.576,0.09,0.218,0.552,0.704,0.317,0.075,0.222,0.742,0.252,0.512,0.705,0.601,0.019,0.759,0.504,0.825,0.387,0.342,0.109,0.114,0.711,0.907,0.872,0.664,0.834,0.602,0.302,0.341,0.24,0.605,0.59,0.256,0.884,0.352,0.815,0.637,0.003,0.182,0.934,0.154
238,0.331,0.787,0.025,0.765,0.296,0.901,0.408,0.171,0.05,0.932,0.734,0.732,0.182,0.374,0.527,0.034,0.688,0.392,0.364,0.467,0.534,0.993,0.382,0.679,0.112,0.96,0.974,0.445,0.959,0.326,0.192,0.335,0.971,0.24,0.995,0.82,0.576,0.356,0.526,0.073,0.993,0.512,0.118,0.073,0.313,0.316,0.679,0.863,0.244,0.159,0.658,0.857,0.979,0.516,0.538,0.942,0.783,0.299,0.386,0.795,0.426,0.236,0.111,0.149
240,0.874,0.294,0.454,0.429,0.624,0.398,0.631,0.561,0.465,0.578,0.514,0.232,0.817,0.567,0.981,0.872,0.654,0.595,0.33,0.919,0.391,0.338,0.925,0.29,0.142,0.421,0.338,0.16,0.062,0.957,0.687,0.588,0.327,0.64,0.281,0.347,0.323,0.803,0.02,0.463,0.903,0.828,0.389,0.988,0.389,0.509,0.02,0.297,0.101,0.601,0.979,0.773,0.886,0.87,0.3,0.943,0.368,0.224,0.173,0.18,0.819,0.404,0.301,0.333
242,0.039,0.349,0.299,0.175,0.805,0.151,0.867,0.929,0.228,0.016,0.868,0.094,0.947,0.164,0.177,0.348,0.441,0.293,0.31,0.562,0.518,0.493,0.311,0.158,0.205,0.683,0.428,0.549,0.871,0.343,0.15,0.498,0.727,0.179,0.31,0.028,0.987,0.751,0.609,0.389,0.003,0.523,0.212,0.485,0.889,0.816,0.415,0.572,0.51,0.068,0.766,0.826,0.9,0.594,0.09,0.761,0.358,0.166,0.595,0.646,0.051,0.576,0.162,0.082
244,0.96,0.68,0.061,0.155,0.414,0.152,0.436,0.464,0.781,0.758,0.096,0.8,0.156,0.524,0.571,0.204,0.729,0.343,0.808,0.884,0.722,0.01,0.181,0.54,0.299,0.642,0.093,0.26,0.507,0.439,0.654,0.873,0.648,0.919,0.389,0.962,0.022,0.767,0.529,0.352,0.038,0.189,0.146,0.505,0.143,0.736,0.644,0.121,0.497,0.115,0.16,0.19,0.151,0.488,0.297,0.761,0.63,0.097,0.357,0.158,0.516,0.263,0.212,0.158
246,0.795,0.851,0.084,0.166,0.572,0.186,0.311,0.854,0.32,0.904,0.429,0.957,0.339,0.28,0.657,0.147,0.278,0.984,0.657,0.441,0.721,0.635,0.257,0.484,0.442,0.451,0.584,0.318,0.947,0.708,0.812,0.096,0.327,0.269,0.935,0.341,0.286,0.445,0.477,0.649,0.927,0.954,0.093,0.076,0.473,0.154,0.441,0.421,0.831,0.648,0.237,0.865,0.451,0.969,0.337,0.204,0.069,0.351,0.073,0.359,0.898,0.277,0.79,0.794
248,0.019,0.305,0.91,0.931,0.578,0.604,0.404,0.595,0.518,0.749,0.021,0.899,0.394,0.251,0.276,0.07,0.559,0.983,0.122,0.706,0.346,0.226,0.101,0.974,0.131,0.949,0.715,0.23,0.854,0.761,0.251,0.181,0.936,0.138,0.396,0.982,0.853,0.814,0.274,0.546,0.748,0.079,0.492,0.797,0.126,0.182,0.502,0.96,0.815,0.05,0.127,0.079,0.301,0.118,0.235,0.711,0.412,0.026,0.73,0.858,0.293,0.639,0.659,0.377
250,0.181,0.519,0.287,0.913,0.759,0.434,0.906,0.799,0.047,0.907,0.877,0.811,0.326,0.34,0.287,0.699,0.704,0.813,0.967,0.141,0.868,0.034,0.224,0.685,0.152,0.316,0.933,0.5,0.036,0.834,0.842,0.15,0.519,0.12,0.238,0.336,0.583,0.032,0.702,0.439,0.013,0.564,0.004,0.592,0.473,0.378,0.842,0.677,0.742,0.522,0.369,0.66,0.286,0.756,0.132,0.252,0.937,0.221,0.329,0.198,0.308,0.372,0.072,0.658
252,0.459,0.456,0.754,0.322,0.034,0.996,0.07,0.158,0.54,0.34,0.194,0.165,0.196,0.924,0.426,0.815,0.609,0.602,0.767,0.517,0.471,0.06,0.669,0.227,0.812,0.045,0.455,0.264,0.52,0.93,0.101,0.298,0.41,0.174,0.55,0.436,0.729,0.841,0.369,0.792,0.565,0.759,0.058,0.282,0.593,0.29,0.767,0.128,0.219,0.221,0.094,0.213,0.449,0.85,0.617,0.037,0.731,0.81,0.538,0.957,0.454,0.193,0.798,0.0
254,0.408,0.448,0.695,0.275,0.266,0.564,0.55,0.171,0.142,0.149,0.318,0.656,0.73,0.655,0.489,0.397,0.844,0.942,0.364,0.817,0.472,0.686,0.309,0.862,0.831,0.066,0.799,0.908,0.149,0.258,0.538,0.023,0.464,0.653,0.861,0.546,0.046,0.914,0.493,0.574,0.058,0.046,0.397,0.172,0.031,0.893,0.975,0.56,0.2,0.798,0.407,0.546,0.317,0.579,0.141,0.982,0.085,0.862,0.431,0.12,0.968,0.652,0.884,0.095
256,0.154,0.921,0.382,0.952,0.368,0.761,0.04,0.529,0.407,0.714,0.094,0.743,0.859,0.649,0.981,0.587,0.143,0.195,0.369,0.454,0.63,0.328,0.913,0.305,0.493,0.596,0.246,0.075,0.798,0.815,0.154,0.651,0.241,0.275,0.651,0.799,0.182,0.123,0.976,0.609,0.561,0.143,0.508,0.648,0.537,0.787,0.974,0.242,0.258,0.325,0.023,0.15,0.798,0.935,0.255,0.519,0.482,0.705,0.19,0.29,0.409,0.825,0.061,0.108
258,0.693,0.275,0.875,0.26,0.241,0.658,0.9,0.855,0.183,0.576,0.309,0.954,0.14,0.746,0.583,0.647,0.664,0.58,0.86,0.857,0.919,0.153,0.05,0.621,0.349,0.47,0.739,0.147,0.81,0.168,0.188,0.316,0.813,0.988,0.772,0.837,0.582,0.098,0.995,0.445,0.38,0.297,0.9,0.576,0.118,0.875,0.826,0.829,0.941,0.662,0.114,0.501,0.351,0.827,0.199,0.083,0.815,0.319,0.958,0.838,0.114,0.089,0.468,0.282
260,0.189,0.104,0.071,0.215,0.882,0.492,0.412,0.188,0.656,0.312,0.201,0.931,0.814,0.83,0.12,0.819,0.643,0.183,0.065,0.129,0.33,0.045,0.864,0.141,0.843,0.429,0.587,0.058,0.662,0.098,0.539,0.64,0.288,0.951,0.033,0.479,1.0,0.743,0.225,0.218,0.464,0.582,0.023,0.882,0.595,0.865,0.252,0.001,0.63,0.428,0.207,0.472,0.071,0.377,0.122,0.755,0.773,0.086,0.958,0.62,0.131,0.235,0.459,0.691
262,0.586,0.778,0.54,0.807,0.872,0.122,0.7,0.755,0.489,0.718,0.408,0.524,0.08,0.261,0.014,0.623,0.481,0.264,0.539,0.083,0.341,0.953,0.278,0.045,0.286,0.126,0.31,0.958,0.696,0.208,0.04,0.111,0.048,0.393,0.298,0.925,0.223,0.759,0.694,0.965,0.515,0.136,0.911,0.727,0.014,0.807,0.368,0.242,0.576,0.188,0.988,0.998,0.681,0.444,0.122,0.731,0.783,0.046,0.231,0.081,0.897,0.874,0.728,0.659
264,0.652,0.075,0.74,0.964,0.681,0.404,0.036,0.403,0.029,0.32,0.638,0.837,0.183,0.264,0.333,0.449,0.308,0.907,0.004,0.897,0.871,0.896,0.34,0.069,0.974,0.828,0.304,0.564,0.397,0.429,0.373,0.888,0.904,0.439,0.008,0.975,0.923,0.81,0.086,0.549,0.763,0.742,0.847,0.65,0.287,0.352,0.607,0.397,0.362,0.908,0.143,0.664,0.888,0.877,0.637,0.348,0.548,0.247,0.032,0.99,0.304,0.563,0.975,0.698
266,0.46,0.4,0.032,0.108,0.399,0.681,0.896,0.971,0.587,0.346,0.928,0.174,0.044,0.008,0.306,0.466,0.063,0.199,0.64,0.536,0.543,0.086,0.612,0.998,0.02,0.047,0.979,0.482,0.511,0.864,0.13,0.877,0.078,0.427,0.809,0.178,0.019,0.642,0.841,0.779,0.896,0.003,0.675,0.35,0.263,0.334,0.378,0.023,0.25,0.608,0.631,0.985,0.104,0.386,0.915,0.332,0.677,0.876,0.127,0.689,0.782,0.833,0.795,0.991
268,0.557,0.372,0.516,0.054,0.47,0.807,0.171,0.9,0.5,0.893,0.445,0.698,0.865,0.686,0.41,0.267,0.81,0.388,0.23,0.701,0.291,0.669,0.607,0.503,0.081,0.761,0.539,0.426,0.879,0.228,0.739,0.426,0.89,0.136,0.442,0.539,0.282,0.222,0.331,0.28,0.513,0.223,0.147,0.577,0.967,0.44,0.506,0.915,0.648,0.603,0.848,0.612,0.703,0.091,0.833,0.471,0.199,0.187,0.074,0.251,0.295,0.107,0.978,0.682
270,0.038,0.673,0.958,0.501,0.091,0.562,0.51,0.659,0.569,0.103,0.888,0.254,0.654,0.404,0.556,0.141,0.191,0.223,0.407,0.862,0.411,0.599,0.344,0.674,0.473,0.211,0.232,0.143,0.29,0.104,0.488,0.592,0.615,0.001,0.813,0.557,0.373,0.903,0.262,0.664,0.457,0.187,0.064,0.543,0.606,0.04,0.861,0.724,0.662,0.646,0.871,0.597,0.472,0.011,0.808,0.327,0.585,0.964,0.434,0.528,0.561,0.44,0.941,0.178
272,0.929,0.467,0.587,0.902,0.103,0.839,0.748,0.385,0.086,0.91,0.364,0.067,0.495,0.022,0.033,0.756,0.596,0.709,0.741,0.217,0.464,0.198,0.123,0.706,0.664,0.235,0.041,0.141,0.657,0.782,0.908,0.188,0.425,0.045,0.897,0.572,0.184,0.919,0.879,0.885,0.095,0.647,0.279,0.345,0.631,0.075,0.874,0.03,0.565,0.501,0.483,0.336,0.559,0.838,0.38,0.174,0.802,0.079,0.898,0.116,0.388,0.993,0.331,0.231
274,0.141,0.422,0.685,0.631,0.383,0.711,0.645,0.026,0.269,0.996,0.691,0.976,0.139,0.528,0.603,0.824,0.642,0.03,0.0,0.553,0.742,0.805,0.858,0.621,0.686,0.328,0.042,0.803,0.792,0.522,0.154,0.268,0.863,0.649,0.188,0.361,0.38,0.73,0.992,0.148,0.7,0.823,0.816,0.953,0.728,0.641,0.151,0.716,0.317,0.446,0.355,0.956,0.567,0.341,0.58,0.284,0.652,0.358,0.611,0.06,0.688,0.773,0.051,0.604
276,0.887,0.234,0.364,0.5,0.91,0.04,0.541,0.26,0.585,0.714,0.5,0.069,0.395,0.146,0.408,0.111,0.64,0.011,0.416,0.648,0.135,0.427,0.489,0.884,0.013,0.781,0.792,0.151,0.48,0.435,0.048,0.557,0.947,0.041,0.285,0.896,0.085,0.079,0.405,0.705,0.457,0.383,0.94,0.858,0.569,0.41,0.352,0.605,0.688,0.294,0.718,0.885,0.523,0.652,0.622,0.87,0.158,0.935,0.851,0.184,0.556,0.179,0.026,0.897
278,0.091,0.981,0.23,0.924,0.734,0.775,0.351,0.952,0.192,0.289,0.115,0.763,0.385,0.091,0.75,0.874,0.973,0.403,0.682,0.983,0.491,0.442,0.819,0.964,0.874,0.509,0.641,0.561,0.325,0.056,0.655,0.296,0.387,0.778,0.771,0.654,0.662,0.093,0.361,0.288,0.08,0.115,0.937,0.33,0.395,0.81,0.974,0.015,0.033,0.162,0.633,0.922,0.442,0.682,0.489,0.898,0.173,0.953,0.421,0.294,0.057,0.272,0.169,0.105
280,0.411,0.996,0.937,0.509,0.196,0.22,0.819,0.353,0.642,0.237,0.205,0.739,0.443,0.039,0.545,0.294,0.609,0.293,0.121,0.318,0.339,0.24,0.674,0.378,0.523,0.876,0.035,0.778,0.709,0.739,0.484,0.239,0.133,0.759,0.086,0.546,0.807,0.052,0.786,0.692,0.014,0.848,0.798,0.983,0.201,0.008,0.879,0.674,0.996,0.323,0.547,0.992,0.454,0.776,0.442,0.873,0.978,0.023,0.959,0.681,0.253,0.565,0.969,0.709
282,0.872,0.286,0.535,0.947,0.314,0.447,0.82,0.736,0.787,0.025,0.464,0.804,0.913,0.891,0.207,0.701,0.319,0.091,0.537,0.836,0.626,0.956,0.621,0.13,0.67,0.502,0.061,0.322,0.805,0.107,0.319,0.042,0.7,0.717,0.308,0.44,0.38,0.296,0.753,0.546,0.932,0.189,0.401,0.472,0.774,0.7,0.958,0.147,0.005,0.18,0.167,0.329,0.596,0.678,0.788,0.545,0.134,0.17,0.66,0.492,0.429,0.469,0.754,0.108
284,0.219,0.936,0.551,0.55,0.828,0.412,0.732,0.834,0.973,0.412,0.129,0.27,0.246,0.746,0.397,0.389,0.853,0.219,0.388,0.122,0.887,0.316,0.603,0.688,0.391,0.631,0.742,0.453,0.766,0.406,0.228,0.497,0.399,0.185,0.583,0.223,0.353,0.113,0.597,0.65,0.686,0.351,0.664,0.783,0.423,0.271,0.383,0.454,0.443,0.728,0.507,0.449,0.159,0.311,0.731,0.481,0.558,0.887,0.967,0.873,0.355,0.796,0.206,0.695
286,0.322,0.597,0.462,0.039,0.26,0.623,0.382,0.199,0.033,0.707,0.069,0.844,0.692,0.787,0.645,0.043,0.391,0.571,0.827,0.748,0.1,0.456,0.731,0.224,0.668,0.903,0.28,0.304,0.549,0.727,0.211,0.606,0.605,0.508,0.641,0.722,0.299,0.279,0.659,0.004,0.07,0.071,0.266,0.727,0.268,0.723,0.896,0.471,0.502,0.546,0.368,0.008,0.848,0.617,0.027,0.295,0.206,0.883,0.014,0.761,0.108,0.446,0.287,0.602
288,0.493,0.686,0.497,0.114,0.793,0.871,0.346,0.733,0.862,0.305,0.687,0.709,0.729,0.027,0.398,0.036,0.572,0.107,0.538,0.519,0.54,0.538,0.068,0.575,0.941,0.009,0.492,0.795,0.995,0.633,0.95,0.004,0.105,0.098,0.901,0.759,0.277,0.221,0.858,0.134,0.269,0.223,0.671,0.882,0.426,0.113,0.963,0.43,0.194,0.188,0.626,0.696,0.51,0.132,0.963,0.904,0.901,0.807,0.188,0.323,0.424,0.715,0.028,0.488
290,0.887,0.491,0.698,0.673,0.379,0.992,0.892,0.644,0.504,0.533,0.853,0.918,0.509,0.739,0.895,0.84,0.325,0.634,0.748,0.102,0.023,0.35,0.986,0.71,0.873,0.879,0.8,0.457,0.636,0.556,0.965,0.691,0.58,0.059,0.169,0.462,0.692,0.815,0.701,0.223,0.807,0.553,0.972,0.703,0.452,0.95,0.468,0.861,0.572,0.606,0.85,0.291,0.842,0.111,0.938,0.138,0.866,0.489,0.769,0.736,0.014,0.653,0.691,0.868
292,0.124,0.134,0.111,0.952,0.409,0.759,0.322,0.269,0.798,0.615,0.241,0.598,0.141,0.725,0.862,0.227,0.473,0.421,0.919,0.433,0.151,0.444,0.381,0.51,0.154,0.955,0.535,0.659,0.72,0.785,0.236,0.929,0.681,0.093,0.648,0.776,0.444,0.392,0.012,0.967,0.815,0.799,0.565,0.91,0.134,0.313,0.671,0.11,0.261,0.395,0.741,0.211,0.87,0.522,0.167,0.363,0.054,0.522,0.223,0.853,0.038,0.244,0.044,0.088
294,0.523,0.57,0.492,0.863,0.944,0.389,0.676,0.275,0.579,0.378,0.583,0.159,0.752,0.46,0.271,0.333,0.313,0.294,0.347,0.992,0.579,0.411,0.986,0.791,0.603,0.631,0.146,0.45,0.108,0.18,0.618,0.849,0.774,0.811,0.534,0.305,0.556,0.096,0.09,0.055,0.951,0.912,0.948,0.112,0.272,0.124,0.495,0.237,0.365,0.4,0.979,0.356,0.155,0.922,0.369,0.283,0.064,0.431,0.518,0.236,0.771,0.804,0.869,0.679
296,0.103,0.393,0.597,0.057,0.386,0.915,0.653,0.564,0.636,0.998,0.599,0.918,0.002,0.49,0.121,0.122,0.352,0.005,0.677,0.734,0.357,0.815,0.635,0.025,0.224,0.008,0.483,0.819,0.967,0.689,0.495,0.651,0.106,0.877,0.512,0.898,0.829,0.74,0.168,0.065,0.626,0.301,0.564,0.228,0.622,0.675,0.628,0.218,0.835,0.276,0.518,0.623,0.651,0.204,0.256,0.729,0.482,0.207,0.159,0.941,0.324,0.353,0.894,0.169
298,0.634,0.836,0.723,0.922,0.008,0.654,0.297,0.547,0.691,0.845,0.221,0.944,0.778,0.739,0.057,0.988,0.391,0.933,0.178,0.767,0.418,0.821,0.991,0.024,0.71,0.871,0.938,0.649,0.749,0.318,0.797,0.191,0.527,0.389,0.159,0.091,0.884,0.096,0.447,0.22,0.365,0.424,0.885,0.452,0.513,0.466,0.194,0.431,0.174,0.009,0.474,0.74,0.632,0.89,0.004,0.722,0.55,0.315,0.987,0.102,0.741,0.98,0.885,0.949
300,0.819,0.788,0.655,0.607,0.24,0.278,0.485,0.581,0.851,0.009,0.932,0.154,0.126,0.197,0.189,0.393,0.222,0.745,0.924,0.606,0.125,0.885,0.1,0.431,0.356,0.514,0.83,0.918,0.439,0.814,0.678,0.413,0.402,0.537,0.176,0.548,0.524,0.177,0.245,0.594,0.639,0.139,0.993,0.081,0.436,0.18,0.868,0.826,0.221,0.748,0.807,0.972,0.786,0.148,0.573,0.327,0.684,0.075,0.007,0.772,0.522,0.81,0.843,0.775
302,0.227,0.463,0.007,0.708,0.021,0.501,0.875,0.165,0.087,0.492,0.067,0.823,0.405,0.118,0.223,0.671,0.973,0.521,0.277,0.608,0.155,0.949,0.96,0.599,0.049,0.853,0.097,0.948,0.324,0.589,0.763,0.371,0.012,0.73,0.203,0.738,0.199,0.786,0.3,0.885,0.35,0.228,0.65,0.325,0.188,0.825,0.607,0.324,0.378,0.871,0.173,0.838,0.517,0.69,0.672,0.181,0.13,0.735,0.013,0.573,0.578,0.181,0.792,0.89
304,0.394,0.326,0.625,0.61,0.198,0.397,0.618,0.402,0.608,0.777,0.174,0.06,0.412,0.03,0.302,0.522,0.797,0.049,0.331,0.34,0.127,0.108,0.669,0.196,0.032,0.927,0.273,0.854,0.181,0.719,0.614,0.881,0.743,0.054,0.744,0.033,0.36,0.698,0.533,0.695,0.817,0.164,0.535,0.714,0.893,0.951,0.742,0.352,0.114,0.871,0.407,0.059,0.109,0.611,0.881,0.031,0.837,0.864,0.235,0.396,0.34,0.74,0.25,0.906
306,0.049,0.71,0.254,0.912,0.533,0.812,0.479,0.118,0.008,0.211,0.872,0.21,0.137,0.926,0.537,0.746,0.386,0.667,0.404,0.447,0.478,0.733,0.472,0.744,0.041,0.867,0.825,0.603,0.738,0.241,0.155,0.696,0.756,0.085,0.282,0.492,0.346,0.77,0.631,0.092,0.002,0.002,0.12,0.825,0.54,0.725,0.494,0.521,0.804,0.762,0.088,0.688,0.974,0.092,0.693,0.758,0.103,0.362,0.414,0.776,0.027,0.726,0.476,0.882
308,0.317,0.105,0.568,0.183,0.734,0.14,0.207,0.999,0.666,0.602,0.981,0.737,0.67,0.282,0.994,0.953,0.83,0.956,0.641,0.478,0.564,0.198,0.096,0.942,0.863,0.421,0.579,0.016,0.442,0.048,0.699,0.949,0.653,0.596,0.528,0.726,0.159,0.078,0.035,0.895,0.587,0.114,0.335,0.248,0.052,0.273,0.443,0.785,0.224,0.313,0.384,0.353,0.05,0.872,0.281,0.368,0.998,0.039,0.722,0.812,0.127,0.748,0.25,0.987
310,0.731,0.619,0.037,0.867,0.186,0.721,0.227,0.096,0.982,0.146,0.695,0.344,0.074,0.857,0.219,0.991,0.184,0.23,0.513,0.55,0.14,0.18,0.144,0.732,0.501,0.275,0.444,0.889,0.288,0.502,0.138,0.439,0.77,0.234,0.413,0.786,0.403,0.028,0.886,0.748,0.921,0.808,0.441,0.938,0.818,0.487,0.222,0.112,0.002,0.624,0.24,0.68,0.612,0.396,0.94,0.418,0.187,0.334,0.934,0.696,0.84,0.866,0.552,0.642
312,0.809,0.615,0.355,0.514,0.163,0.473,0.962,0.609,0.357,0.017,0.987,0.63,0.478,0.074,0.113,0.023,0.041,0.116,0.552,0.855,0.474,0.802,0.886,0.016,0.127,0.631,0.058,0.792,0.839,0.188,0.142,0.2,0.229,0.215,0.864,0.466,0.336,0.612,0.426,0.78,0.346,0.075,0.989,0.659,0.563,0.033,0.716,0.338,0.347,0.139,0.131,0.223,0.107,0.878,0.952,0.584,0.981,0.598,0.478,0.486,0.349,0.372,0.339,0.439
314,0.833,0.034,0.405,0.7,0.206,0.46,0.918,0.431,0.615,0.909,0.652,0.256,0.655,0.729,0.108,0.128,0.213,0.573,0.642,0.051,0.831,0.006,0.125,0.487,0.257,0.153,0.189,0.716,0.062,0.075,0.653,0.498,0.877,0.762,0.343,0.806,0.492,0.272,0.873,0.491,0.313,0.95,0.327,0.605,0.374,0.31,0.579,0.584,0.627,0.944,0.614,0.902,0.28,0.129,0.561,0.928,0.665,0.531,0.214,0.171,0.35,0.531,0.834,0.478
316,0.162,0.542,0.186,0.644,0.701,0.695,0.405,0.835,0.562,0.453,0.432,0.145,0.991,0.665,0.323,0.053,0.316,0.146,0.716,0.103,0.523,0.467,0.818,0.456,0.539,0.772,0.275,0.281,0.672,0.313,0.894,0.24,0.396,0.638,0.146,0.181,0.609,0.433,0.66,0.902,0.141,0.799,0.288,0.854,0.662,0.781,0.746,0.636,0.891,0.629,0.59,0.422,0.79,0.452,0.636,0.256,0.077,0.212,0.826,0.4,0.973,0.903,0.741,0.776
318,0.584,0.59,0.104,0.359,0.598,0.202,0.584,0.061,0.007,0.002,0.685,0.771,0.892,0.639,0.565,0.095,0.702,0.569,0.075,0.2,0.964,0.849,0.827,0.749,0.628,0.677,0.199,0.665,0.445,0.668,0.833,0.736,0.879,0.148,0.385,0.24,0.817,0.27,0.653,0.62,0.915,0.131,0.361,0.165,0.04,0.259,0.865,0.347,0.382,0.23,0.037,0.416,0.653,0.712,0.743,0.152,0.003,0.587,0.413,0.003,0.991,0.95,0.257,0.488
320,0.073,0.258,0.983,0.524,0.018,0.388,0.225,0.985,0.21,0.667,0.87,0.152,0.852,0.767,0.399,0.959,0.824,0.192,0.676,0.606,0.138,0.14,0.763,0.513,0.245,0.799,0.94,0.382,0.248,0.219,0.216,0.371,0.326,0.319,0.51,0.441,0.203,0.567,0.165,0.798,0.994,0.963,0.995,0.142,0.854,0.778,0.306,0.442,0.107,0.992,0.59,0.775,0.652,0.768,0.2,0.889,0.91,0.416,0.282,0.559,0.998,0.408,0.57,0.355
322,0.05,0.894,0.681,0.758,0.113,0.218,0.105,0.61,0.481,0.252,0.632,0.265,0.272,0.054,0.089,0.032,0.506,0.144,0.563,0.563,0.866,0.855,0.142,0.34,0.5,0.916,0.545,0.335,0.364,0.361,0.046,0.871,0.606,0.174,0.858,0.779,0.461,0.099,0.344,0.368,0.516,0.639,0.831,0.41,0.345,0.859,0.882,0.145,0.932,0.048,0.391,0.425,0.559,0.348,0.832,0.908,0.349,0.264,0.017,0.826,0.369,0.788,0.756,0.33
324,0.16,0.59,0.397,0.918,0.721,0.925,0.464,0.544,0.77,0.02,0.331,0.004,0.79,0.027,0.83,0.892,0.393,0.522,0.492,0.658,0.287,0.21,0.412,0.397,0.647,0.304,0.147,0.494,0.499,0.841,0.779,0.856,0.757,0.884,0.551,0.476,0.673,0.76,0.863,0.913,0.916,0.518,0.426,0.946,0.034,0.45,0.993,0.905,0.452,0.961,0.364,0.36,0.774,0.501,0.207,0.93,0.528,0.345,0.394,0.559,0.266,0.839,0.685,0.733
326,0.852,0.981,0.904,0.666,0.344,0.006,0.388,0.65,0.984,0.674,0.182,0.491,0.297,0.154,0.026,0.702,0.069,0.064,0.071,0.841,0.805,0.859,0.902,0.151,0.212,0.252,0.941,0.472,0.533,0.756,0.649,0.654,0.204,0.724,0.14,0.262,0.156,0.781,0.537,0.316,0.988,0.11,0.441,0.457,0.921,0.704,0.552,0.873,0.631,0.832,0.543,0.169,0.812,0.613,0.055,0.915,0.184,0.931,0.907,0.383,0.615,0.894,0.562,0.159
328,0.128,0.53,0.244,0.946,0.611,0.349,0.794,0.657,0.438,0.66,0.498,0.431,0.789,0.594,0.928,0.85,0.21,0.541,0.349,0.147,0.562,0.722,0.671,0.394,0.996,0.492,0.597,0.556,0.282,0.847,0.587,0.8,0.609,0.685,0.127,0.36,0.839,0.307,0.928,0.286,0.378,0.341,0.551,0.31,0.253,0.798,0.319,0.564,0.581,0.151,0.364,0.481,0.707,0.943,0.783,0.01,0.725,0.158,0.538,0.97,0.115,0.911,0.835,0.587
330,0.619,0.753,0.347,0.596,0.243,0.167,0.116,0.97,0.96,0.759,0.711,0.771,0.444,0.735,0.787,0.389,0.788,0.579,0.616,0.815,0.272,0.358,0.55,0.017,0.117,0.314,0.902,0.248,0.001,0.979,0.726,0.263,0.06,0.199,0.503,0.132,0.897,0.363,0.718,0.138,0.079,0.258,0.871,0.677,0.59,0.656,0.677,0.1,0.361,0.739,0.404,0.413,0.998,0.414,0.886,0.81,0.204,0.685,0.394,0.478,0.251,0.742,0.304,0.117
332,0.807,0.947,0.602,0.408,0.766,0.654,0.298,0.146,0.198,0.648,0.464,0.129,0.913,0.363,0.917,0.509,0.414,0.349,0.139,0.067,0.04,0.689,0.812,0.741,0.825,0.38,0.703,0.103,0.83,0.437,0.936,0.81,0.978,0.028,0.004,0.156,0.396,0.891,0.081,0.092,0.343,0.909,0.726,0.456,0.127,0.323,0.811,0.702,0.638,0.64,0.965,0.391,0.316,0.063,0.178,0.243,0.429,0.219,0.135,0.12,0.949,0.726,0.062,0.581
334,0.675,0.373,0.876,0.72,0.874,0.719,0.076,0.626,0.786,0.144,0.052,0.699,0.753,0.37,0.912,0.366,0.276,0.049,0.517,0.415,0.516,0.197,0.998,0.448,0.418,0.831,0.442,0.666,0.743,0.06,0.113,0.651,0.829,0.422,0.228,0.402,0.951,0.503,0.933,0.944,0.641,0.324,0.832,0.245,0.792,0.246,0.201,0.757,0.114,0.061,0.064,0.423,0.254,0.614,0.049,0.617,0.914,0.955,0.667,0.878,0.495,0.896,0.867,0.8
336,0.847,0.986,0.588,0.483,0.603,0.78,0.662,0.293,0.635,0.443,0.21,0.842,0.048,0.908,0.31,0.578,0.303,0.412,0.083,0.867,0.988,0.447,0.555,0.975,0.988,0.428,0.32,0.09,0.577,0.764,0.164,0.967,0.406,0.078,0.364,0.763,0.339,0.255,0.012,0.64,0.274,0.697,0.867,0.658,0.713,0.223,0.045,0.595,0.836,0.799,0.279,0.6,0.533,0.508,0.919,0.931,0.803,0.85,0.214,0.565,0.901,0.848,0.138,0.308
338,0.528,0.084,0.555,0.171,0.12,0.325,0.643,0.667,0.722,0.995,0.974,0.071,0.842,0.698,0.172,0.02,0.691,0.551,0.569,0.143,0.613,0.288,0.489,0.555,0.627,0.823,0.807,0.825,0.602,0.911,0.679,0.826,0.453,0.075,0.393,0.364,0.424,0.673,0.861,0.053,0.341,0.715,0.258,0.821,0.404,0.938,0.814,0.92,0.642,0.966,0.845,0.736,0.115,0.9,0.568,0.439,0.422,0.097,0.416,0.128,0.174,0.298,0.882,0.334
340,0.782,0.094,0.809,0.883,0.639,0.494,0.105,0.645,0.873,0.67,0.739,0.893,0.18,0.259,0.346,0.834,0.185,0.078,0.185,0.815,0.834,0.592,0.465,0.168,0.458,0.249,0.077,0.447,0.407,0.846,0.274,0.001,0.304,0.705,0.782,0.726,0.238,0.631,0.867,0.073,0.31,0.257,0.939,0.922,0.435,0.118,0.52,0.227,0.47,0.904,0.2,0.107,0.123,0.696,0.592,0.566,0.747,0.993,0.085,0.874,0.848,0.792,0.714,0.443
342,0.648,0.186,0.738,0.008,0.139,0.916,0.267,0.971,0.335,0.931,0.856,0.906,0.29,0.454,0.878,0.668,0.189,0.396,0.027,0.866,0.304,0.556,0.278,0.669,0.625,0.058,0.221,0.187,0.618,0.526,0.624,0.39,0.413,0.405,0.349,0.608,0.743,0.975,0.549,0.784,0.557,0.809,0.175,0.287,0.228,0.268,0.304,0.355,0.513,0.609,0.795,0.952,0.929,0.951,0.597,0.207,0.699,0.673,0.467,0.579,0.286,0.163,0.062,0.524
344,0.373,0.766,0.048,0.486,0.746,0.358,0.241,0.405,0.335,0.439,0.693,0.43,0.147,0.091,0.785,0.503,0.309,0.043,0.296,0.24,0.011,0.508,0.191,0.961,0.986,0.642,0.763,0.327,0.1,0.84,0.426,0.7,0.962,0.88,0.817,0.937,0.683,0.059,0.094,0.64,0.189,0.412,0.017,0.788,0.154,0.202,0.664,0.656,0.072,0.963,0.019,0.217,0.854,0.918,0.643,0.299,0.281,0.768,0.179,0.295,0.595,0.113,0.323,0.104
346,0.607,0.267,0.08,0.856,0.038,0.66,0.685,0.694,0.879,0.997,0.805,0.066,0.434,0.575,0.308,0.904,0.243,0.936,0.433,0.972,0.68,0.762,0.43,0.514,0.114,0.449,0.713,0.647,0.418,0.255,0.755,0.102,0.777,0.791,0.474,0.081,0.505,0.733,0.317,0.198,0.967,0.746,0.768,0.348,0.555,0.814,0.546,0.427,0.906,0.677,0.31,0.248,0.883,0.955,0.577,0.931,0.067,0.63,0.166,0.905,0.086,0.257,0.22,0.47
348,0.138,0.677,0.801,0.78,0.243,0.564,0.215,0.431,0.369,0.744,0.36,0.736,0.786,0.167,0.531,0.659,0.75,0.792,0.278,0.722,0.302,0.624,0.699,0.524,0.854,0.866,0.645,0.805,0.905,0.92,0.672,0.888,0.885,0.289,0.702,0.845,0.933,0.59,0.516,0.047,0.894,0.158,0.075,0.383,0.485,0.906,0.532,0.482,0.242,0.849,0.892,0.545,0.215,0.168,0.825,0.582,0.451,0.655,0.721,0.195,0.165,0.281,0.666,0.058
350,0.703,0.529,0.551,0.858,0.449,0.235,0.704,0.306,0.805,0.319,0.54,0.222,0.184,0.122,0.509,0.5,1.0,0.298,0.939,0.377,0.764,0.746,0.917,0.352,0.636,0.779,0.765,0.07,0.123,0.423,0.803,0.623,0.308,0.018,0.236,0.679,0.237,0.465,0.135,0.123,0.908,0.044,0.508,0.655,0.769,0.414,0.706,0.447,0.419,0.565,0.988,0.418,0.544,0.566,0.827,0.434,0.529,0.187,0.81,0.646,0.065,0.849,0.91,0.808
352,0.864,0.972,0.97,0.772,0.609,0.838,0.61,0.873,0.666,0.419,0.621,0.924,0.27,0.184,0.995,0.551,0.985,0.57,0.581,0.264,0.187,0.409,0.598,0.339,0.423,0.094,0.032,0.681,0.967,0.667,0.098,0.189,0.408,0.371,0.823,0.595,0.631,0.478,0.796,0.522,0.921,0.415,0.377,0.294,0.908,0.019,0.237,0.402,0.378,0.593,0.838,0.101,0.094,0.353,0.546,0.336,0.032,0.354,0.714,0.012,0.372,0.584,0.187,0.654
354,0.775,0.152,0.763,0.467,0.788,0.812,0.657,0.727,0.4,0.768,0.005,0.379,0.775,0.344,0.452,0.201,0.512,0.12,0.686,0.698,0.128,0.86,0.374,0.109,0.303,0.382,0.66,0.413,0.429,0.812,0.868,0.792,0.882,0.451,0.82,0.275,0.482,0.485,0.104,0.392,0.867,0.387,0.289,0.732,0.356,0.305,0.314,0.886,0.183,0.948,0.825,0.672,0.886,0.499,0.509,0.638,0.6,0.366,0.008,0.067,0.529,0.598,0.578,0.533
356,0.443,0.935,0.94,0.496,0.175,0.875,0.792,0.208,0.037,0.962,0.347,0.142,0.656,0.359,0.898,0.418,0.019,0.731,0.539,0.34,0.275,0.561,0.526,0.328,0.735,0.78,0.211,0.847,0.116,0.135,0.088,0.805,0.613,0.453,0.442,0.086,0.103,0.647,0.046,0.844,0.459,0.706,0.986,0.584,0.807,0.744,0.841,0.681,0.803,0.814,0.213,0.748,0.618,0.937,0.938,0.459,0.232,0.579,0.687,0.918,0.527,0.058,0.545,0.601
358,0.212,0.997,0.58,0.852,0.001,0.614,0.722,0.791,0.97,0.273,0.402,0.179,0.709,0.017,0.415,0.771,0.617,0.189,0.912,0.988,0.753,0.884,0.308,0.402,0.721,0.097,0.231,0.104,0.679,0.744,0.993,0.188,0.175,0.178,0.057,0.65,0.109,0.016,0.787,0.824,0.709,0.144,0.79,0.876,0.5,0.969,0.309,0.6,0.572,0.146,0.769,0.83,0.618,0.758,0.332,0.791,0.025,0.359,0.202,0.744,0.432,0.774,0.655,0.556
360,0.023,0.6,0.445,0.496,0.278,0.453,0.942,0.422,0.712,0.861,0.047,0.294,0.675,0.055,0.501,0.042,0.384,0.663,0.662,0.107,0.316,0.571,0.851,0.988,0.079,0.702,0.478,0.375,0.201,0.023,0.463,0.288,0.83,0.92,0.101,0.984,0.778,0.171,0.747,0.625,0.988,0.311,0.772,0.879,0.836,0.681,0.236,0.871,0.834,0.195,0.371,0.422,0.704,0.952,0.769,0.168,0.866,0.63,0.273,0.392,0.484,0.16,0.921,0.645
362,0.758,0.66,0.197,0.809,0.419,0.858,0.979,0.125,0.514,0.272,0.029,0.309,0.751,0.502,0.925,0.078,0.12,0.118,0.589,0.529,0.232,0.326,0.145,0.549,0.218,0.612,0.144,0.284,0.538,0.672,0.043,0.658,0.931,0.581,0.935,0.258,0.795,0.206,0.7,0.194,0.968,0.541,0.632,0.635,0.866,0.976,0.587,0.09,0.397,0.444,0.043,0.269,0.705,0.239,0.282,0.721,0.793,0.978,0.357,0.653,0.304,0.498,0.934,0.561
364,0.858,0.908,0.839,0.522,0.738,0.865,0.753,0.316,0.163,0.085,0.353,0.645,0.445,0.322,0.057,0.8,0.604,0.491,0.15,0.399,0.003,0.315,0.642,0.854,0.733,0.22,0.204,0.745,0.741,0.876,0.058,0.752,0.108,0.792,0.346,0.378,0.166,0.679,0.895,0.97,0.222,0.004,0.833,0.456,0.595,0.453,0.776,0.728,0.087,0.042,0.753,0.564,0.951,0.653,0.068,0.653,0.369,0.967,0.159,0.654,0.398,0.036,0.917,0.31
366,0.985,0.997,0.201,0.612,0.744,0.063,0.651,0.997,0.68,0.944,0.747,0.404,0.676,0.312,0.333,0.635,0.009,0.768,0.679,0.568,0.802,0.029,0.02,0.483,0.893,0.193,0.779,0.068,0.623,0.982,0.393,0.366,0.809,0.929,0.911,0.011,0.163,0.938,0.795,0.238,0.87,0.524,0.131,0.307,0.148,0.957,0.935,0.997,0.273,0.747,0.596,0.525,0.392,0.714,0.057,0.621,0.764,0.281,0.27,0.618,0.631,0.261,0.651,0.937
368,0.087,0.614,0.961,0.391,0.238,0.374,0.275,0.597,0.211,0.838,0.736,0.153,0.687,0.023,0.262,0.09,0.161,0.071,0.234,0.61,0.011,0.239,0.184,0.296,0.25,0.444,0.708,0.548,0.69,0.736,0.463,0.922,0.99,0.41,0.57,0.163,0.146,0.972,0.673,0.544,0.165,0.619,0.002,0.853,0.49,0.2,0.751,0.122,0.333,0.42,0.904,0.059,0.099,0.989,0.139,0.767,0.708,0.099,0.376,0.373,0.222,0.105,0.548,0.92
370,0.053,0.222,0.782,0.515,0.412,0.233,0.206,0.039,0.293,0.786,0.581,0.462,0.21,0.298,0.393,0.331,0.573,0.55,0.687,0.282,0.557,0.777,0.99,0.861,0.68,0.366,0.41,0.301,0.149,0.683,0.134,0.985,0.831,0.359,0.35,0.715,0.144,0.031,0.04,0.031,0.606,0.71,0.56,0.27,0.532,0.125,0.673,0.896,0.755,0.865,0.693,0.992,0.121,0.067,0.649,0.747,0.462,0.322,0.864,0.136,0.949,0.001,0.618,0.564
372,0.367,0.607,0.232,0.566,0.961,0.374,0.753,0.829,0.303,0.635,0.18,0.884,0.411,0.137,0.542,0.8,0.225,0.719,0.104,0.04,0.314,0.992,0.957,0.773,0.565,0.471,0.785,0.982,0.127,0.87,0.064,0.901,0.237,0.993,0.371,0.516,0.05,0.075,0.055,0.531,0.016,0.746,0.288,0.254,0.169,0.312,0.139,0.395,0.414,0.306,0.423,0.236,0.508,0.797,0.204,0.866,0.509,0.957,0.578,0.239,0.078,0.59,0.213,0.582
374,0.968,0.017,0.849,0.231,0.2,0.23,0.478,0.938,0.604,0.774,0.451,0.227,0.489,0.181,0.293,0.11,0.27,0.904,0.231,0.857,0.742,0.062,0.629,0.147,0.911,0.294,0.798,0.572,0.829,0.401,0.217,0.032,0.202,0.055,0.914,0.314,0.695,0.542,0.32,0.27,0.52,0.276,0.376,0.584,0.943,0.357,0.417,0.007,0.803,0.692,0.233,0.607,0.834,0.813,0.496,0.726,0.007,0.733,0.101,0.419,0.604,0.897,0.412,0.524
376,0.964,0.856,0.716,0.157,0.467,0.938,0.095,0.735,0.849,0.582,0.615,0.155,0.477,0.883,0.058,0.754,0.652,0.658,0.496,0.709,0.796,0.024,0.638,0.066,0.713,0.43,0.041,0.586,0.05,0.152,0.342,0.363,0.213,0.215,0.345,0.041,0.426,0.759,0.778,0.235,0.567,0.357,0.565,0.241,0.157,0.892,0.434,0.043,0.904,0.046,0.618,0.732,0.577,0.397,0.6,0.2,0.218,0.5,0.165,0.211,0.674,0.508,0.836,0.67
378,0.301,0.42,0.27,0.33,0.207,0.014,0.558,0.017,0.143,0.702,0.622,0.027,0.447,0.049,0.83,0.927,0.799,0.655,0.892,0.682,0.137,0.942,0.005,0.067,0.263,0.771,0.912,0.614,0.203,0.86,0.32,0.356,0.486,0.432,0.329,0.288,0.381,0.181,0.803,0.73,0.404,0.03,0.441,0.588,0.292,0.48,0.758,0.542,0.823,0.329,0.542,0.202,0.344,0.195,0.896,0.613,0.638,0.617,0.146,0.5,0.249,0.31,0.255,0.318
380,0.385,0.052,0.329,0.865,0.932,0.887,0.287,0.795,0.331,0.728,0.6,0.437,0.673,0.509,0.677,0.988,0.574,0.515,0.389,0.855,0.494,0.416,0.017,0.038,0.119,0.316,0.768,0.675,0.231,0.908,0.216,0.664,0.873,0.336,0.676,0.973,0.945,0.65,0.386,0.628,0.889,0.395,0.297,0.362,0.064,0.319,0.689,0.111,0.819,0.295,0.097,0.511,0.052,0.59,0.221,0.194,0.528,0.862,0.303,0.957,0.189,0.155,0.378,0.199
382,0.911,0.581,0.605,0.027,0.627,0.795,0.964,0.456,0.339,0.795,0.83,0.558,0.871,0.41,0.673,0.082,0.628,0.169,0.696,0.172,0.235,0.117,0.085,0.784,0.687,0.662,0.294,0.297,0.163,0.919,0.818,0.944,0.196,0.37,0.816,0.909,0.964,0.701,0.369,0.995,0.034,0.875,0.457,0.049,0.003,0.176,0.282,0.223,0.519,0.077,0.328,0.908,0.839,0.241,0.137,0.591,0.389,0.973,0.675,0.861,0.214,0.33,0.665,0.294
384,0.629,0.39,0.656,0.877,0.467,0.49,0.103,0.323,0.939,0.703,0.411,0.254,0.471,0.382,0.24,0.586,0.744,0.537,0.994,0.706,0.654,0.936,0.782,0.436,0.962,0.356,0.843,0.922,0.054,0.806,0.322,0.504,0.027,0.663,0.747,0.911,0.015,0.579,0.898,0.963,0.139,0.598,0.8,0.099,0.634,0.199,0.955,0.229,0.404,0.217,0.198,0.873,0.796,0.746,0.118,0.112,0.113,0.873,0.223,0.065,0.565,0.595,0.018,0.392
386,0.308,0.217,0.739,0.814,0.306,0.017,0.821,0.199,0.073,0.115,0.965,0.024,0.555,0.597,0.254,0.285,0.171,0.142,0.659,0.428,0.405,0.162,0.953,0.552,0.703,0.784,0.812,0.622,0.747,0.939,0.64,0.139,0.628,0.46,0.716,0.964,0.686,0.444,0.746,0.986,0.062,0.81,0.531,0.994,0.406,0.735,0.031,0.679,0.789,0.95,0.742,0.462,0.99,0.51,0.129,0.74,0.698,0.584,0.463,0.455,0.416,0.187,0.131,0.139
388,0.109,0.731,0.635,0.103,0.592,0.205,0.602,0.071,0.199,0.629,0.404,0.632,0.489,0.528,0.641,0.333,0.438,0.454,0.447,0.739,0.453,0.958,0.753,0.652,0.56,0.865,0.14,0.821,0.919,0.72,0.484,0.238,0.218,0.912,0.776,0.948,0.868,0.337,0.037,0.564,0.335,0.656,0.294,0.754,0.517,0.997,0.849,0.829,0.416,0.522,0.685,0.831,0.909,0.443,0.252,0.36,0.814,0.425,0.462,0.844,0.002,0.304,0.094,0.319
390,0.267,0.813,0.937,0.612,0.555,0.41,0.796,0.605,0.778,0.124,0.992,0.147,0.466,0.429,0.958,0.935,0.405,0.629,0.779,0.49,0.364,0.572,0.051,0.408,0.05,0.735,0.621,0.32,0.524,0.113,0.334,0.259,0.697,0.694,0.546,0.656,0.452,0.212,0.076,0.008,0.247,0.194,0.056,0.328,0.972,0.836,0.849,0.695,0.266,0.459,0.104,0.54,0.348,0.729,0.13,0.929,0.641,0.921,0.301,0.582,0.502,0.59,0.325,0.678
392,0.228,0.815,0.852,0.741,0.618,0.325,0.918,0.386,0.008,0.036,0.648,0.163,0.973,0.935,0.508,0.141,0.94,0.914,0.627,0.605,0.849,0.635,0.173,0.602,0.793,0.04,0.358,0.78,0.285,0.274,0.957,0.382,0.35,0.57,0.528,0.585,0.535,0.917,0.947,0.333,0.527,0.039,0.563,0.775,0.622,0.403,0.838,0.184,0.109,0.809,0.061,0.934,0.386,0.662,0.838,0.443,0.099,0.742,0.567,0.195,0.973,0.662,0.118,0.916
394,0.024,0.674,0.386,0.304,0.467,0.44,0.998,0.853,0.652,0.049,0.262,0.699,0.66,0.236,0.282,0.324,0.661,0.409,0.122,0.239,0.111,0.443,0.493,0.944,0.904,0.793,0.079,0.716,0.773,0.346,0.415,0.84,0.533,0.635,0.287,0.46,0.991,0.719,0.594,0.913,0.122,0.095,0.335,0.276,0.721,0.14,0.189,0.887,0.047,0.859,0.932,0.722,0.293,0.243,0.295,0.466,0.816,0.813,0.576,0.307,0.188,0.651,0.768,0.554
396,0.021,0.016,0.325,0.782,0.304,0.13,0.435,0.862,0.336,0.568,0.257,0.666,0.077,0.175,0.231,0.574,0.427,0.925,0.829,0.685,0.811,0.827,0.86,0.379,0.151,0.72,0.842,0.757,0.624,0.625,0.611,0.563,0.902,0.388,0.855,0.755,0.681,0.591,0.699,0.312,0.635,0.627,0.28,0.717,0.112,0.2,0.028,0.877,0.218,0.027,0.302,0.524,0.695,0.213,0.929,0.608,0.894,0.122,0.164,0.23,0.415,0.652,0.898,0.81
398,0.703,0.86,0.158,0.39,0.872,0.813,0.145,0.761,0.171,0.527,0.099,0.947,0.53,0.927,0.595,0.647,0.712,0.737,0.923,0.154,0.606,0.791,0.293,0.704,0.126,0.919,0.666,0.616,0.949,0.047,0.298,0.833,0.882,0.454,0.175,0.841,0.135,0.35,0.467,0.537,0.05,0.715,0.304,0.934,0.604,0.107,0.825,0.816,0.853,0.28,0.668,0.229,0.311,0.469,0.139,0.622,0.568,0.124,0.578,0.521,0.291,0.738,0.062,0.944
