time,CP6,F7,CP2,FT8,P1,PO8,P9,P4,CPz,P6,FT7,AF8,Fp2,P2,CP5,Pz,O1,FC5,F8,P5,Oz,FC3,P3,PO7,F5,FC2,TP8,CP1,TP7,POz,CP3,T8,Fp1,FC1,F10,F1,C3,T7,C1,C2,C4,FC4,C6,C5,F2,F6,AF3,PO4,P10,P8,P7,PO3,Fz,AF7,FCz,CP4,F4,AF4,Cz,FC6,F9,F3,O2,AFz
-100,0.852,0.084,0.184,0.542,0.382,0.381,0.09,0.94,0.635,0.526,0.542,0.192,0.051,0.798,0.897,0.388,0.528,0.866,0.486,0.934,0.275,0.865,0.481,0.071,0.796,0.958,0.185,0.293,0.633,0.08,0.558,0.215,0.449,0.025,0.534,0.288,0.055,0.383,0.398,0.013,0.349,0.604,0.648,0.835,0.586,0.778,0.424,0.077,0.764,0.09,0.378,0.464,0.708,0.286,0.214,0.795,0.554,0.386,0.174,0.07,0.991,0.661,0.821,0.961
-98,0.964,0.121,0.856,0.219,0.914,0.696,0.04,0.98,0.841,0.038,0.935,0.557,0.254,0.242,0.118,0.559,0.264,0.506,0.674,0.997,0.276,0.919,0.266,0.489,0.319,0.62,0.821,0.486,0.729,0.19,0.965,0.47,0.338,0.156,0.449,0.162,0.978,0.324,0.536,0.007,0.612,0.225,0.045,0.961,0.909,0.763,0.919,0.696,0.27,0.098,0.109,0.02,0.948,0.744,0.722,0.994,0.782,0.534,0.821,0.715,0.958,0.602,0.479,0.704
-96,0.659,0.795,0.023,0.025,0.683,0.451,0.598,0.096,0.969,0.728,0.075,0.454,0.611,0.873,0.409,0.93,0.284,0.938,0.157,0.313,0.243,0.288,0.579,0.024,0.828,0.948,0.24,0.165,0.647,0.612,0.479,0.171,0.668,0.828,0.095,0.644,0.746,0.988,0.799,0.806,0.543,0.349,0.679,0.148,0.641,0.011,0.019,0.474,0.046,0.614,0.219,0.281,0.896,0.749,0.842,0.59,0.187,0.9,0.597,0.428,0.153,0.886,0.898,0.199
-94,0.989,0.07,0.905,0.86,0.59,0.428,0.672,0.274,0.162,0.787,0.972,0.372,0.147,0.1,0.686,0.155,0.274,0.558,0.574,0.491,0.527,0.227,0.348,0.925,0.806,0.467,0.333,0.598,0.869,0.587,0.605,0.202,0.31,0.108,0.358,0.511,0.78,0.452,0.121,0.159,0.662,0.642,0.624,0.47,0.599,0.865,0.727,0.972,0.807,0.34,0.121,0.042,0.216,0.53,0.704,0.771,0.212,0.12,0.056,0.502,0.269,0.853,0.024,0.406
-92,0.403,0.319,0.314,0.553,0.139,0.587,0.022,0.425,0.867,0.057,0.476,0.973,0.102,0.105,0.647,0.825,0.22,0.016,0.779,0.135,0.307,0.135,0.654,0.281,0.931,0.478,0.801,0.655,0.223,0.677,0.67,0.956,0.084,0.043,0.319,0.718,0.622,0.815,0.689,0.043,0.179,0.778,0.867,0.727,0.085,0.875,0.197,0.118,0.091,0.029,0.133,0.158,0.095,0.63,0.732,0.797,0.149,0.915,0.449,0.139,0.088,0.609,0.056,0.144
-90,0.992,0.574,0.754,0.632,0.438,0.72,0.291,0.469,0.488,0.551,0.679,0.307,0.909,0.031,0.253,0.508,0.645,0.784,0.151,0.564,0.129,0.691,0.304,0.746,0.113,0.985,0.682,0.59,0.027,0.833,0.297,0.922,0.037,0.84,0.655,0.742,0.067,0.268,0.261,0.708,0.979,0.612,0.742,0.157,0.131,0.47,0.377,0.886,0.031,0.963,0.583,0.441,0.415,0.467,0.549,0.216,0.233,0.78,0.325,0.698,0.036,0.052,0.761,0.409
-88,0.826,0.636,0.39,0.474,0.177,0.384,0.015,0.853,0.668,0.519,0.748,0.27,0.465,0.556,0.354,0.869,0.519,0.214,0.609,0.319,0.351,0.155,0.531,0.008,0.641,0.13,0.152,0.301,0.957,0.584,0.304,0.063,0.769,0.599,0.942,0.635,0.428,0.719,0.026,0.216,0.886,0.425,0.923,0.57,0.905,0.634,0.617,0.084,0.923,0.078,0.497,0.066,0.66,0.877,0.042,0.609,0.606,0.718,0.429,0.794,0.814,0.242,0.716,0.325
-86,0.354,0.89,0.039,0.296,0.309,0.761,0.399,0.895,0.799,0.424,0.479,0.469,0.068,0.369,0.129,0.141,0.934,0.381,0.537,0.395,0.341,0.209,0.551,0.601,0.08,0.05,0.098,0.041,0.74,0.298,0.981,0.473,0.812,0.073,0.911,0.709,0.103,0.259,0.602,0.176,0.851,0.546,0.173,0.314,0.262,0.634,0.729,0.041,0.398,0.499,0.196,0.838,0.393,0.625,0.281,0.375,0.695,0.414,0.821,0.816,0.834,0.151,0.234,0.201
-84,0.635,0.988,0.139,0.928,0.465,0.784,0.069,0.726,0.371,0.934,0.769,0.098,0.53,0.958,0.793,0.215,0.908,0.808,0.332,0.853,0.13,0.764,0.377,0.722,0.131,0.528,0.566,0.08,0.909,0.247,0.871,0.134,0.3,0.336,0.131,0.728,0.041,0.256,0.049,0.043,0.86,0.753,0.386,0.104,0.924,0.601,0.882,0.16,0.812,0.045,0.622,0.938,0.777,0.848,0.078,0.184,0.005,0.239,0.419,0.134,0.164,0.257,0.217,0.179
-82,0.115,0.285,0.52,0.223,0.972,0.707,0.167,0.785,0.085,0.571,0.608,0.653,0.174,0.612,0.478,0.125,0.633,0.502,0.134,0.432,0.884,0.632,0.81,0.047,0.85,0.546,0.574,0.536,0.06,0.805,0.385,0.121,0.743,0.942,0.792,0.457,0.068,0.442,0.427,0.917,0.419,0.737,0.786,0.818,0.701,0.662,0.705,0.941,0.106,0.987,0.156,0.171,0.563,0.744,0.621,0.253,0.604,0.189,0.998,0.063,0.409,0.349,0.056,0.277
-80,0.993,0.847,0.333,0.572,0.387,0.933,0.444,0.092,0.776,0.588,0.427,0.624,0.299,0.288,0.953,0.121,0.709,0.875,0.653,0.043,0.414,0.935,0.023,0.759,0.385,0.971,0.606,0.227,0.294,0.859,0.067,0.036,0.518,0.607,0.033,0.629,0.582,0.672,0.988,0.639,0.575,0.498,0.753,0.179,0.255,0.836,0.644,0.425,0.146,0.569,0.677,0.175,0.067,0.4,0.895,0.607,0.924,0.029,0.117,0.565,0.104,0.784,0.372,0.096
-78,0.348,0.745,0.25,0.23,0.648,0.365,0.358,0.54,0.023,0.564,0.843,0.069,0.223,0.074,0.6,0.973,0.913,0.719,0.466,0.95,0.527,0.382,0.658,0.482,0.321,0.285,0.815,0.26,0.347,0.185,0.863,0.806,0.415,0.534,0.181,0.272,0.726,0.309,0.766,0.714,0.387,0.611,0.438,0.026,0.413,0.249,0.349,0.727,0.231,0.543,0.855,0.574,0.707,0.389,0.947,0.985,0.725,0.494,0.892,0.737,0.98,0.813,0.154,0.136
-76,0.865,0.846,0.483,0.971,0.932,0.143,0.391,0.328,0.603,0.288,0.428,0.02,0.219,0.126,0.012,0.917,0.276,0.836,0.361,0.439,0.763,0.706,0.289,0.303,0.084,0.968,0.41,0.111,0.462,0.049,0.441,0.783,0.451,0.186,0.052,0.405,0.093,0.197,0.545,0.815,0.09,0.49,0.536,0.915,0.497,0.783,0.579,0.136,0.192,0.135,0.14,0.682,0.328,0.028,0.648,0.681,0.794,0.513,0.002,0.397,0.456,0.397,0.615,0.928
-74,0.742,0.677,0.643,0.292,0.496,0.399,0.803,0.626,0.02,0.036,0.895,0.443,0.715,0.766,0.633,0.893,0.129,0.9,0.294,0.629,0.13,0.601,0.186,0.804,0.216,0.818,0.805,0.247,0.516,0.129,0.367,0.868,0.901,0.666,0.397,0.656,0.655,0.473,0.378,0.656,0.261,0.683,0.695,0.484,0.279,0.754,0.057,0.727,0.292,0.361,0.32,0.359,0.325,0.974,0.766,0.727,0.987,0.424,0.805,0.148,0.72,0.914,0.363,0.047
-72,0.972,0.736,0.156,0.357,0.097,0.701,0.15,0.808,0.745,0.52,0.55,0.646,0.849,0.327,0.337,0.878,0.538,0.141,0.64,0.752,0.208,0.268,0.674,0.712,0.838,0.61,0.414,0.14,0.706,0.316,0.756,0.844,0.422,0.513,0.167,0.183,0.288,0.466,0.657,0.021,0.692,0.818,0.47,0.584,0.592,0.25,0.02,0.67,0.069,0.645,0.355,0.958,0.224,0.778,0.133,0.894,0.009,0.23,0.508,0.633,0.894,0.801,0.733,0.109
-70,0.887,0.058,0.629,0.279,0.644,0.205,0.963,0.655,1.0,0.305,0.992,0.854,0.433,0.86,0.484,0.883,0.693,0.093,0.777,0.574,0.312,0.991,0.16,0.639,0.514,0.928,0.938,0.434,0.632,0.03,0.773,0.036,0.802,0.176,0.277,0.639,0.707,0.457,0.487,0.686,0.757,0.388,0.85,0.386,0.403,0.269,0.415,0.612,0.995,0.204,0.425,0.548,0.619,0.002,0.97,0.462,0.446,0.477,0.464,0.427,0.803,0.839,0.529,0.329
-68,0.835,0.776,0.223,0.572,0.989,0.235,0.428,0.328,0.585,0.061,0.742,0.9,0.662,0.867,0.248,0.867,0.184,0.877,0.521,0.866,0.975,0.822,0.398,0.435,0.827,0.873,0.26,0.876,0.577,0.34,0.092,0.205,0.747,0.841,0.816,0.004,0.215,0.771,0.792,0.985,0.382,0.869,0.214,0.033,0.22,0.105,0.453,0.982,0.815,0.059,0.837,0.871,0.032,0.855,0.396,0.685,0.805,0.148,0.137,0.318,0.611,0.634,0.174,0.148
-66,0.144,0.427,0.893,0.323,0.429,0.599,0.836,0.942,0.407,0.11,0.831,0.329,0.684,0.171,0.291,0.429,0.243,0.321,0.317,0.684,0.596,0.233,0.737,0.69,0.403,0.216,0.614,0.047,0.839,0.291,0.15,0.084,0.736,0.642,0.122,0.642,0.097,0.254,0.058,0.434,0.265,0.2,0.602,0.827,0.708,0.854,0.895,0.422,0.533,0.721,0.959,0.479,0.447,0.305,0.376,0.568,0.888,0.799,0.328,0.098,0.334,0.683,0.884,0.269
-64,0.287,0.541,0.064,0.131,0.719,0.185,0.39,0.249,0.972,0.2,0.172,0.845,0.359,0.839,0.959,0.469,0.809,0.459,0.79,0.403,0.73,0.415,0.611,0.388,0.835,0.25,0.821,0.127,0.292,0.889,0.626,0.171,0.823,0.501,0.032,0.087,0.414,0.091,0.962,0.824,0.549,0.955,0.146,0.386,0.18,0.115,0.23,0.175,0.471,0.196,0.677,0.804,0.351,0.782,0.467,0.873,0.024,0.099,0.504,0.594,0.675,0.733,0.982,0.97
-62,0.9,0.859,0.216,0.898,0.495,0.547,0.751,0.717,0.566,0.517,0.972,0.108,0.614,0.92,0.983,0.935,0.6,0.943,0.216,0.045,0.965,0.065,0.441,0.973,0.022,0.645,0.359,0.301,0.776,0.016,0.146,0.712,0.574,0.539,0.914,0.233,0.407,0.585,0.961,0.559,0.337,0.513,0.45,0.388,0.829,0.292,0.086,0.034,0.149,0.315,0.795,0.271,0.041,0.954,0.175,0.128,0.191,0.275,0.811,0.546,0.131,0.747,0.445,0.113
-60,0.799,0.642,0.463,0.482,0.552,0.051,0.199,0.345,0.697,0.749,0.167,0.617,0.218,0.445,0.563,0.091,0.54,0.557,0.896,0.68,0.237,0.175,0.773,0.344,0.409,0.702,0.791,0.925,0.947,0.683,0.051,0.174,0.571,0.006,0.751,0.694,0.773,0.257,0.998,0.371,0.021,0.464,0.216,0.485,0.654,0.747,0.364,0.379,0.435,0.344,0.001,0.41,0.328,0.364,0.63,0.275,0.8,0.867,0.78,0.475,0.828,0.389,0.304,0.978
-58,0.25,0.654,0.611,0.325,0.453,0.233,0.11,0.734,0.033,0.611,0.018,0.507,0.483,0.378,0.242,0.365,0.993,0.567,0.932,0.82,0.969,0.222,0.807,0.24,0.269,0.346,0.744,0.008,0.832,0.849,0.125,0.845,0.819,0.821,0.314,0.594,0.061,0.216,0.789,0.454,0.937,0.544,0.727,0.719,0.475,0.986,0.059,0.204,0.741,0.914,0.023,0.503,0.99,0.464,0.073,0.351,0.684,0.352,0.572,0.438,0.376,0.368,0.471,0.394
-56,0.114,0.51,0.958,0.183,0.564,0.215,0.222,0.316,0.549,0.864,0.037,0.98,0.672,0.445,0.753,0.853,0.808,0.199,0.499,0.07,0.492,0.8,0.566,0.475,0.496,0.281,0.343,0.826,0.41,0.2,0.185,0.96,0.681,0.62,0.315,0.57,0.121,0.37,0.449,0.456,0.23,0.951,0.866,0.366,0.738,0.833,0.55,0.469,0.494,0.229,0.323,0.315,0.229,0.891,0.788,0.447,0.687,0.949,0.123,0.443,0.506,0.242,0.205,0.543
-54,0.215,0.335,0.698,0.089,0.025,0.675,0.179,0.36,0.698,0.637,0.84,0.546,0.97,0.478,0.451,0.548,0.811,0.79,0.298,0.309,0.297,0.528,0.787,0.286,0.299,0.434,0.643,0.116,0.715,0.888,0.429,0.592,0.347,0.178,0.901,0.819,0.239,0.801,0.85,0.084,0.91,0.258,0.345,0.727,0.784,0.192,0.008,0.75,0.488,0.446,0.784,0.853,0.041,0.627,0.058,0.541,0.683,0.69,0.28,0.89,0.386,0.379,0.608,0.952
-52,0.325,0.554,0.551,0.419,0.642,0.302,0.409,0.338,0.036,0.335,0.245,0.11,0.99,0.558,0.82,0.109,0.053,0.906,0.577,0.592,0.386,0.302,0.447,0.156,0.533,0.56,0.269,0.843,0.454,0.319,0.892,0.303,0.894,0.872,0.103,0.311,0.124,0.87,0.762,0.793,0.28,0.352,0.795,0.294,0.623,0.926,0.638,0.197,0.911,0.935,0.007,0.02,0.447,0.33,0.243,0.702,0.661,0.457,0.389,0.935,0.463,0.326,0.791,0.739
-50,0.766,0.039,0.924,0.263,0.471,0.013,0.086,0.939,0.08,0.422,0.351,0.702,0.806,0.932,0.892,0.206,0.792,0.188,0.825,0.855,0.391,0.449,0.717,0.293,0.727,0.362,0.353,0.906,0.295,0.575,0.318,0.888,0.077,0.585,0.51,0.906,0.012,0.708,0.34,0.007,0.904,0.631,0.968,0.326,0.131,0.857,0.646,0.344,0.521,0.045,0.069,0.143,0.672,0.902,0.093,0.559,0.76,0.423,0.795,0.244,0.974,0.665,0.69,0.461
-48,0.694,0.688,0.945,0.116,0.23,0.667,0.716,0.529,0.97,0.776,0.018,0.348,0.17,0.36,0.527,0.946,0.256,0.002,0.371,0.91,0.672,0.46,0.402,0.416,0.857,0.497,0.457,0.739,0.847,0.706,0.13,0.685,0.63,0.054,0.097,0.45,0.102,0.98,0.964,0.516,0.455,0.509,0.444,0.507,0.091,0.282,0.198,0.98,0.534,0.172,0.513,0.851,0.975,0.399,0.438,0.215,0.508,0.086,0.242,0.941,0.611,0.589,0.736,0.23
-46,0.243,0.25,0.393,0.405,0.846,0.137,0.755,0.057,0.058,0.372,0.511,0.138,0.841,0.865,0.137,0.146,0.635,0.846,0.305,0.642,0.747,0.296,0.554,0.595,0.001,0.053,0.434,0.953,0.455,0.067,0.284,0.55,0.107,0.324,0.466,0.93,0.775,0.971,0.87,0.151,0.897,0.186,0.939,0.712,0.585,0.158,0.206,0.122,0.297,0.092,0.375,0.288,0.594,0.537,0.596,0.749,0.954,0.544,0.719,0.703,0.067,0.05,0.247,0.009
-44,0.659,0.343,0.089,0.343,0.508,0.155,0.033,0.641,0.566,0.681,0.445,0.568,0.405,0.665,0.819,0.069,0.485,0.016,0.276,0.365,0.767,0.125,0.788,0.317,0.03,0.462,0.462,0.684,0.136,0.483,0.27,0.843,0.897,0.498,0.494,0.412,0.742,0.504,0.576,0.484,0.375,0.015,0.479,0.44,0.41,0.883,0.977,0.221,0.702,0.018,0.992,0.075,0.512,0.997,0.564,0.236,0.64,0.497,0.549,0.413,0.51,0.119,0.006,0.633
-42,0.748,0.642,0.599,0.835,0.625,0.593,0.815,0.861,0.653,0.317,0.379,0.182,0.846,0.68,0.15,0.725,0.692,0.051,0.779,0.71,0.033,0.027,0.293,0.777,0.787,0.55,1.0,0.584,0.206,0.386,0.017,0.604,0.26,0.919,0.227,0.443,0.547,0.868,0.118,0.001,0.468,0.734,0.872,0.087,0.66,0.907,0.081,0.919,0.329,0.997,0.557,0.206,0.854,0.552,0.866,0.051,0.968,0.97,0.567,0.01,0.06,0.762,0.199,0.364
-40,0.023,0.998,0.071,0.069,0.369,0.501,0.257,0.399,0.133,0.125,0.632,0.978,0.336,0.847,0.419,0.71,0.571,0.438,0.419,0.78,0.886,0.996,0.263,0.82,0.074,0.853,0.586,0.832,0.711,0.663,0.821,0.405,0.415,0.524,0.487,0.433,0.661,0.81,0.923,0.87,0.356,0.502,0.463,0.375,0.911,0.615,0.405,0.479,0.69,0.762,0.89,0.687,0.725,0.744,0.024,0.211,0.372,0.347,0.148,0.151,0.84,0.423,0.027,0.742
-38,0.294,0.906,0.762,0.281,0.114,0.532,0.438,0.32,0.673,0.156,0.669,0.163,0.0,0.985,0.963,0.29,0.807,0.859,0.291,0.53,0.132,0.977,0.385,0.668,0.598,0.098,0.569,0.101,0.498,0.237,0.034,0.467,0.118,0.649,0.969,0.162,0.142,0.609,0.255,0.961,0.648,0.95,0.669,0.461,0.026,0.409,0.632,0.054,0.177,0.909,0.397,0.93,0.236,0.594,0.838,0.283,0.459,0.022,0.479,0.587,0.294,0.601,0.266,0.501
-36,0.398,0.107,0.156,0.251,0.438,0.478,0.445,0.728,0.087,0.985,0.316,0.628,0.906,0.608,0.736,0.974,0.048,0.885,0.584,0.474,0.715,0.713,0.213,0.05,0.939,0.067,0.182,0.733,0.744,0.051,0.181,0.48,0.359,0.82,0.544,0.627,0.404,0.588,0.319,0.581,0.566,0.108,0.353,0.235,0.301,0.663,0.151,0.588,0.479,0.876,0.693,0.303,0.719,0.706,0.775,0.305,0.368,0.86,0.998,0.443,0.089,0.901,0.222,0.927
-34,0.752,0.763,0.187,0.322,0.435,0.625,0.504,0.903,0.478,0.956,0.233,0.114,0.41,0.582,0.446,0.378,0.736,0.898,0.879,0.818,0.597,0.914,0.56,0.242,0.683,0.322,0.365,0.92,0.579,0.685,0.735,0.126,0.549,0.582,0.877,0.496,0.552,0.022,0.826,0.32,0.978,0.005,0.805,0.151,0.714,0.509,0.038,0.423,0.6,0.252,0.033,0.343,0.581,0.345,0.33,0.668,0.648,0.619,0.053,0.829,0.303,0.236,0.043,0.297
-32,0.521,0.389,0.76,0.736,0.762,0.298,0.421,0.942,0.272,0.074,0.407,0.04,0.237,0.946,0.756,0.877,0.578,0.063,0.689,0.933,0.223,0.937,0.979,0.34,0.475,0.22,0.885,0.982,0.45,0.664,0.41,0.156,0.628,0.492,0.276,0.877,0.348,0.03,0.319,0.01,0.083,0.708,0.174,0.801,0.963,0.508,0.993,0.784,0.659,0.68,0.843,0.954,0.103,0.391,0.425,0.561,0.385,0.179,0.41,0.652,0.28,0.292,0.367,0.8
-30,0.678,0.98,0.13,0.543,0.656,0.045,0.436,0.417,0.753,0.6,0.88,0.406,0.739,0.296,0.067,0.702,0.584,0.308,0.716,0.781,0.146,0.064,0.849,0.555,0.291,0.628,0.082,0.956,0.196,0.965,0.833,0.277,0.08,0.855,0.774,0.492,0.829,0.587,0.698,0.011,0.318,0.7,0.968,0.454,0.662,0.155,0.37,0.539,0.376,0.164,0.095,0.678,0.374,0.515,0.72,0.853,0.854,0.748,0.281,0.025,0.406,0.91,0.991,0.126
-28,0.923,0.346,0.0,0.355,0.31,0.598,0.435,0.948,0.186,0.757,0.076,0.186,0.666,0.606,0.839,0.057,0.865,0.829,0.112,0.228,0.086,0.686,0.135,0.026,0.405,0.264,0.421,0.427,0.447,0.316,0.743,0.985,0.121,0.282,0.675,0.499,0.398,0.419,0.8,0.209,0.365,0.345,0.755,0.19,0.743,0.024,0.073,0.98,0.06,0.602,0.874,0.251,0.344,0.493,0.202,0.456,0.115,0.03,0.856,0.267,0.993,0.091,0.287,0.731
-26,0.829,0.319,0.489,0.387,0.354,0.575,0.054,0.238,0.001,0.437,0.721,0.717,0.255,0.253,0.782,0.823,0.295,0.344,0.53,0.129,0.236,0.678,0.193,0.099,0.298,0.456,0.832,0.211,0.177,0.092,0.447,0.966,0.933,0.232,0.377,0.688,0.616,0.331,0.772,0.185,0.665,0.2,0.789,0.466,0.083,0.726,0.179,0.232,0.583,0.839,0.391,0.979,0.302,0.705,0.276,0.763,0.307,0.506,0.099,0.911,0.183,0.931,0.415,0.989
-24,0.716,0.949,0.798,0.916,0.66,0.549,0.676,0.122,0.249,0.418,0.864,0.668,0.548,0.186,0.788,0.397,0.568,0.07,0.801,0.458,0.945,0.079,0.942,0.148,0.097,0.532,0.207,0.102,0.499,0.563,0.388,0.933,0.359,0.138,0.779,0.179,0.085,0.213,0.237,0.629,0.132,0.829,0.005,0.959,0.817,0.916,0.101,0.505,0.422,0.846,0.202,0.919,0.511,0.526,0.132,0.398,0.95,0.763,0.796,0.666,0.987,0.457,0.331,0.615
-22,0.259,0.781,0.676,0.063,0.895,0.973,0.514,0.311,0.3,0.734,0.381,0.866,0.922,0.52,0.009,0.247,0.885,0.141,0.153,0.302,0.717,0.752,0.441,0.916,0.762,0.954,0.602,0.064,0.309,0.577,0.496,0.278,0.119,0.906,0.53,0.963,0.445,0.093,0.669,0.862,0.648,0.433,0.701,0.68,0.302,0.044,0.11,0.637,0.776,0.946,0.061,0.463,0.008,0.912,0.757,0.828,0.701,0.778,0.31,0.151,0.668,0.057,0.054,0.558
-20,0.002,0.572,0.626,0.412,0.464,0.545,0.408,0.565,0.328,0.42,0.95,0.244,0.501,0.725,0.624,0.698,0.846,0.719,0.376,0.425,0.781,0.664,0.986,0.716,0.105,0.406,0.531,0.747,0.596,0.821,0.25,0.054,0.349,0.292,0.404,0.584,0.049,0.122,0.193,0.58,0.855,0.772,0.336,0.593,0.638,0.044,0.295,0.793,0.17,0.494,0.011,0.101,0.527,0.994,0.14,0.899,0.529,0.9,0.712,0.711,0.568,0.456,0.546,0.453
-18,0.341,0.018,0.418,0.442,0.249,0.225,0.068,0.195,0.327,0.116,0.46,0.394,0.713,0.066,0.545,0.507,0.21,0.905,0.151,0.942,0.566,0.082,0.779,0.489,0.149,0.979,0.677,0.117,0.27,0.541,0.795,0.345,0.981,0.858,0.596,0.055,0.993,0.839,0.926,0.676,0.476,0.517,0.211,0.684,0.453,0.546,0.921,0.365,0.042,0.782,0.017,0.857,0.485,0.457,0.66,0.236,0.316,0.602,0.346,0.077,0.144,0.636,0.205,0.009
-16,0.474,0.704,0.572,0.626,0.352,0.675,0.849,0.731,0.016,0.682,0.754,0.631,0.905,0.517,0.913,0.217,0.169,0.596,0.252,0.138,0.923,0.489,0.643,0.331,0.045,0.003,0.149,0.144,0.525,0.521,0.071,0.074,0.199,0.247,0.969,0.254,0.909,0.96,0.302,0.006,0.007,0.574,0.391,0.986,0.812,0.778,0.555,0.545,0.287,0.31,0.849,0.014,0.581,0.089,0.797,0.319,0.705,0.434,0.804,0.346,0.577,0.043,0.136,0.86
-14,0.452,0.342,0.928,1.0,0.014,0.402,0.342,0.154,0.021,0.51,0.135,0.594,0.272,0.278,0.692,0.49,0.012,0.291,0.521,0.066,0.929,0.422,0.916,0.388,0.511,0.558,0.285,0.195,0.246,0.235,0.618,0.776,0.862,0.092,0.571,0.064,0.227,0.41,0.962,0.165,0.704,0.165,0.751,0.197,0.826,0.985,0.508,0.551,0.636,0.58,0.459,0.96,0.482,0.599,0.873,0.922,0.489,0.898,0.353,0.375,0.557,0.971,0.065,0.285
-12,0.655,0.78,0.736,0.801,0.229,0.792,0.514,0.447,0.483,0.064,0.392,0.218,0.697,0.513,0.104,0.941,0.034,0.102,0.534,0.235,0.482,0.104,0.166,0.619,0.643,0.328,0.085,0.0,0.934,0.511,0.948,0.157,0.831,0.167,0.16,0.253,0.577,0.186,0.732,0.402,0.066,0.05,0.892,0.952,0.892,0.132,0.029,0.511,0.419,0.383,0.423,0.81,0.366,0.739,0.855,0.349,0.042,0.95,0.683,0.732,0.45,0.595,0.715,0.628
-10,0.26,0.376,0.32,0.859,0.715,0.894,0.075,0.935,0.621,0.357,0.04,0.734,0.92,0.653,0.933,0.751,0.741,0.175,0.594,0.316,0.026,0.252,0.606,0.604,0.591,0.539,0.704,0.709,0.827,0.13,0.874,0.592,0.328,0.592,0.029,0.18,0.995,0.769,0.771,0.185,0.874,0.68,0.918,0.328,0.542,0.631,0.923,0.204,0.995,0.009,0.083,0.236,0.816,0.477,0.759,0.847,0.32,0.434,0.771,0.403,0.506,0.657,0.244,0.882
-8,0.706,0.897,0.526,0.15,0.966,0.186,0.28,0.022,0.823,0.527,0.223,0.647,0.368,0.641,0.842,0.24,0.724,0.154,0.646,0.998,0.313,0.669,0.827,0.046,0.835,0.251,0.709,0.437,0.673,0.569,0.688,0.79,0.347,0.046,0.788,0.631,0.238,0.233,0.142,0.306,0.92,0.007,0.384,0.07,0.679,0.482,0.703,0.208,0.814,0.169,0.752,0.981,0.264,0.373,0.456,0.563,0.583,0.267,0.401,0.827,0.491,0.977,0.151,0.163
-6,0.455,0.611,0.945,0.855,0.023,0.297,0.684,0.575,0.137,0.813,0.55,0.886,0.756,0.186,0.087,0.181,0.663,0.145,0.919,0.286,0.532,0.96,0.547,0.903,0.258,0.931,0.648,0.669,0.138,0.746,0.448,0.189,0.513,0.399,0.843,0.274,0.973,0.132,0.283,0.195,0.9,0.775,0.817,0.621,0.867,0.019,0.492,0.987,0.661,0.155,0.784,0.206,0.809,0.424,0.53,0.596,0.152,0.65,0.153,0.139,0.794,0.097,0.962,0.909
-4,0.353,0.728,0.529,0.631,0.771,0.018,0.26,0.971,0.088,0.206,0.887,0.414,0.995,0.376,0.695,0.313,0.086,0.095,0.84,0.281,0.421,0.015,0.004,0.386,0.407,0.667,0.398,0.693,0.067,0.231,0.385,0.995,0.187,0.567,0.355,0.569,0.279,0.003,0.109,0.829,0.607,0.919,0.469,0.758,0.624,0.38,0.64,0.942,0.907,0.126,0.45,0.321,0.91,0.295,0.467,0.72,0.538,0.976,0.508,0.459,0.002,0.755,0.117,0.867
-2,0.13,0.437,0.61,0.4,0.682,0.244,0.323,0.799,0.338,0.967,0.236,0.509,0.254,0.327,0.181,0.42,0.868,0.566,0.386,0.843,0.057,0.407,0.129,0.829,0.392,0.488,0.026,0.242,0.406,0.702,0.739,0.127,0.504,0.494,0.811,0.907,0.024,0.786,0.375,0.491,0.252,0.677,0.861,0.148,0.314,0.988,0.112,0.627,0.017,0.664,0.287,0.358,0.389,0.251,0.862,0.661,0.781,0.756,0.082,0.925,0.807,0.157,0.865,0.634
0,0.958,0.561,0.41,0.866,0.9,0.034,0.031,0.599,0.667,0.229,0.201,0.942,0.402,0.778,0.497,0.807,0.611,0.432,0.032,0.098,0.046,0.777,0.754,0.852,0.154,0.267,0.975,0.318,0.207,0.576,0.893,0.394,0.89,0.562,0.873,0.095,0.993,0.103,0.753,0.859,0.624,0.01,0.744,0.225,0.504,0.755,0.795,0.75,0.694,0.573,0.921,0.106,0.299,0.168,0.554,0.221,0.011,0.406,0.012,0.179,0.501,0.73,0.299,0.711
2,0.309,0.518,0.481,0.685,0.147,0.333,0.536,0.889,0.548,0.901,0.702,0.674,0.483,0.286,0.305,0.233,0.792,0.577,0.687,0.574,0.602,0.939,0.429,0.542,0.312,0.168,0.244,0.205,0.591,0.905,0.462,0.673,0.649,0.774,0.897,0.543,0.673,0.686,0.581,0.002,0.547,0.011,0.077,0.294,0.352,0.875,0.491,0.584,0.581,0.025,0.255,0.594,0.49,0.93,0.841,0.734,0.93,0.005,0.078,0.251,0.969,0.521,0.402,0.409
4,0.174,0.241,0.603,0.882,0.511,0.988,0.37,0.729,0.681,0.963,0.793,0.548,0.553,0.028,0.618,0.572,0.005,1.0,0.531,0.217,0.611,0.702,0.461,0.588,0.526,0.156,0.063,0.782,0.868,0.077,0.647,0.07,0.611,0.695,0.003,0.271,0.249,0.958,0.513,0.407,0.563,0.328,0.41,0.493,0.864,0.157,0.752,0.849,0.811,0.42,0.126,0.458,0.991,0.709,0.238,0.549,0.247,0.872,0.076,0.432,0.488,0.391,0.406,0.012
6,0.164,0.405,0.306,0.442,0.339,0.557,0.367,0.023,0.706,0.718,0.109,0.467,0.981,0.997,0.819,0.272,0.957,0.036,0.945,0.654,0.555,0.884,0.942,0.642,0.976,0.762,0.58,0.244,0.725,0.329,0.988,0.369,0.179,0.396,0.964,0.859,0.742,0.106,0.855,0.68,0.766,0.223,0.474,0.993,0.94,0.939,0.393,0.535,0.47,0.857,0.99,0.366,0.281,0.168,0.268,0.123,0.2,0.056,0.318,0.705,0.17,0.856,0.264,0.178
8,0.783,0.243,0.665,0.797,0.627,0.758,0.672,0.938,0.995,0.743,0.602,0.608,0.768,0.792,0.806,0.194,0.327,0.57,0.051,0.207,0.792,0.87,0.106,0.826,0.033,0.63,0.709,0.074,0.206,0.268,0.873,0.618,0.031,0.013,0.187,0.881,0.977,0.545,0.669,0.936,0.631,0.902,0.849,0.37,0.216,0.555,0.895,0.587,0.286,0.623,0.887,0.485,0.708,0.432,0.574,0.108,0.069,0.428,0.518,0.835,0.801,0.439,0.265,0.898
10,0.303,0.311,0.777,0.001,0.41,0.339,0.828,0.51,0.838,0.635,0.303,0.042,0.041,0.843,0.838,0.83,0.104,0.976,0.86,0.325,0.049,0.653,0.567,0.521,0.661,0.414,0.492,0.342,0.014,0.9,0.606,0.391,0.092,0.149,0.046,0.971,0.737,0.226,0.326,0.65,0.669,0.245,0.72,0.851,0.128,0.803,0.326,0.864,0.395,0.672,0.259,0.064,0.044,0.97,0.978,0.515,0.237,0.951,0.547,0.835,0.319,0.39,0.887,0.527
12,0.097,0.628,0.037,0.131,0.493,0.715,0.359,0.088,0.426,0.802,0.348,0.423,0.918,0.11,0.255,0.663,0.14,0.469,0.163,0.306,0.371,0.134,0.172,0.688,0.425,0.566,0.03,0.927,0.177,0.462,0.094,0.44,0.525,0.134,0.115,0.064,0.21,0.474,0.047,0.468,0.6,0.586,0.017,0.458,0.636,0.972,0.864,0.083,0.27,0.138,0.382,0.564,0.257,0.381,0.526,0.471,0.032,0.5,0.88,0.392,0.028,0.542,0.942,0.248
14,0.438,0.812,0.551,0.497,0.886,0.146,0.56,0.088,0.237,0.194,0.509,0.302,0.882,0.934,0.836,0.916,0.911,0.26,0.178,0.918,0.371,0.88,0.082,0.446,0.664,0.642,0.855,0.101,0.637,0.955,0.714,0.238,0.37,0.936,0.62,0.802,0.387,0.738,0.104,0.887,0.699,0.18,0.233,0.692,0.53,0.049,0.54,0.93,0.692,0.521,0.983,0.692,0.892,0.721,0.703,0.736,0.342,0.949,0.254,0.456,0.56,0.403,0.799,0.145
16,0.999,0.851,0.215,0.441,0.277,0.436,0.902,0.346,0.229,0.591,0.736,0.243,0.199,0.683,0.89,0.786,0.28,0.691,0.827,0.515,0.949,0.675,0.272,0.904,0.667,0.662,0.314,0.771,0.545,0.019,0.369,0.391,0.749,0.811,0.434,0.442,0.992,0.718,0.194,0.42,0.422,0.966,0.098,0.13,0.15,0.283,0.355,0.936,0.116,0.341,0.696,0.309,0.053,0.257,0.081,0.101,0.493,0.648,0.185,0.304,0.347,0.179,0.315,0.056
18,0.618,0.941,0.298,0.346,0.528,0.324,0.495,0.597,0.17,0.611,0.961,0.292,0.013,0.549,0.381,0.431,0.713,0.983,0.487,0.224,0.601,0.528,0.538,0.249,0.76,0.308,0.932,0.779,0.676,0.136,0.361,0.979,0.533,0.324,0.982,0.889,0.417,0.664,0.936,0.162,0.742,0.35,0.365,0.722,0.314,0.528,0.738,0.56,0.54,0.727,0.53,0.84,0.366,0.648,0.565,0.275,0.569,0.137,0.119,0.331,0.425,0.709,0.511,0.774
20,0.93,0.732,0.686,0.149,0.984,0.349,0.972,0.112,0.952,0.418,0.136,0.966,0.626,0.241,0.344,0.908,0.774,0.103,0.342,0.321,0.827,0.675,0.999,0.132,0.986,0.109,0.845,0.393,0.446,0.452,0.732,0.999,0.309,0.917,0.329,0.831,0.33,0.328,0.916,0.072,0.651,0.93,0.177,0.027,0.906,0.937,0.019,0.682,0.328,0.096,0.761,0.229,0.697,0.716,0.546,0.432,0.374,0.373,0.996,0.935,0.849,0.856,0.639,0.976
22,0.657,0.239,0.64,0.965,0.275,0.197,0.845,0.807,0.888,0.262,0.09,0.997,0.437,0.579,0.258,0.257,0.747,0.48,0.017,0.643,0.788,0.494,0.073,0.304,0.435,0.575,0.303,0.836,0.715,0.224,0.575,0.199,0.286,0.379,0.542,0.109,0.517,0.339,0.813,0.926,0.483,0.964,0.589,0.421,0.024,0.348,0.934,0.218,0.987,0.022,0.749,0.452,0.717,0.401,0.678,0.49,0.452,0.397,0.629,0.971,0.532,0.901,0.501,0.396
24,0.16,0.122,0.454,0.93,0.627,0.047,0.256,0.985,0.031,0.32,0.953,0.325,0.116,0.777,0.618,0.067,0.163,0.481,0.177,0.563,0.95,0.318,0.965,0.837,0.144,0.3,0.869,0.095,0.354,0.209,0.727,0.951,0.246,0.322,0.808,0.278,0.748,0.935,0.879,0.328,0.577,0.21,0.778,0.598,0.582,0.651,0.703,0.643,0.892,0.614,0.562,0.221,0.62,0.782,0.54,0.893,0.468,0.375,0.828,0.605,0.435,0.245,0.124,0.159
26,0.542,0.029,0.282,0.125,0.482,0.599,0.476,0.407,0.369,0.752,0.351,0.199,0.196,0.026,0.139,0.942,0.999,0.645,0.74,0.967,0.865,0.634,0.524,0.446,0.864,0.409,0.8,0.925,0.429,0.944,0.314,0.407,0.045,0.26,0.006,0.524,0.055,0.195,0.482,0.039,0.139,0.42,0.606,0.496,0.185,0.192,0.424,0.99,0.43,0.383,0.458,0.066,0.475,0.351,0.26,0.006,0.08,0.755,0.337,0.192,0.016,0.989,0.832,0.628
28,0.446,0.466,0.335,0.464,0.617,0.257,0.112,0.723,0.775,0.929,0.353,0.139,0.358,0.679,0.453,0.798,0.756,0.194,0.412,0.728,0.88,0.629,0.305,0.815,0.129,0.835,0.095,0.159,0.724,0.426,0.66,0.941,0.793,0.048,0.568,0.959,0.495,0.943,0.386,0.375,0.92,0.447,0.281,0.278,0.751,0.24,0.48,0.651,0.445,0.146,0.951,0.389,0.821,0.48,0.274,0.198,0.358,0.204,0.742,0.63,0.093,0.586,0.421,0.183
30,0.105,0.551,0.068,0.422,0.609,0.185,0.036,0.105,0.281,0.26,0.074,0.603,0.642,0.805,0.154,0.178,0.956,0.012,0.755,0.587,0.583,0.819,0.471,0.461,0.78,0.051,0.337,0.436,0.164,0.521,0.068,0.288,0.509,0.637,0.155,0.018,0.412,0.673,0.641,0.878,0.384,0.316,0.283,0.648,0.338,0.573,0.703,0.293,0.223,0.872,0.395,0.648,0.511,0.471,0.865,0.055,0.412,0.705,0.236,0.012,0.97,0.452,0.004,0.752
32,0.622,0.068,0.364,0.092,0.444,0.279,0.359,0.145,0.16,0.322,0.314,0.106,0.382,0.586,0.894,0.61,0.838,0.798,0.476,0.063,0.864,0.943,0.83,0.857,0.315,0.52,0.32,0.806,0.803,0.392,0.619,0.456,0.822,0.659,0.116,0.68,0.716,0.284,0.01,0.107,0.137,0.25,0.817,0.3,0.433,0.46,0.418,0.447,0.203,0.151,0.067,0.575,0.671,0.653,0.319,0.328,0.446,0.875,0.15,0.806,0.409,0.317,0.858,0.314
34,0.698,0.415,0.652,0.791,0.579,0.342,0.578,0.327,0.403,0.959,0.809,0.9,0.838,0.567,0.288,0.172,0.432,0.26,0.791,0.82,0.461,0.19,0.038,0.08,0.19,0.116,0.708,0.917,0.737,0.369,0.757,0.098,0.098,0.853,0.957,0.003,0.921,0.855,0.537,0.561,0.08,0.12,0.149,0.007,0.322,0.296,0.73,0.898,0.066,0.465,0.826,0.691,0.86,0.377,0.198,0.786,0.329,0.636,0.883,0.094,0.772,0.445,0.85,0.853
36,0.514,0.859,0.043,0.971,0.911,0.286,0.251,0.249,0.638,0.697,0.009,0.11,0.631,0.938,0.141,0.755,0.927,0.504,0.916,0.075,0.029,0.512,0.778,0.702,0.433,0.537,0.992,0.149,0.391,0.519,0.21,0.05,0.518,0.113,0.875,0.052,0.053,0.15,0.728,0.27,0.464,0.964,0.719,0.868,0.419,0.181,0.919,0.086,0.973,0.874,0.983,0.806,0.729,0.472,0.289,0.374,0.183,0.777,0.746,0.645,0.169,0.497,0.431,0.997
38,0.365,0.52,0.983,0.032,0.544,0.903,0.686,0.213,0.207,0.303,0.434,0.088,0.78,0.576,0.557,0.804,0.146,0.791,0.462,0.508,0.973,0.759,0.286,0.971,0.994,0.776,0.2,0.343,0.511,0.205,0.938,0.603,0.455,0.388,0.47,0.163,0.458,0.911,0.898,0.987,0.335,0.962,0.148,0.337,0.572,0.913,0.472,0.35,0.863,0.705,0.244,0.908,0.394,0.415,0.027,0.675,0.216,0.609,0.993,0.271,0.568,0.67,0.682,0.286
40,0.721,0.73,0.363,0.204,0.283,0.076,0.9,0.436,0.811,0.898,0.187,0.669,0.017,0.865,0.923,0.037,0.324,0.768,0.27,0.687,0.668,0.815,0.162,0.756,0.622,0.229,0.62,0.39,0.494,0.361,0.107,0.194,0.385,0.046,0.073,0.525,0.913,0.3,0.82,0.153,0.226,0.636,0.657,0.454,0.237,0.898,0.364,0.16,0.498,0.173,0.847,0.595,0.611,0.115,0.441,0.331,0.813,0.148,0.025,0.297,0.748,0.203,0.499,0.955
42,0.062,0.128,0.498,0.985,0.164,0.354,0.359,0.983,0.103,0.921,0.153,0.409,0.914,0.306,0.983,0.872,0.209,0.403,0.731,0.3,0.948,0.37,0.245,0.387,0.497,0.126,0.918,0.485,0.965,0.796,0.167,0.351,0.684,0.053,0.295,0.591,0.71,1.0,0.232,0.999,0.612,0.217,0.457,0.172,0.288,0.304,0.642,0.355,0.994,0.301,0.591,0.106,0.374,0.781,0.784,0.122,0.458,0.006,0.564,0.507,0.982,0.535,0.862,0.022
44,0.243,0.511,0.772,0.237,0.181,0.876,0.945,0.619,0.161,0.191,0.223,0.197,0.631,0.826,0.142,0.699,0.866,0.905,0.374,0.751,0.399,0.668,0.649,0.396,0.114,0.289,0.322,0.314,0.715,0.564,0.014,0.479,0.823,0.424,0.855,0.647,0.057,0.676,0.158,0.577,0.227,0.075,0.177,0.235,0.158,0.37,0.229,0.945,0.737,0.238,0.886,0.15,0.86,0.955,0.463,0.345,0.933,0.187,0.387,0.777,0.004,0.436,0.865,0.686
46,0.013,0.441,0.356,0.031,0.712,0.603,0.048,0.063,0.7,0.678,0.635,0.839,0.303,0.999,0.965,0.224,0.222,0.67,0.704,0.89,0.19,0.658,0.244,0.045,0.14,0.063,0.887,0.351,0.433,0.572,0.199,0.953,0.965,0.286,0.348,0.029,0.685,0.762,0.22,0.294,0.633,0.131,0.885,0.399,0.504,0.832,0.325,0.556,0.594,0.132,0.592,0.065,0.542,0.446,0.903,0.181,0.41,0.551,0.435,0.021,0.382,0.928,0.819,0.046
48,0.184,0.779,0.71,0.334,0.464,0.727,0.752,0.52,0.621,0.62,0.484,0.141,0.225,0.681,0.701,0.571,0.949,0.907,0.3,0.083,0.379,0.419,0.522,0.948,0.336,0.729,0.719,0.611,0.291,0.756,0.566,0.095,0.902,0.595,0.401,0.641,0.853,0.711,0.041,0.664,0.843,0.63,0.838,0.242,0.362,0.751,0.383,0.206,0.807,0.774,0.482,0.877,0.077,0.884,0.325,0.313,0.673,0.293,0.601,0.616,0.518,0.856,0.481,0.727
50,0.315,0.751,0.952,0.3,0.065,0.377,0.172,0.834,0.516,0.214,0.474,0.307,0.155,0.348,0.62,0.207,0.459,0.422,0.52,0.811,0.877,0.405,0.308,0.286,0.346,0.283,0.705,0.933,0.745,0.769,0.756,0.411,0.654,0.607,0.481,0.753,0.941,0.343,0.997,0.489,0.584,0.495,0.209,0.57,0.33,0.314,0.011,0.669,0.61,0.927,0.576,0.599,0.026,0.035,0.139,0.526,0.336,0.307,0.575,0.983,0.181,0.477,0.468,0.114
52,0.261,0.039,0.35,0.07,0.651,0.889,0.971,0.759,0.487,0.52,0.641,0.555,0.668,0.344,0.385,0.436,0.883,0.536,0.76,0.765,0.231,0.893,0.429,0.897,0.465,0.925,0.884,0.15,0.278,0.971,0.825,0.579,0.138,0.307,0.86,0.437,0.059,0.49,0.95,0.837,0.374,0.895,0.086,0.544,0.071,0.626,0.967,0.789,0.705,0.923,0.295,0.301,0.812,0.48,0.856,0.608,0.161,0.688,0.069,0.332,0.405,0.24,0.067,0.157
54,0.112,0.631,0.828,0.276,0.51,0.101,0.977,0.188,0.613,0.161,0.443,0.451,0.595,0.736,0.044,0.846,0.85,0.121,0.89,0.456,0.971,0.987,0.243,0.976,0.677,0.284,0.489,0.024,0.355,0.623,0.262,0.378,0.35,0.961,0.78,0.195,0.23,0.364,0.572,0.32,0.547,0.467,0.751,0.546,0.119,0.214,0.66,0.923,0.634,0.978,0.168,0.089,0.453,0.424,0.39,0.843,0.706,0.079,0.617,0.706,0.415,0.823,0.097,0.071
56,0.493,0.775,0.386,0.36,0.53,0.876,0.532,0.672,0.882,0.797,0.132,0.531,0.793,0.685,0.903,0.306,0.411,0.288,0.527,0.002,0.22,0.784,0.659,0.192,0.03,0.085,0.911,0.396,0.899,0.636,0.382,0.069,0.81,0.352,0.921,0.739,0.044,0.213,0.148,0.366,0.151,0.643,0.976,0.043,0.235,0.732,0.112,0.325,0.341,0.502,0.56,0.386,0.029,0.943,0.991,0.648,0.712,0.104,0.607,0.137,0.473,0.812,0.602,0.56
58,0.535,0.628,0.074,0.395,0.665,0.934,0.801,0.792,0.163,0.256,0.129,0.103,0.823,0.791,0.24,0.36,0.794,0.844,0.24,0.807,0.207,0.663,0.101,0.761,0.944,0.535,0.356,0.559,0.959,0.829,0.473,0.456,0.397,0.79,0.344,0.805,0.159,0.148,0.413,0.825,0.63,0.29,0.641,0.582,0.594,0.556,0.818,0.945,0.217,0.842,0.9,0.555,0.197,0.684,0.666,0.698,0.915,0.771,0.365,0.66,0.867,0.039,0.548,0.066
60,0.61,0.987,0.858,0.171,0.235,0.232,0.584,0.919,0.135,0.263,0.67,0.583,0.53,0.047,0.509,0.144,0.036,0.396,0.694,0.778,0.756,0.73,0.031,0.955,0.36,0.084,0.411,0.897,0.73,0.419,0.948,0.663,0.161,0.419,0.457,0.747,0.043,0.838,0.923,0.078,0.869,0.149,0.718,0.308,0.006,0.18,0.222,0.746,0.03,0.331,0.644,0.303,0.344,0.221,0.948,0.614,0.669,0.748,0.326,0.982,0.729,0.599,0.148,0.521
62,0.844,0.628,0.377,0.642,0.328,0.939,0.081,0.191,0.661,0.514,0.547,0.555,0.379,0.596,0.932,0.783,0.383,0.197,0.33,0.996,0.166,0.134,0.443,0.711,0.875,0.623,0.263,0.317,0.445,0.928,0.549,0.725,0.374,0.794,0.978,0.904,0.628,0.172,0.781,0.398,0.54,0.854,0.303,0.13,0.662,0.622,0.048,0.312,0.872,0.023,0.704,0.167,0.221,0.574,0.568,0.399,0.572,0.371,0.53,0.366,0.015,0.808,0.22,0.509
64,0.501,0.757,0.165,0.399,0.992,0.688,0.505,0.835,0.752,0.297,0.512,0.049,0.76,0.056,0.952,0.543,0.439,0.728,0.345,0.838,0.33,0.06,0.829,0.619,0.883,0.495,0.726,0.09,0.932,0.27,0.096,0.336,0.392,0.83,0.401,0.163,0.978,0.523,0.408,0.911,0.489,0.56,0.993,0.222,0.384,0.003,0.888,0.528,0.543,0.833,0.408,0.336,0.446,0.457,0.433,0.051,0.336,0.979,0.696,0.126,0.711,0.984,0.429,0.429
66,0.456,0.034,0.543,0.916,0.618,0.062,0.422,0.95,0.613,0.891,0.888,0.122,0.963,0.361,0.274,0.787,0.808,0.371,0.726,0.604,0.947,0.301,0.374,0.134,0.852,0.831,0.818,0.667,0.652,0.59,0.753,0.023,0.992,0.593,0.493,0.352,0.212,0.627,0.366,0.821,0.097,0.96,0.367,0.009,0.971,0.953,0.761,0.984,0.502,0.288,0.153,0.137,0.144,0.646,0.841,0.818,0.669,0.147,0.008,0.042,0.028,0.564,0.949,0.407
68,0.526,0.037,0.617,0.291,0.413,0.975,0.683,0.759,0.561,0.877,0.483,0.333,0.777,0.084,0.313,0.102,0.88,0.022,0.284,0.423,0.492,0.011,0.812,0.438,0.633,0.696,0.049,0.701,0.403,0.831,0.641,0.418,0.696,0.332,0.98,0.177,0.11,0.339,0.212,0.914,0.849,0.961,0.632,0.234,0.792,0.245,0.655,0.344,0.42,0.118,0.208,0.132,0.785,0.856,0.077,0.852,0.838,0.326,0.455,0.349,0.016,0.202,0.348,0.361
70,0.963,0.597,0.283,0.375,0.488,0.0,0.16,0.17,0.601,0.426,0.283,0.093,0.174,0.892,0.593,0.223,0.477,0.783,0.063,0.242,0.125,0.936,0.749,0.721,0.221,0.749,0.246,0.104,0.547,0.002,0.204,0.071,0.778,0.633,0.311,0.912,0.646,0.183,0.479,0.02,0.321,0.485,0.334,0.409,0.694,0.423,0.255,0.328,0.806,0.77,0.508,0.713,0.138,0.706,0.086,0.142,0.47,0.549,0.243,0.068,0.742,0.407,0.006,0.569
72,0.648,0.635,0.806,0.913,0.983,0.358,0.522,0.751,0.722,0.177,0.507,0.053,0.025,0.738,0.517,0.377,0.05,0.089,0.595,0.685,0.266,0.915,0.019,0.918,0.012,0.81,0.52,0.011,0.674,0.36,0.719,0.538,0.736,0.992,0.336,0.3,0.364,0.167,0.369,0.632,0.247,0.083,0.874,0.588,0.53,0.8,0.583,0.528,0.143,0.545,0.137,0.971,0.308,0.578,0.083,0.017,0.341,0.357,0.363,0.467,0.283,0.248,0.769,0.81
74,0.523,0.485,0.747,0.418,0.221,0.353,0.722,0.965,0.921,0.518,0.934,0.476,0.116,0.857,0.32,0.186,0.771,0.75,0.46,0.545,0.273,0.841,0.584,0.596,0.712,0.517,0.448,0.08,0.198,0.144,0.466,0.192,0.965,0.926,0.502,0.167,0.214,0.716,0.309,0.692,0.785,0.252,0.401,0.18,0.847,0.736,0.451,0.373,0.378,0.72,0.893,0.92,0.418,0.407,0.081,0.776,0.929,0.858,0.332,0.715,0.284,0.911,0.408,0.146
76,0.123,0.942,0.444,0.088,0.379,0.696,0.277,0.393,0.053,0.38,0.007,0.92,0.345,0.524,0.854,0.572,0.803,0.817,0.268,0.453,0.984,0.53,0.156,0.537,0.16,0.886,0.136,0.994,0.196,0.788,0.249,0.848,0.596,0.707,0.733,0.892,0.829,0.063,0.466,0.93,0.391,0.311,0.894,0.483,0.633,0.037,0.772,0.551,0.575,0.897,0.405,0.417,0.622,0.808,0.499,0.055,0.133,0.29,0.764,0.57,0.399,0.76,0.416,0.903
78,0.637,0.41,0.244,0.415,0.607,0.676,0.385,0.1,0.045,0.624,0.47,0.011,0.151,0.401,0.253,0.025,0.257,0.822,0.27,0.913,0.087,0.16,0.791,0.803,0.282,0.179,0.847,0.463,0.114,0.406,0.98,0.643,0.93,0.139,0.486,0.535,0.57,0.257,0.7,0.259,0.179,0.245,0.897,0.327,0.477,0.557,0.623,0.7,0.711,0.917,0.359,0.553,0.142,0.948,0.484,0.775,0.02,0.884,0.018,0.525,0.968,0.243,0.781,0.997
80,0.205,0.574,0.761,0.826,0.675,0.589,0.305,0.024,0.738,0.263,0.239,0.694,0.861,0.928,0.255,0.302,0.89,0.786,0.968,0.163,0.695,0.494,0.85,0.83,0.265,0.331,0.032,0.76,0.989,0.214,0.697,0.93,0.112,0.547,0.651,0.033,0.946,0.147,0.613,0.01,0.815,0.476,0.363,0.872,0.534,0.013,0.716,0.108,0.683,0.76,0.316,0.416,0.307,0.548,0.978,0.682,0.198,0.457,0.082,0.35,0.464,0.242,0.038,0.333
82,0.278,0.471,0.73,0.122,0.274,0.235,0.003,0.252,0.202,0.426,0.677,0.785,0.525,0.76,0.324,0.665,0.021,0.203,0.675,0.594,0.628,0.55,0.858,0.736,0.093,0.836,0.926,0.541,0.636,0.865,0.416,0.448,0.864,0.509,0.098,0.297,0.669,0.455,0.431,0.847,0.14,0.066,0.676,0.102,0.666,0.057,0.123,0.834,0.554,0.802,0.397,0.608,0.84,0.427,0.062,0.941,0.254,0.95,0.791,0.028,0.276,0.624,0.856,0.898
84,0.831,0.644,0.6,0.572,0.984,0.227,0.243,0.827,0.275,0.919,0.94,0.815,0.118,0.975,0.208,0.507,0.382,0.179,0.038,0.405,0.838,0.285,0.027,0.816,0.101,0.693,0.549,0.462,0.784,0.757,0.918,0.058,0.808,0.789,0.121,0.089,0.848,0.377,0.754,0.007,0.385,0.419,0.633,0.908,0.242,0.692,0.467,0.994,0.971,0.202,0.307,0.629,0.941,0.282,0.983,0.212,0.459,0.525,0.83,0.446,0.42,0.126,0.898,0.224
86,0.069,0.793,0.085,0.047,0.664,0.775,0.902,0.663,0.467,0.86,0.76,0.313,0.378,0.625,0.493,0.973,0.841,0.063,0.345,0.052,0.943,0.364,0.7,0.706,0.59,0.329,0.033,0.389,0.206,0.536,0.237,0.152,0.995,0.398,0.654,0.405,0.444,0.112,0.841,0.983,0.161,0.687,0.066,0.525,0.546,0.849,0.189,0.286,0.393,0.849,0.935,0.332,0.183,0.062,0.649,0.114,0.749,0.728,0.061,0.175,0.221,0.166,0.694,0.593
88,0.653,0.472,0.627,0.653,0.34,0.042,0.094,0.947,0.92,0.144,0.409,0.903,0.259,0.614,0.677,1.0,0.139,0.447,0.543,0.354,0.709,0.596,0.486,0.451,0.559,0.087,0.051,0.783,0.941,0.385,0.563,0.467,0.102,0.03,0.356,0.562,0.652,0.081,0.234,0.856,0.908,0.758,0.708,0.83,0.601,0.008,0.819,0.872,0.26,0.231,0.019,0.662,0.324,0.512,0.135,0.517,0.651,0.232,0.301,0.276,0.915,0.55,0.615,0.762
90,0.266,0.476,0.992,0.876,0.618,0.997,0.781,0.209,0.951,0.573,0.873,0.478,0.358,0.792,0.238,0.195,0.053,0.831,0.082,0.08,0.099,0.971,0.635,0.88,0.833,0.453,0.141,0.992,0.766,0.466,0.917,0.452,0.989,0.687,0.756,0.774,0.554,0.481,0.336,0.908,0.194,0.037,0.895,0.128,0.145,0.317,0.197,0.714,0.861,0.724,0.062,0.163,0.734,0.833,0.405,0.39,0.526,0.915,0.836,0.048,0.634,0.996,0.583,0.039
92,0.019,0.984,0.222,0.941,0.007,0.818,0.612,0.54,0.392,0.935,0.43,0.577,0.687,0.704,0.961,0.587,0.505,0.95,0.327,0.819,0.872,0.663,0.968,0.754,0.719,0.953,0.625,0.326,0.687,0.63,0.014,0.132,0.73,0.083,0.387,0.087,0.452,0.181,0.569,0.862,0.553,0.717,0.275,0.784,0.028,0.621,0.619,0.968,0.792,0.809,0.209,0.067,0.909,0.876,0.896,0.856,0.8,0.38,0.255,0.437,0.947,0.3,0.771,0.578
94,0.251,0.051,0.193,0.615,0.265,0.098,0.483,0.972,0.895,0.688,0.133,0.722,0.35,0.265,0.15,0.721,0.451,0.028,0.343,0.874,0.713,0.402,0.917,0.353,0.797,0.81,0.882,0.576,0.527,0.012,0.4,0.661,0.499,0.235,0.81,0.625,0.034,0.991,0.229,0.718,0.066,0.188,0.665,0.06,0.401,0.022,0.044,0.441,0.318,0.228,0.585,0.682,0.642,0.669,0.282,0.814,0.813,0.747,0.511,0.411,0.544,0.347,0.062,0.809
96,0.227,0.555,0.74,0.854,0.579,0.159,0.924,0.816,0.155,0.618,0.29,0.491,0.994,0.885,0.142,0.584,0.39,0.293,0.505,0.962,0.883,0.837,0.97,0.184,0.945,0.309,0.139,0.904,0.079,0.72,0.685,0.909,0.262,0.079,0.35,0.364,0.302,0.608,0.872,0.65,0.568,0.124,0.273,0.635,0.065,0.787,0.544,0.626,0.166,0.66,0.196,0.957,0.211,0.47,0.197,0.662,0.406,0.505,0.698,0.003,0.022,0.756,0.346,0.288
98,0.332,0.035,0.383,0.323,0.466,0.792,0.856,0.464,0.525,0.943,0.004,0.962,0.714,0.222,0.075,0.816,0.072,0.022,0.055,0.53,0.996,0.026,0.795,0.615,0.086,0.288,0.42,0.724,0.055,0.186,0.06,0.364,0.872,0.985,0.501,0.555,0.002,0.851,0.396,0.552,0.825,0.613,0.419,0.089,0.268,0.757,0.766,0.569,0.518,0.64,0.341,0.886,0.074,0.584,0.907,0.014,0.786,0.879,0.322,0.561,0.832,0.279,0.918,0.709
100,0.127,0.603,0.86,0.748,0.4,0.33,0.534,0.544,0.678,0.132,0.199,0.151,0.885,0.905,0.165,0.85,0.369,0.69,0.288,0.381,0.621,0.21,0.112,0.23,0.926,0.7,0.595,0.965,0.823,0.406,0.476,0.442,0.7,0.116,0.473,0.404,0.839,0.378,0.419,0.532,0.088,0.398,0.913,0.938,0.24,0.755,0.812,0.082,0.269,0.602,0.234,0.508,0.661,0.929,0.342,0.149,0.307,0.776,0.885,0.525,0.548,0.702,0.017,0.119
102,0.018,0.306,0.065,0.846,0.511,0.173,0.182,0.3,0.606,0.174,0.247,0.679,0.04,0.379,0.121,0.514,0.984,0.724,0.355,0.244,0.914,0.19,0.969,0.198,0.805,0.636,0.023,0.464,0.312,0.382,0.959,0.734,0.583,0.531,0.082,0.216,0.609,0.08,0.753,0.814,0.755,0.969,0.064,0.259,0.237,0.055,0.58,0.133,0.648,0.282,0.135,0.496,0.874,0.36,0.01,0.52,0.477,0.882,0.941,0.783,0.306,0.676,0.306,0.892
104,0.551,0.746,0.143,0.666,0.741,0.512,0.555,0.302,0.41,0.07,0.181,0.238,0.364,0.704,0.672,0.848,0.425,0.052,0.471,0.049,0.738,0.514,0.434,0.781,0.598,0.911,0.193,0.099,0.44,0.32,0.759,0.129,0.077,0.925,0.705,0.549,0.133,0.498,0.903,0.502,0.972,0.877,0.669,0.434,0.167,0.784,0.282,0.124,0.549,0.416,0.501,0.539,0.759,0.304,0.736,0.046,0.088,0.078,0.576,0.945,0.124,0.411,0.134,0.851
106,0.121,0.855,0.694,0.442,0.243,0.034,0.937,0.138,0.544,0.663,0.846,0.734,0.588,0.225,0.834,0.853,0.339,0.038,0.422,0.558,0.927,0.131,0.366,0.914,0.019,0.544,0.789,0.666,0.134,0.526,0.789,0.18,0.244,0.33,0.468,0.866,0.58,0.705,0.526,0.685,0.578,0.557,0.915,0.642,0.625,0.801,0.4,0.331,0.823,0.745,0.055,0.995,0.503,0.095,0.994,0.759,0.522,0.695,0.309,0.487,0.224,0.683,0.231,0.547
108,0.26,0.388,0.406,0.093,0.676,0.184,0.759,0.423,0.731,0.33,0.407,0.501,0.264,0.441,0.897,0.224,0.15,0.748,0.731,0.954,0.006,0.357,0.544,0.199,0.55,0.624,0.64,0.245,0.922,0.782,0.948,0.49,0.413,0.002,0.011,0.075,0.679,0.129,0.913,0.074,0.15,0.914,0.718,0.103,0.57,0.093,0.816,0.965,0.128,0.327,0.093,0.033,0.954,0.511,0.54,0.367,0.118,0.136,0.453,0.591,0.244,0.402,0.602,0.673
110,0.188,0.329,0.116,0.697,0.384,0.732,0.757,0.735,0.382,0.429,0.382,0.944,0.974,0.147,0.811,0.363,0.522,0.849,0.664,0.084,0.679,0.62,0.244,0.437,0.302,0.431,0.248,0.358,0.88,0.679,0.284,0.644,0.988,0.058,0.3,0.114,0.448,0.377,0.077,0.959,0.273,0.101,0.73,0.343,0.228,0.023,0.272,0.076,0.767,0.358,0.647,0.338,0.466,0.06,0.978,0.89,0.234,0.714,0.312,0.736,0.231,0.686,0.424,0.568
112,0.194,0.246,0.967,0.181,0.088,0.13,0.364,0.503,0.144,0.02,0.317,0.537,0.628,0.269,0.281,0.54,0.306,0.687,0.976,0.357,0.39,0.913,0.567,0.607,0.593,0.118,0.354,0.956,0.362,0.91,0.286,0.736,0.949,0.933,0.665,0.085,0.591,0.423,0.737,0.793,0.05,0.509,0.33,0.888,0.639,0.638,0.514,0.557,0.343,0.643,0.108,0.264,0.103,0.568,0.867,0.565,0.318,0.097,0.063,0.597,0.187,0.137,0.793,0.963
114,0.299,0.694,0.681,0.534,0.049,0.188,0.23,0.039,0.018,0.688,0.683,0.697,0.08,0.062,0.594,0.596,0.736,0.03,0.669,0.611,0.356,0.259,0.245,0.623,0.68,0.077,0.893,0.485,0.815,0.824,0.222,0.243,0.897,0.294,0.259,0.741,0.52,0.075,0.557,0.885,0.225,0.96,0.084,0.354,0.4,0.393,0.983,0.645,0.168,0.247,0.282,0.923,0.936,0.331,0.437,0.812,0.003,0.616,0.112,0.688,0.168,0.421,0.449,0.219
116,0.257,0.159,0.685,0.329,0.482,0.453,0.607,0.087,0.327,0.699,0.838,0.124,0.527,0.106,0.897,0.169,0.749,0.128,0.13,0.978,0.254,0.226,0.955,0.563,0.991,0.855,0.308,0.136,0.974,0.525,0.85,0.837,0.098,0.534,0.089,0.43,0.645,0.448,0.108,0.61,0.945,0.498,0.099,0.161,0.824,0.061,0.611,0.699,0.979,0.706,0.483,0.258,0.527,0.462,0.809,0.167,0.79,0.141,0.401,0.249,0.306,0.454,0.17,0.808
118,0.757,0.908,0.136,0.767,0.884,0.748,0.67,0.765,0.84,0.505,0.669,0.902,0.132,0.128,0.608,0.037,0.598,0.604,0.02,0.319,0.484,0.476,0.602,0.785,0.05,0.577,0.236,0.746,0.345,0.759,0.954,0.444,0.215,0.754,0.549,0.571,0.135,0.134,0.651,0.814,0.544,0.373,0.125,0.684,0.311,0.108,0.316,0.164,0.869,0.665,0.859,0.749,0.964,0.027,0.711,0.997,0.839,0.528,0.962,0.671,0.442,0.45,0.224,0.16
120,0.026,0.808,0.329,0.323,0.494,0.274,0.952,0.753,0.42,0.029,0.48,0.852,0.307,0.194,0.048,0.918,0.08,0.921,0.416,0.298,0.602,0.214,0.378,0.035,0.747,0.529,0.934,0.603,0.477,0.378,0.313,0.97,0.272,0.713,0.641,0.322,0.931,0.425,0.661,0.149,0.893,0.139,0.585,0.718,0.589,0.185,0.165,0.325,0.176,0.667,0.697,0.403,0.503,0.032,0.217,0.962,0.302,0.606,0.9,0.307,0.129,0.836,0.398,0.142
122,0.181,0.241,0.259,0.111,0.32,0.213,0.128,0.35,0.432,0.17,0.862,0.152,0.569,0.816,0.897,0.456,0.633,0.25,0.052,0.489,0.675,0.642,0.597,0.12,0.336,0.649,0.016,0.534,0.863,0.484,0.593,0.263,0.977,0.286,0.517,0.222,0.043,0.332,0.364,0.869,0.939,0.504,0.756,0.938,0.759,0.027,0.905,0.566,0.4,0.284,0.395,0.662,0.862,0.746,0.382,0.971,0.916,0.88,0.872,0.227,0.862,0.537,0.79,0.601
124,0.289,0.758,0.665,0.664,0.218,0.409,0.981,0.612,0.238,0.309,0.764,0.908,0.783,0.516,0.784,0.264,0.735,0.615,0.235,0.048,0.061,0.112,0.822,0.205,0.542,0.295,0.446,0.34,0.792,0.698,0.432,0.114,0.01,0.867,0.385,0.943,0.14,0.03,0.45,0.721,0.551,0.26,0.435,0.385,0.839,0.205,0.341,0.767,0.807,0.535,0.123,0.911,0.582,0.814,0.33,0.25,0.33,0.053,0.147,0.536,0.274,0.469,0.369,0.855
126,0.616,0.71,0.701,0.65,0.728,0.988,0.616,0.959,0.885,0.033,0.361,0.579,0.149,0.243,0.407,0.626,0.503,0.202,0.247,0.188,0.546,0.148,0.949,0.239,0.939,0.623,0.62,0.985,0.638,0.809,0.085,0.344,0.777,0.737,0.488,0.659,0.15,0.262,0.357,0.843,0.894,0.417,0.281,0.923,0.652,0.609,0.385,0.663,0.534,0.634,0.207,0.118,0.312,0.193,0.241,0.99,0.794,0.834,0.647,0.232,0.838,0.019,0.49,0.197
128,0.399,0.309,0.761,0.509,0.189,0.604,0.842,0.884,0.828,0.167,0.165,0.508,0.359,0.029,0.417,0.548,0.721,0.818,0.454,0.321,0.417,0.802,0.042,0.999,0.106,0.88,0.864,0.414,0.537,0.135,0.69,0.998,0.211,0.876,0.708,0.776,0.861,0.38,0.256,0.889,0.452,0.573,0.396,0.835,0.329,0.61,0.157,0.915,0.135,0.352,0.675,0.671,0.097,0.863,0.642,0.839,0.115,0.919,0.534,0.842,0.2,0.726,0.818,0.716
130,0.788,0.137,0.399,0.212,0.928,0.188,0.121,0.935,0.174,0.044,0.062,0.509,0.394,0.372,0.8,0.419,0.435,0.364,0.949,0.7,0.473,0.7,0.57,0.888,0.075,0.757,0.241,0.543,0.755,0.354,0.299,0.193,0.973,0.363,0.838,0.649,0.478,0.461,0.021,0.015,0.504,0.171,0.809,0.99,0.287,0.362,0.478,0.229,0.012,0.105,0.986,0.668,0.569,0.774,0.081,0.542,0.352,0.96,0.131,0.833,0.668,0.194,0.662,0.61
132,0.558,0.928,0.8,0.554,0.882,0.044,0.845,0.273,0.262,0.444,0.102,0.403,0.413,0.402,0.824,0.532,0.736,0.558,0.407,0.399,0.855,0.172,0.207,0.668,0.36,0.735,0.413,0.474,0.854,0.018,0.879,0.177,0.422,0.409,0.18,0.834,0.111,0.679,0.01,0.258,0.861,0.152,0.316,0.218,0.835,0.842,0.852,0.227,0.778,0.366,0.27,0.487,0.577,0.882,0.459,0.187,0.342,0.436,0.821,0.484,1.0,0.519,0.307,0.103
134,0.625,0.687,0.85,0.256,0.935,0.824,0.78,0.37,0.499,0.762,0.401,0.032,0.875,0.629,0.222,0.518,0.503,0.244,0.741,0.86,0.337,0.52,0.836,0.449,0.677,0.507,0.378,0.844,0.011,0.183,0.887,0.257,0.165,0.141,0.723,0.219,0.794,0.152,0.175,0.027,0.884,0.574,0.048,0.601,0.631,0.647,0.844,0.691,0.788,0.579,0.051,0.513,0.958,0.147,0.667,0.356,0.14,0.328,0.243,0.728,0.061,0.301,0.694,0.861
136,0.181,0.048,0.449,0.126,0.038,0.515,0.388,0.066,0.052,0.094,0.871,0.817,0.423,0.471,0.76,0.75,0.874,0.408,0.641,0.946,0.214,0.584,0.999,0.979,0.81,0.424,0.801,0.344,0.626,0.045,0.128,0.003,0.618,0.276,0.548,0.334,0.241,0.975,0.254,0.462,0.656,0.034,0.708,0.568,0.525,0.508,0.299,0.334,0.955,0.096,0.521,0.532,0.261,0.559,0.107,0.371,0.695,0.853,0.83,0.869,0.187,0.953,0.102,0.586
138,0.303,0.099,0.695,0.049,0.205,0.757,0.198,0.376,0.28,0.77,0.38,0.304,0.623,0.251,0.768,0.47,0.33,0.386,0.493,0.498,0.852,0.785,0.597,0.316,0.664,0.926,0.487,0.674,0.931,0.99,0.4,0.17,0.366,0.47,0.371,0.728,0.82,0.085,0.566,0.546,1.0,0.521,0.506,0.702,0.015,0.829,0.924,0.972,0.67,0.94,0.266,0.819,0.839,0.304,0.462,0.075,0.963,0.435,0.581,0.893,0.406,0.944,0.973,0.964
140,0.449,0.986,0.523,0.08,0.299,0.415,0.784,0.259,0.307,0.019,0.548,0.064,0.013,0.552,0.564,0.122,0.724,0.253,0.033,0.39,0.029,0.386,0.693,0.349,0.736,0.578,0.61,0.133,0.466,0.88,0.132,0.084,0.211,0.545,0.274,0.312,0.195,0.542,0.458,0.482,0.81,0.339,0.954,0.358,0.691,0.783,0.411,0.581,0.892,0.687,0.737,0.814,0.887,0.662,0.668,0.869,0.839,0.788,0.282,0.617,0.291,0.163,0.548,0.491
142,0.011,0.857,0.242,0.789,0.563,0.494,0.837,0.254,0.927,0.282,0.421,0.499,0.004,0.87,0.756,0.529,0.39,0.404,0.283,0.729,0.569,0.6,0.86,0.077,0.638,0.384,0.778,0.497,0.637,0.947,0.695,0.53,0.438,0.299,0.641,0.069,0.403,0.436,0.893,0.155,0.15,0.453,0.023,0.95,0.396,0.98,0.908,0.851,0.799,0.873,0.167,0.78,0.607,0.046,0.416,0.265,0.882,0.013,0.65,0.996,0.187,0.202,0.939,0.015
144,0.987,0.186,0.617,0.667,0.78,0.954,0.29,0.215,0.292,0.669,0.4,0.734,0.088,0.205,0.943,0.26,0.208,0.149,0.978,0.513,0.988,0.211,0.824,0.156,0.15,0.286,0.393,0.089,0.745,0.948,0.579,0.554,0.803,0.662,0.876,0.118,0.913,0.907,0.832,0.069,0.293,0.43,0.644,0.13,0.142,0.987,0.06,0.683,0.319,0.096,0.437,0.304,0.555,0.911,0.754,0.875,0.74,0.523,0.974,0.708,0.827,0.661,0.717,0.682
146,0.786,0.9,0.383,0.202,0.957,0.662,0.454,0.527,0.526,0.831,0.473,0.549,0.474,0.904,0.943,0.004,0.991,0.144,0.024,0.019,0.508,0.23,0.447,0.826,0.918,0.939,0.17,0.92,0.789,0.164,0.042,0.102,0.387,0.554,0.579,0.904,0.942,0.786,0.924,0.3,0.811,0.619,0.842,0.039,0.229,0.446,0.838,0.315,0.24,0.997,0.994,0.349,0.243,0.278,0.329,0.737,0.462,0.578,0.496,0.014,0.512,0.569,0.365,0.908
148,0.109,0.244,0.539,0.323,0.659,0.081,0.746,0.586,0.813,0.092,0.864,0.765,0.315,0.396,0.496,0.782,0.674,0.761,0.916,0.027,0.333,0.783,0.16,0.628,0.935,0.718,0.85,0.645,0.412,0.253,0.605,0.508,0.897,0.967,0.924,0.508,0.606,0.849,0.078,0.151,0.514,0.999,0.895,0.446,0.309,0.469,0.687,0.503,0.473,0.92,0.192,0.095,0.961,0.498,0.364,0.305,0.676,0.463,0.567,0.498,0.814,0.908,0.889,0.011
150,0.404,0.209,0.989,0.402,0.146,0.397,0.821,0.42,0.601,0.24,0.564,0.474,0.24,0.7,0.782,0.704,0.748,0.24,0.489,0.146,0.194,0.172,0.26,0.556,0.977,0.516,0.17,0.508,0.121,0.006,0.584,0.145,0.26,0.697,0.129,0.403,0.38,0.565,0.271,0.309,0.67,0.769,0.179,0.391,0.745,0.871,0.134,0.401,0.177,0.729,0.746,0.336,0.138,0.795,0.527,0.995,0.024,0.741,0.179,0.307,0.053,0.912,0.43,0.346
152,0.145,0.356,0.911,0.736,0.402,0.839,0.657,0.112,0.35,0.26,0.94,0.11,0.41,0.024,0.902,0.887,0.546,0.676,0.582,0.255,0.834,0.615,0.704,0.588,0.173,0.929,0.516,0.981,0.675,0.806,0.724,0.525,0.177,0.378,0.491,0.773,0.778,0.353,0.671,0.887,0.231,0.98,0.819,0.137,0.153,0.676,0.279,0.281,0.734,0.498,0.202,0.534,0.671,0.853,0.912,0.903,0.624,0.864,0.981,0.04,0.777,0.723,0.662,0.141
154,0.7,0.223,0.219,0.942,0.987,0.128,0.725,0.88,0.411,0.135,0.717,0.106,0.677,0.99,0.045,0.98,0.013,0.68,0.899,0.339,0.013,0.073,0.453,0.025,0.819,0.115,0.49,0.89,0.85,0.542,0.124,0.151,0.849,0.056,0.155,0.77,0.089,0.588,0.527,0.966,0.531,0.584,0.037,0.315,0.561,0.717,0.275,0.217,0.69,0.334,0.387,0.033,0.072,0.613,0.445,0.401,0.09,0.371,0.702,0.069,0.458,0.303,0.586,0.043
156,0.239,0.514,0.318,0.077,0.954,0.398,0.201,0.455,0.441,0.757,0.331,0.593,0.354,0.31,0.848,0.153,0.02,0.308,0.697,0.223,0.497,0.456,0.549,0.771,0.112,0.137,0.766,0.674,0.617,0.36,0.684,0.868,0.106,0.103,0.042,0.663,0.426,0.207,0.807,0.728,0.003,0.155,0.761,0.264,0.419,0.619,0.947,0.804,0.301,0.408,0.013,0.909,0.127,0.014,0.988,0.34,0.179,0.601,0.853,0.168,0.256,0.159,0.333,0.728
158,0.426,0.371,0.207,0.28,0.483,0.401,0.255,0.445,0.268,0.11,0.749,0.539,0.761,0.935,0.189,0.584,0.55,0.636,0.503,0.224,0.723,0.595,0.353,0.259,0.296,0.624,0.457,0.067,0.255,0.92,0.832,0.284,0.777,0.534,0.111,0.808,0.684,0.925,0.779,0.143,0.294,0.74,0.761,0.343,0.376,0.204,0.153,0.982,0.562,0.438,0.246,0.844,0.359,0.81,0.141,0.743,0.146,0.874,0.701,0.39,0.064,0.01,0.708,0.088
160,0.581,0.855,0.224,0.511,0.73,0.035,0.537,0.338,0.135,0.763,0.228,0.492,0.259,0.267,0.554,0.553,0.779,0.904,0.97,0.399,0.704,0.486,0.762,0.998,0.189,0.759,0.058,0.66,0.013,0.201,0.429,0.311,0.259,0.933,0.815,0.906,0.705,0.836,0.369,0.737,0.062,0.867,0.787,0.57,0.669,0.394,0.046,0.915,0.974,0.133,0.126,0.257,0.723,0.632,0.178,0.282,0.619,0.363,0.655,0.854,0.784,0.078,0.249,0.247
162,0.737,0.56,0.029,0.566,0.468,0.316,0.757,0.079,0.197,0.679,0.109,0.532,0.355,0.757,0.837,0.34,0.555,0.553,0.23,0.966,0.546,0.893,0.899,0.195,0.908,0.842,0.75,0.136,0.521,0.709,0.113,0.94,0.485,0.97,0.635,0.422,0.112,0.081,0.386,0.915,0.907,0.094,0.955,0.126,0.565,0.946,0.412,0.503,0.668,0.089,0.634,0.786,0.059,0.062,0.206,0.655,0.63,0.553,0.664,0.305,0.907,0.798,0.258,0.263
164,0.039,0.972,0.598,0.127,0.258,0.05,0.555,0.523,0.019,0.526,0.127,0.004,0.921,0.614,0.757,0.934,0.333,0.782,0.059,0.191,0.72,0.002,0.22,0.98,0.836,0.069,0.904,0.784,0.554,0.737,0.891,0.079,0.141,0.598,0.752,0.184,0.388,0.586,0.192,0.799,0.449,0.802,0.417,0.094,0.921,0.398,0.009,0.248,0.326,0.59,0.706,0.887,0.058,0.394,0.858,0.874,0.033,0.564,0.161,0.735,0.682,0.01,0.564,0.763
166,0.337,0.506,0.499,0.509,0.679,0.584,0.084,0.45,0.675,0.115,0.995,0.025,0.607,0.793,0.669,0.293,0.164,0.288,0.536,0.076,0.405,0.109,0.628,0.126,0.627,0.332,0.071,0.205,0.759,0.966,0.825,0.179,0.133,0.182,0.508,0.883,0.552,0.575,0.496,0.261,0.312,0.764,0.549,0.379,0.189,0.321,0.257,0.592,0.336,0.532,0.378,0.159,0.947,0.855,0.118,0.579,0.351,0.419,0.238,0.728,0.29,0.281,0.539,0.95
168,0.556,0.613,0.294,0.607,0.834,0.705,0.72,0.06,0.696,0.441,0.773,0.45,0.559,0.503,0.318,0.431,0.735,0.899,0.255,0.755,0.06,0.017,0.968,0.642,0.852,0.396,0.99,0.265,0.592,0.951,0.686,0.408,0.432,0.458,0.434,0.086,0.843,0.171,0.898,0.509,0.121,0.839,0.294,0.367,0.451,0.323,0.196,0.777,0.765,0.63,0.636,0.778,0.669,0.431,0.21,0.947,0.751,0.96,0.859,0.011,0.973,0.803,0.537,0.272
170,0.296,0.965,0.467,0.122,0.197,0.323,0.04,0.354,0.064,0.003,0.076,0.915,0.035,0.989,0.913,0.016,0.061,0.526,0.524,0.113,0.223,0.278,0.099,0.471,0.212,0.25,0.124,0.867,0.432,0.576,0.568,0.337,0.48,0.719,0.014,0.011,0.091,0.803,0.51,0.997,0.878,0.459,0.581,0.897,0.203,0.496,0.535,0.541,0.126,0.115,0.889,0.305,0.694,0.997,0.769,0.953,0.187,0.839,0.617,0.852,0.029,0.885,0.691,0.051
172,0.239,0.773,0.172,0.405,0.133,0.132,0.387,0.775,0.408,0.1,0.116,0.316,0.288,0.223,0.362,0.478,0.968,0.911,0.453,0.175,0.498,0.347,0.892,0.74,0.184,0.592,0.261,0.258,0.72,0.063,0.124,0.462,0.072,0.391,0.416,0.459,0.244,0.019,0.017,0.394,0.071,0.764,0.03,0.344,0.506,0.18,0.529,0.025,0.897,0.562,0.63,0.188,0.475,0.078,0.947,0.219,0.177,0.187,0.278,0.776,0.288,0.083,0.777,0.477
174,0.008,0.608,0.574,0.916,0.852,0.324,0.547,0.141,0.006,0.326,0.201,0.847,0.857,0.566,0.885,0.407,0.373,0.206,0.48,0.45,0.866,0.659,0.48,0.328,0.369,0.884,0.38,0.102,0.429,0.255,0.328,0.263,0.727,0.26,0.646,0.158,0.676,0.952,0.168,0.289,0.439,0.439,0.641,0.665,0.559,0.925,0.471,0.348,0.697,0.147,0.139,0.79,0.855,0.43,0.189,0.917,0.688,0.264,0.664,0.858,0.946,0.126,0.935,0.653
176,0.302,0.78,0.869,0.974,0.421,0.594,0.481,0.645,0.931,0.297,0.127,0.416,0.31,0.613,0.932,0.959,0.681,0.979,0.691,0.215,0.367,0.324,0.205,0.05,0.493,0.512,0.886,0.586,0.764,0.075,0.667,0.751,0.512,0.953,0.984,0.033,0.486,0.72,0.889,0.343,0.796,0.609,0.746,0.593,0.963,0.311,0.137,0.667,0.852,0.866,0.555,0.282,0.445,0.335,0.727,0.255,0.018,0.06,0.473,0.5,0.82,0.769,0.737,0.15
178,0.369,0.088,0.066,0.728,0.517,0.932,0.122,0.381,0.988,0.561,0.391,0.396,0.856,0.974,0.366,0.478,0.478,0.463,0.157,0.518,0.643,0.73,0.612,0.002,0.865,0.616,0.214,0.961,0.348,0.089,0.039,0.058,0.923,0.629,0.254,0.242,0.722,0.535,0.294,0.917,0.945,0.95,0.607,0.263,0.957,0.416,0.231,0.001,0.16,0.092,0.907,0.204,0.861,0.628,0.809,0.72,0.772,0.896,0.111,0.469,0.207,0.619,0.247,0.225
180,0.473,0.124,0.751,0.466,0.809,0.663,0.632,0.322,0.53,0.237,0.636,0.778,0.938,0.85,0.434,0.735,0.805,0.361,0.11,0.103,0.211,0.099,0.675,0.95,0.597,0.108,0.169,0.998,0.597,0.369,0.395,0.245,0.678,0.92,0.796,0.174,0.278,0.213,0.454,0.748,0.457,0.226,0.676,0.455,0.912,0.294,0.184,0.025,0.488,0.097,0.222,0.101,0.454,0.497,0.992,0.279,0.101,0.165,0.774,0.426,0.04,0.555,0.368,0.587
182,0.688,0.027,0.23,0.327,0.952,0.776,0.334,0.8,0.437,0.965,0.623,0.952,0.006,0.11,0.648,0.694,0.245,0.749,0.075,0.416,0.463,0.08,0.919,0.552,0.543,0.977,0.406,0.343,0.175,0.034,0.799,0.012,0.973,0.999,0.507,0.632,0.588,0.942,0.889,0.96,0.364,0.033,0.874,0.563,0.945,0.37,0.948,0.235,0.162,0.384,0.401,0.051,0.64,0.486,0.839,0.501,0.02,0.475,0.401,0.111,0.827,0.636,0.043,0.687
184,0.848,0.087,0.209,0.477,0.773,0.12,0.199,0.875,0.197,0.75,0.598,0.672,0.716,0.087,0.001,0.073,0.875,0.639,0.154,0.18,0.404,0.846,0.691,0.804,0.405,0.501,0.517,0.758,0.231,0.816,0.447,0.223,0.771,0.324,0.375,0.05,0.422,0.244,0.401,0.222,0.005,0.326,0.423,0.809,0.029,0.392,0.129,0.061,0.769,0.844,0.975,0.918,0.001,0.711,0.777,0.8,0.886,0.289,0.998,0.739,0.107,0.171,0.081,0.644
186,0.129,0.21,0.563,0.714,0.088,0.293,0.529,0.842,0.402,0.084,0.019,0.162,0.715,0.756,0.426,0.868,0.54,0.957,0.623,0.989,0.224,0.374,0.672,0.185,0.972,0.196,0.726,0.502,0.321,0.845,0.282,0.689,0.597,0.136,0.131,0.572,0.375,0.161,0.366,0.643,0.143,0.679,0.475,0.376,0.638,0.116,0.277,0.648,0.392,0.601,0.027,0.871,0.618,0.515,0.678,0.765,0.916,0.673,0.004,0.095,0.438,0.346,0.138,0.548
188,0.427,0.955,0.152,0.309,0.041,0.037,0.427,0.428,0.469,0.0,0.045,0.693,0.029,0.61,0.241,0.62,0.276,0.962,0.509,0.556,0.434,0.918,0.571,0.667,0.6,0.223,0.13,0.091,0.717,0.265,0.087,0.992,0.267,0.85,0.307,0.891,0.437,0.39,0.314,0.996,0.925,0.941,0.219,0.796,0.025,0.509,0.419,0.591,0.576,0.147,0.895,0.235,0.841,0.049,0.392,0.343,0.331,0.365,0.693,0.867,0.455,0.962,0.921,0.376
190,0.637,0.594,0.22,0.992,0.18,0.447,0.483,0.539,0.824,0.731,0.942,0.359,0.923,0.526,0.049,0.651,0.082,0.748,0.667,0.996,0.907,0.024,0.733,0.462,0.977,0.552,0.607,0.506,0.583,0.64,0.58,0.126,0.139,0.969,0.532,0.912,0.841,0.723,0.52,0.828,0.213,0.183,0.873,0.351,0.121,0.56,0.707,0.281,0.705,0.682,0.786,0.757,0.192,0.267,0.105,0.371,0.093,0.485,0.904,0.492,0.565,0.241,0.757,0.758
192,0.93,0.303,0.767,0.753,0.405,0.783,0.123,0.798,0.696,0.258,0.372,0.532,0.777,0.704,0.171,0.373,0.999,0.998,0.448,0.57,0.781,0.524,0.474,0.968,0.954,0.354,0.346,0.789,0.212,0.263,0.652,0.559,0.003,0.993,0.769,0.193,0.115,0.072,0.043,0.123,0.741,0.821,0.406,0.895,0.513,0.039,0.542,0.799,0.9,0.404,0.989,0.345,0.021,0.952,0.337,0.802,0.78,0.47,0.744,0.453,0.074,0.386,0.633,0.098
194,0.211,0.534,0.734,0.406,0.708,0.98,0.48,0.355,0.595,0.819,0.163,0.912,0.877,0.108,0.59,0.553,0.261,0.563,0.157,0.116,0.205,0.238,0.178,0.702,0.785,0.4,0.32,0.4,0.909,0.035,0.832,0.753,0.874,0.231,0.053,0.494,0.778,0.123,0.299,0.128,0.055,0.761,0.309,0.066,0.796,0.672,0.236,0.274,0.788,0.849,0.856,0.07,0.379,0.035,0.994,0.733,0.484,0.873,0.594,0.584,0.199,0.597,0.278,0.167
196,0.851,0.448,0.756,0.542,0.584,0.267,0.008,0.565,0.704,0.702,0.486,0.931,0.309,0.245,0.759,0.943,0.369,0.146,0.537,0.474,0.797,0.591,0.563,0.302,0.974,0.389,0.228,0.19,0.798,0.115,0.288,0.954,0.254,0.002,0.868,0.733,0.634,0.275,0.769,0.537,0.92,0.457,0.664,0.717,0.888,0.431,0.195,0.522,0.325,0.587,0.854,0.297,0.225,0.269,0.446,0.329,0.702,0.437,0.196,0.814,0.808,0.723,0.469,0.291
198,0.657,0.255,0.175,0.781,0.447,0.144,0.119,0.385,0.951,0.768,0.773,0.97,0.57,0.409,0.852,0.837,0.157,0.569,0.389,0.369,0.689,0.694,0.964,0.318,0.189,0.142,0.421,0.623,0.062,0.2,0.582,0.861,0.537,0.195,0.339,0.674,0.314,0.783,0.981,0.153,0.822,0.773,0.601,0.486,0.964,0.467,0.53,0.059,0.487,0.521,0.755,0.971,0.363,0.844,0.434,0.403,0.631,0.701,0.358,0.135,0.17,0.934,0.378,0.967
200,0.019,0.308,0.63,0.022,0.144,0.443,0.713,0.428,0.671,0.917,0.689,0.192,0.964,0.404,0.231,0.131,0.156,0.543,0.791,0.867,0.737,0.071,0.321,0.175,0.825,0.712,0.929,0.7,0.014,0.033,0.378,0.586,0.733,0.214,0.047,0.742,0.542,0.613,0.657,0.51,0.181,0.369,0.975,0.925,0.559,0.296,0.523,0.737,0.474,0.493,0.096,0.997,0.497,0.742,0.701,0.856,0.763,0.119,0.144,0.879,0.62,0.208,0.974,0.371
202,0.93,0.725,0.832,0.607,0.15,0.525,0.647,0.096,0.463,0.54,0.675,0.543,0.215,0.279,0.122,0.654,0.291,0.621,0.473,0.63,0.078,0.418,0.126,0.646,0.033,0.788,0.83,0.82,0.067,0.549,0.711,0.218,0.757,0.488,0.917,0.773,0.593,0.099,0.38,0.909,0.186,0.028,0.366,0.743,0.449,0.295,0.576,0.291,0.135,0.893,0.544,0.548,0.151,0.953,0.127,0.451,0.333,0.967,0.023,0.329,0.638,0.386,0.414,0.15
204,0.513,0.979,0.04,0.793,0.458,0.971,0.344,0.448,0.747,0.886,0.552,0.468,0.036,0.36,0.313,0.117,0.12,0.467,0.114,0.803,0.315,0.29,0.364,0.205,0.547,0.353,0.546,0.133,0.603,0.327,0.928,0.618,0.7,0.945,0.003,0.552,0.779,0.354,0.782,0.547,0.483,0.343,0.875,0.298,0.948,0.3,0.988,0.973,0.232,0.41,0.992,0.229,0.509,0.138,0.357,0.733,0.816,0.576,0.703,0.467,0.45,0.349,0.01,0.896
206,0.518,0.651,0.617,0.415,0.896,0.608,0.036,0.644,0.536,0.153,0.773,0.435,0.597,0.602,0.385,0.627,0.818,0.083,0.957,0.868,0.4,0.987,0.953,0.906,0.527,0.093,0.541,0.494,0.973,0.595,0.359,0.258,0.414,0.103,0.273,0.727,0.128,0.051,0.781,0.477,0.036,0.52,0.79,0.283,0.533,0.288,0.482,0.15,0.515,0.006,0.799,0.355,0.728,0.312,0.774,0.089,0.01,0.403,0.488,0.117,0.113,0.774,0.48,0.689
208,0.4,0.782,0.275,0.229,0.565,0.715,0.445,0.362,0.695,0.65,0.412,0.876,0.171,0.5,0.29,0.179,0.296,0.596,0.215,0.623,0.981,0.931,0.306,0.986,0.088,0.169,0.072,0.722,0.858,0.157,0.547,0.645,0.902,0.062,0.324,0.821,0.166,0.459,0.218,0.262,0.241,0.483,0.872,0.862,0.108,0.377,0.149,0.027,0.926,0.677,0.328,0.502,0.824,0.807,0.653,0.372,0.158,0.773,0.974,0.399,0.622,0.947,0.308,0.056
210,0.038,0.772,0.934,0.059,0.877,0.29,0.671,0.17,0.1,0.286,0.059,0.179,0.995,0.744,0.463,0.577,0.945,0.189,0.852,0.94,0.852,0.071,0.635,0.876,0.605,0.011,0.611,0.954,0.586,0.092,0.497,0.584,0.487,0.422,0.168,0.263,0.098,0.748,0.308,0.005,0.219,0.232,0.129,0.602,0.804,0.396,0.071,0.215,0.59,0.114,0.113,0.138,0.884,0.413,0.74,0.28,0.93,0.363,0.178,0.995,0.558,0.848,0.747,0.62
212,0.519,0.439,0.486,0.098,0.568,0.598,0.894,0.724,0.885,0.543,0.523,0.668,0.645,0.041,0.523,0.077,0.862,0.369,0.136,0.89,0.186,0.866,0.149,0.958,0.2,0.217,0.466,0.312,0.45,0.625,0.143,0.898,0.084,0.046,0.802,0.366,0.138,0.166,0.141,0.45,0.055,0.525,0.93,0.078,0.389,0.239,0.029,0.791,0.79,0.566,0.485,0.241,0.071,0.018,0.595,0.712,0.05,0.466,0.516,0.999,0.72,0.755,0.119,0.868
214,0.374,0.429,0.271,0.423,0.143,0.013,0.7,0.793,0.4,0.616,0.042,0.503,0.447,0.225,0.909,0.063,0.912,0.05,0.246,0.015,0.925,0.978,0.642,0.544,0.128,0.079,0.976,0.408,0.437,0.575,0.446,0.878,0.506,0.693,0.936,0.889,0.321,0.681,0.677,0.518,0.447,0.088,0.589,0.314,0.36,0.316,0.53,0.878,0.184,0.037,0.845,0.686,0.193,0.787,0.421,0.093,0.554,0.005,0.752,0.805,0.711,0.38,0.915,0.58
216,0.592,0.038,0.905,0.945,0.665,0.594,0.344,0.091,0.052,0.572,0.247,0.217,0.165,0.299,0.681,0.54,0.99,0.919,0.017,0.141,0.536,0.048,0.279,0.335,0.695,0.212,0.618,0.637,0.364,0.797,0.572,0.904,0.221,0.909,0.766,0.638,0.474,0.032,0.803,0.593,0.496,0.874,0.637,0.643,0.746,0.425,0.025,0.615,0.026,0.412,0.542,0.679,0.744,0.779,0.606,0.326,0.013,0.064,0.226,0.472,0.491,0.439,0.279,0.72
218,0.844,0.55,0.255,0.656,0.64,0.676,0.918,0.816,0.458,0.31,0.905,0.656,0.505,0.364,0.872,0.294,0.348,0.388,0.257,0.104,0.163,0.651,0.685,0.617,0.594,0.344,0.435,0.244,0.008,0.316,0.724,0.725,0.166,0.456,0.012,0.733,0.218,0.529,0.77,0.649,0.797,0.061,0.67,0.866,0.34,0.399,0.489,0.404,0.547,0.262,0.71,0.52,0.016,0.212,0.064,0.522,0.183,0.85,0.448,0.285,0.452,0.488,0.401,0.593
220,0.876,0.546,0.35,0.13,0.713,0.002,0.444,0.727,0.603,0.67,0.239,0.202,0.734,0.496,0.43,0.874,0.932,0.7,0.135,0.857,0.125,0.297,0.262,0.814,0.909,0.41,0.109,0.082,0.45,0.392,0.846,0.049,0.194,0.56,0.448,0.542,0.328,0.023,0.901,0.732,0.475,0.48,0.226,0.083,0.12,0.507,0.831,0.219,0.813,0.674,0.434,0.461,0.493,0.706,0.848,0.784,0.69,0.155,0.275,0.969,0.168,0.99,0.355,0.419
222,0.204,0.744,0.342,0.854,0.843,0.417,0.642,0.738,0.458,0.69,0.677,0.124,0.433,0.757,0.028,0.226,0.747,0.962,0.497,0.468,0.356,0.5,0.749,0.431,0.512,0.631,0.389,0.1,0.52,0.136,0.341,0.412,0.377,0.064,0.701,0.021,0.729,0.685,0.353,0.851,0.254,0.806,0.723,0.948,0.163,0.06,0.476,0.254,0.594,0.888,0.429,0.715,0.26,0.593,0.067,0.407,0.353,0.649,0.055,0.542,0.212,0.604,0.948,0.99
224,0.489,0.951,0.575,0.387,0.697,0.302,0.024,0.863,0.849,0.682,0.697,0.727,0.699,0.216,0.147,0.752,0.548,0.706,0.171,0.565,0.145,0.776,0.255,0.708,0.779,0.011,0.065,0.676,0.473,0.26,0.563,0.929,0.704,0.906,0.617,0.155,0.601,0.186,0.482,0.14,0.132,0.595,0.502,0.454,0.52,0.283,0.406,0.392,0.149,0.866,0.179,0.02,0.522,0.654,0.585,0.039,0.639,0.837,0.782,0.338,0.364,0.574,0.018,0.205
226,0.42,0.511,0.784,0.394,0.013,0.486,0.374,0.502,0.202,0.016,0.593,0.826,0.758,0.552,0.355,0.344,0.299,0.936,0.794,0.142,0.394,0.991,0.267,0.86,0.064,0.33,0.356,0.24,0.389,0.457,0.849,0.613,0.258,0.438,0.622,0.15,0.935,0.316,0.158,0.54,0.576,0.354,0.725,0.965,0.101,0.502,0.293,0.371,0.269,0.984,0.12,0.607,0.206,0.751,0.273,0.478,0.299,0.472,0.487,0.917,0.907,0.442,0.17,0.592
228,0.001,0.611,0.54,0.239,0.32,0.0,0.88,0.287,0.555,0.499,0.594,0.369,0.389,0.805,0.058,0.138,0.828,0.205,0.28,0.639,0.987,0.52,0.423,0.593,0.539,0.977,0.702,0.851,0.67,0.589,0.149,0.932,0.442,0.11,0.619,0.857,0.701,0.526,0.173,0.755,0.509,0.529,0.695,0.167,0.595,0.685,0.785,0.179,0.79,0.306,0.119,0.825,0.183,0.245,0.776,0.581,0.618,0.612,0.216,0.129,0.96,0.317,0.711,0.838
230,0.625,0.466,0.919,0.357,0.232,0.063,0.513,0.774,0.021,0.76,0.799,0.671,0.174,0.995,0.831,0.481,0.896,0.106,0.805,0.545,0.125,0.832,0.551,0.331,0.463,0.397,0.349,0.447,0.332,0.601,0.413,0.367,0.047,0.255,0.038,0.435,0.386,0.885,0.178,0.77,0.075,0.341,0.76,0.301,0.146,0.291,0.945,0.789,0.587,0.518,0.641,0.473,0.057,0.746,0.577,0.852,0.023,0.466,0.181,0.793,0.848,0.647,0.307,0.704
232,0.86,0.296,0.238,0.575,0.666,0.765,0.73,0.974,0.24,0.925,0.412,0.546,0.341,0.255,0.164,0.009,0.563,0.955,0.074,0.52,0.583,0.554,0.111,0.368,0.334,0.146,0.889,0.297,0.109,0.812,0.768,0.556,0.395,0.034,0.421,0.587,0.148,0.213,0.472,0.982,0.777,0.424,0.892,0.609,0.541,0.236,0.143,0.597,0.897,0.427,0.935,0.394,0.942,0.58,0.095,0.997,0.689,0.925,0.229,0.102,0.573,0.065,0.525,0.343
234,0.016,0.386,0.776,0.569,0.628,0.625,0.461,0.642,0.278,0.207,0.735,0.328,0.897,0.385,0.56,0.666,0.841,0.711,0.079,0.51,0.122,0.238,0.553,0.842,0.198,0.736,0.232,0.03,0.315,0.714,0.097,0.17,0.152,0.735,0.572,0.833,0.648,0.017,0.915,0.159,0.111,0.968,0.088,0.629,0.519,0.43,0.398,0.456,0.298,0.939,0.807,0.6,0.737,0.194,0.907,0.153,0.303,0.925,0.505,0.119,0.941,0.129,0.337,0.338
236,0.164,0.662,0.309,0.726,0.809,0.179,0.539,0.462,0.546,0.3,0.913,0.58,0.428,0.825,0.257,0.113,0.06,0.9,0.809,0.965,0.525,0.431,0.692,0.738,0.999,0.0,0.296,0.152,0.303,0.075,0.306,0.891,0.509,0.305,0.793,0.214,0.923,0.328,0.966,0.336,0.973,0.384,0.449,0.572,0.441,0.221,0.479,0.821,0.291,0.263,0.576,0.449,0.475,0.592,0.488,0.005,0.058,0.393,0.064,0.333,0.249,0.924,0.623,0.468
238,0.553,0.381,0.749,0.405,0.622,0.696,0.672,0.899,0.711,0.528,0.144,0.613,0.942,0.931,0.247,0.633,0.809,0.946,0.744,0.048,0.058,0.784,0.631,0.336,0.952,0.454,0.485,0.953,0.847,0.303,0.959,0.055,0.956,0.731,0.79,0.947,0.965,0.802,0.271,0.92,0.86,0.87,0.344,0.659,0.416,0.413,0.306,0.947,0.767,0.392,0.915,0.359,0.363,0.704,0.532,0.345,0.38,0.475,0.246,0.342,0.035,0.233,0.432,0.667
240,0.136,0.372,0.689,0.771,0.535,0.422,0.653,0.909,0.607,0.299,0.58,0.823,0.498,0.872,0.279,0.703,0.809,0.986,0.12,0.02,0.103,0.945,0.291,0.171,0.307,0.439,0.945,0.511,0.366,0.816,0.328,0.36,0.357,0.599,0.861,0.898,0.455,0.075,0.971,0.536,0.832,0.875,0.042,0.356,0.994,0.896,0.322,0.663,0.511,0.745,0.586,0.961,0.965,0.191,0.393,0.621,0.048,0.338,0.045,0.869,0.176,0.847,0.002,0.816
242,0.002,0.999,0.02,0.771,0.592,0.831,0.85,0.56,0.349,0.177,0.385,0.704,0.176,0.424,0.54,0.277,0.704,0.307,0.686,0.623,0.316,0.078,0.607,0.687,0.89,0.084,0.701,0.489,0.491,0.045,0.012,0.324,0.554,0.419,0.976,0.222,0.005,0.794,0.832,0.997,0.143,0.123,0.989,0.67,0.533,0.792,0.825,0.81,0.407,0.136,0.546,0.403,0.74,0.722,0.329,0.305,0.843,0.514,0.906,0.232,0.843,0.206,0.266,0.365
244,0.193,0.915,0.592,0.907,0.869,0.803,0.358,0.372,0.398,0.803,0.235,0.195,0.993,0.088,0.939,0.001,0.39,0.325,0.807,0.147,0.068,0.414,0.364,0.524,0.316,0.385,0.932,0.163,0.888,0.577,0.583,0.133,0.158,0.041,0.824,0.066,0.581,0.744,0.208,0.022,0.005,0.431,0.051,0.799,0.795,0.557,0.113,0.191,0.916,0.619,0.42,0.974,0.614,0.601,0.8,0.084,0.647,0.794,0.824,0.772,0.622,0.009,0.082,0.237
246,0.482,0.656,0.356,0.456,0.198,0.555,0.451,0.074,0.114,0.803,0.019,0.897,0.181,0.977,0.2,0.656,0.899,0.547,0.513,0.005,0.559,0.365,0.907,0.351,0.508,0.471,0.471,0.444,0.877,0.218,0.253,0.38,0.397,0.236,0.977,0.125,0.641,0.53,0.379,0.394,0.04,0.248,0.163,0.631,0.719,0.334,0.638,0.604,0.664,0.02,0.888,0.451,0.185,0.003,0.601,0.558,0.122,0.571,0.202,0.485,0.856,0.405,0.989,0.403
248,0.488,0.68,0.392,0.127,0.315,0.577,0.131,0.984,0.629,0.143,0.617,0.399,0.233,0.459,0.572,0.844,0.834,0.128,0.504,0.094,0.158,0.606,0.9,0.451,0.025,0.988,0.752,0.775,0.913,0.854,0.962,0.634,0.014,0.472,0.801,0.626,0.027,0.775,0.334,0.937,0.878,0.412,0.086,0.454,0.591,0.088,0.248,0.848,0.698,0.725,0.361,0.72,0.414,0.2,0.912,0.817,0.571,0.921,0.725,0.091,0.511,0.035,0.338,0.153
250,0.636,0.26,0.386,0.66,0.54,0.858,0.729,0.627,0.668,0.603,0.239,0.686,0.518,0.954,0.47,0.867,0.883,0.395,0.479,0.728,0.097,0.092,0.443,0.448,0.466,0.483,0.078,0.364,0.667,0.551,0.195,0.857,0.83,0.473,0.371,0.316,0.924,0.036,0.498,0.518,0.823,0.387,0.92,0.327,0.701,0.543,0.737,0.973,0.53,0.675,0.961,0.08,0.369,0.189,0.741,0.645,0.283,0.745,0.68,0.664,0.532,0.261,0.135,0.868
252,0.065,0.754,0.037,0.089,0.114,0.121,0.403,0.561,0.764,0.124,0.945,0.079,0.452,0.205,0.871,0.57,0.157,0.638,0.066,0.139,0.328,0.416,0.22,0.41,0.239,0.45,0.232,0.893,0.8,0.334,0.415,0.666,0.748,0.292,0.989,0.848,0.472,0.786,0.357,0.147,0.876,0.613,0.843,0.682,0.491,0.37,0.952,0.861,0.781,0.433,0.837,0.489,0.785,0.901,0.818,0.238,0.594,0.945,0.199,0.806,0.86,0.255,0.14,0.685
254,0.294,0.6,0.088,0.643,0.677,0.21,0.922,0.301,0.412,0.808,0.195,0.094,0.556,0.391,0.59,0.459,0.593,0.066,0.98,0.1,0.586,0.061,0.28,0.986,0.848,0.534,0.025,0.518,0.727,0.338,0.637,0.763,0.623,0.931,0.627,0.46,0.184,0.826,0.788,0.33,0.476,0.941,0.78,0.289,0.521,0.143,0.994,0.964,0.335,0.332,0.94,0.393,0.584,0.662,0.618,0.547,0.792,0.865,0.487,0.982,0.095,0.458,0.907,0.576
256,0.848,0.671,0.752,0.977,0.326,0.831,0.299,0.998,0.792,0.617,0.06,0.772,0.838,0.237,0.19,0.196,0.002,0.895,0.559,0.855,0.404,0.409,0.857,0.7,0.036,0.51,0.809,0.357,0.48,0.451,0.188,0.461,0.751,0.57,0.576,0.525,0.714,0.522,0.934,0.993,0.218,0.073,0.8,0.955,0.124,0.274,0.297,0.272,0.212,0.518,0.881,0.877,0.225,0.775,0.185,0.067,0.96,0.281,0.842,0.554,0.782,0.492,0.675,0.453
258,0.94,0.543,0.378,0.572,0.373,0.319,0.344,0.816,0.762,0.185,0.482,0.093,0.419,0.351,0.196,0.228,0.323,0.277,0.823,0.126,0.616,0.607,0.316,0.681,0.347,0.079,0.078,0.993,0.378,0.108,0.111,0.539,0.844,0.613,0.309,0.713,0.506,0.032,0.211,0.309,0.643,0.066,0.027,0.063,0.427,0.809,0.811,0.863,0.179,0.536,0.94,0.551,0.112,0.331,0.205,0.078,0.657,0.559,0.192,0.226,0.129,0.931,0.369,0.129
260,0.07,0.973,0.972,0.716,0.364,0.158,0.284,0.74,0.471,0.959,0.78,0.423,0.089,0.83,0.083,0.75,0.712,0.58,0.606,0.846,0.302,0.671,0.541,0.193,0.181,0.587,0.702,0.93,0.19,0.172,0.085,0.777,0.022,0.987,0.22,0.107,0.5,0.406,0.508,0.394,0.451,0.156,0.978,0.918,0.756,0.319,0.081,0.664,0.043,0.643,0.77,0.952,0.281,0.836,0.811,0.694,0.246,0.841,0.446,0.746,0.737,0.188,0.173,0.365
262,0.714,0.933,0.352,0.204,0.097,0.584,0.667,0.824,0.853,0.632,0.701,0.563,0.317,0.544,0.055,0.334,0.744,0.893,0.238,0.295,0.707,0.151,0.766,0.268,0.81,0.414,0.18,0.022,0.3,0.668,0.803,0.015,0.803,0.228,0.859,0.277,0.492,0.076,0.615,0.955,0.287,0.951,0.625,0.097,0.279,0.06,0.798,0.176,0.017,0.971,0.48,0.236,0.344,0.961,0.651,0.338,0.325,0.319,0.637,0.213,0.057,0.922,0.734,0.809
264,0.932,0.096,0.813,0.284,0.882,0.393,0.088,0.752,0.457,0.682,0.886,0.676,0.348,0.091,0.957,0.695,0.667,0.989,0.565,0.502,0.787,0.777,0.444,0.021,0.127,0.674,0.573,0.199,0.312,0.112,0.439,0.373,0.156,0.512,0.996,0.009,0.364,0.253,0.826,0.8,0.778,0.675,0.549,0.94,0.876,0.164,0.904,0.614,0.257,0.957,0.084,0.181,0.075,0.297,0.546,0.384,0.4,0.563,0.101,0.42,0.348,0.573,0.811,0.596
266,0.972,0.211,0.018,0.38,0.862,0.272,0.153,0.207,0.431,0.738,0.696,0.484,0.564,0.026,0.819,0.228,0.394,0.929,0.246,0.005,0.345,0.013,0.085,0.43,0.353,0.814,0.811,0.168,0.65,0.35,0.683,0.288,0.983,0.872,0.331,0.206,0.662,0.14,0.905,0.842,0.701,0.137,0.264,0.661,0.984,0.588,0.206,0.385,0.346,0.678,0.256,0.91,0.51,0.537,0.286,0.998,0.277,0.4,0.044,0.919,0.625,0.501,0.323,0.621
268,0.897,0.186,0.285,0.428,0.869,0.391,0.044,0.782,0.721,0.655,0.946,0.705,0.801,0.895,0.541,0.654,0.579,0.901,0.952,0.864,0.711,0.368,0.362,0.099,0.137,0.458,0.24,0.227,0.233,0.62,0.445,0.231,0.138,0.908,0.445,0.138,0.374,0.258,0.36,0.714,0.847,0.473,0.168,0.566,0.481,0.647,0.922,0.458,0.284,0.652,0.101,0.629,0.038,0.186,0.289,0.397,0.039,0.052,0.069,0.992,0.818,0.608,0.112,0.829
270,0.534,0.098,0.303,0.409,0.205,0.199,0.939,0.423,0.225,0.647,0.67,0.02,0.746,0.174,0.616,0.658,0.567,0.623,0.925,0.346,0.254,0.928,0.106,0.315,0.881,0.573,0.11,0.02,0.604,0.798,0.739,0.08,0.417,0.163,0.472,0.133,0.19,0.909,0.978,0.484,0.826,0.935,0.977,0.472,0.295,0.754,0.007,0.764,0.452,0.318,0.068,0.216,0.28,0.696,0.103,0.358,0.981,0.452,0.129,0.736,0.058,0.809,0.323,0.543
272,0.105,0.811,0.394,0.141,0.353,0.592,0.761,0.733,0.404,0.175,0.309,0.744,0.797,0.635,0.055,0.466,0.28,0.04,0.221,0.099,0.472,0.987,0.35,0.609,0.983,0.377,0.977,0.207,0.814,0.856,0.23,0.417,0.955,0.653,0.848,0.224,0.257,0.774,0.327,0.688,0.498,0.989,0.629,0.504,0.312,0.116,0.959,0.434,0.226,0.076,0.029,0.608,0.887,0.582,0.399,0.786,0.312,0.761,0.507,0.238,0.371,0.734,0.893,0.39
274,0.453,0.362,0.821,0.634,0.154,0.31,0.784,0.254,0.81,0.229,0.009,0.078,0.615,0.86,0.347,0.989,0.619,0.21,0.922,0.163,0.762,0.962,0.076,0.911,0.113,0.147,0.459,0.843,0.874,0.464,0.821,0.583,0.241,0.965,0.767,0.106,0.676,0.455,0.767,0.637,0.105,0.085,0.765,0.86,0.15,0.061,0.702,0.853,0.81,0.122,0.704,0.37,0.25,0.428,0.868,0.981,0.768,0.107,0.486,0.515,0.836,0.513,0.538,0.488
276,0.962,0.515,0.166,0.835,0.519,0.536,0.243,0.589,0.204,0.618,0.508,0.023,0.234,0.723,0.53,0.78,0.405,0.453,0.712,0.303,0.765,0.365,0.85,0.374,0.685,0.434,0.096,0.352,0.549,0.645,0.53,0.592,0.304,0.59,0.033,0.109,0.705,0.424,0.861,0.204,0.502,0.683,0.563,0.146,0.096,0.922,0.413,0.442,0.285,0.338,0.135,0.12,0.052,0.253,0.566,0.686,0.84,0.064,0.217,0.661,0.116,0.419,0.903,0.213
278,0.159,0.011,0.649,0.382,0.738,0.856,0.155,0.59,0.538,0.675,0.932,0.571,0.735,0.869,0.489,0.539,0.445,0.773,0.433,0.165,0.213,0.155,0.215,0.522,0.111,0.748,0.477,0.567,0.397,0.069,0.833,0.481,0.234,0.529,0.636,0.087,0.433,0.847,0.878,0.218,0.902,0.289,0.749,0.934,0.769,0.847,0.113,0.984,0.749,0.51,0.571,0.729,0.507,0.479,0.981,0.984,0.07,0.468,0.281,0.809,0.664,0.603,0.975,0.827
280,0.216,0.142,0.24,0.551,0.617,0.42,0.789,0.203,0.489,0.173,0.486,0.988,0.723,0.208,0.296,0.023,0.135,0.677,0.836,0.901,0.099,0.502,0.234,0.669,0.491,0.538,0.601,1.0,0.361,0.347,0.231,0.719,0.992,0.607,0.145,0.445,0.617,0.372,0.315,0.096,0.133,0.052,0.163,0.313,0.917,0.476,0.515,0.113,0.44,0.838,0.527,0.85,0.097,0.218,0.21,0.775,0.852,0.718,0.22,0.638,0.776,0.377,0.752,0.487
282,0.306,0.132,0.55,0.768,0.314,0.791,0.638,0.948,0.084,0.416,0.757,0.008,0.452,0.801,0.252,0.984,0.572,0.271,0.019,0.061,0.853,0.687,0.029,0.841,0.863,0.596,0.951,0.035,0.024,0.582,0.337,0.626,0.358,0.008,0.387,0.373,0.107,0.794,0.161,0.342,0.637,0.89,0.582,0.11,0.67,0.768,0.449,0.15,0.124,0.356,0.254,0.187,0.41,0.611,0.313,0.032,0.973,0.406,0.736,0.001,0.225,0.445,0.972,0.044
284,0.297,0.503,0.981,0.436,0.358,0.269,0.576,0.707,0.421,0.508,0.841,0.021,0.551,0.481,0.142,0.158,0.135,0.565,0.961,0.709,0.079,0.637,0.45,0.844,0.232,0.628,0.557,0.691,0.705,0.469,0.308,0.978,0.871,0.148,0.764,0.964,0.02,0.762,0.904,0.754,0.029,0.832,0.988,0.988,0.075,0.46,0.796,0.314,0.367,0.92,0.365,0.346,0.104,0.264,0.925,0.48,0.629,0.22,0.097,0.69,0.275,0.988,0.463,0.722
286,0.256,0.837,0.62,0.622,0.095,0.651,0.896,0.794,0.488,0.699,0.934,0.237,0.492,0.689,0.611,0.451,0.864,0.724,0.42,0.412,0.48,0.255,0.446,0.461,0.758,0.653,0.117,0.834,0.972,0.696,0.986,0.427,0.717,0.195,0.919,0.204,0.481,0.127,0.547,0.066,0.526,0.269,0.737,0.422,0.327,0.484,0.967,0.491,0.937,0.732,0.623,0.036,0.332,0.571,0.65,0.246,0.716,0.381,0.858,0.583,0.093,0.486,0.043,0.607
288,0.84,0.947,0.586,0.241,0.628,0.731,0.132,0.926,0.096,0.325,0.969,0.593,0.733,0.615,0.989,0.883,0.006,0.135,0.878,0.107,0.777,0.777,0.589,0.092,0.421,0.851,0.67,0.375,0.807,0.925,0.651,0.522,0.525,0.038,0.372,0.113,0.602,0.089,0.23,0.161,0.668,0.689,0.051,0.946,0.885,0.812,0.606,0.331,0.652,0.372,0.658,0.05,0.462,0.577,0.408,0.264,0.902,0.169,0.641,0.062,0.397,0.366,0.784,0.033
290,0.441,0.662,0.216,0.452,0.042,0.129,0.568,0.381,0.164,0.483,0.36,0.274,0.57,0.781,0.683,0.85,0.648,0.145,0.895,0.947,0.407,0.953,0.349,0.825,0.134,0.506,0.61,0.373,0.061,0.191,0.98,0.285,0.549,0.479,0.668,0.628,0.752,0.419,0.089,0.636,0.06,0.356,0.528,0.035,0.859,0.558,0.107,0.849,0.15,0.547,0.509,0.682,0.268,0.805,0.354,0.343,0.119,0.148,0.629,0.793,0.104,0.803,0.454,0.181
292,0.196,0.83,0.146,0.826,0.942,0.962,0.217,0.011,0.327,0.539,0.119,0.011,0.234,0.033,0.065,0.704,0.211,0.97,0.861,0.352,0.609,0.638,0.792,0.844,0.502,0.853,0.19,0.006,0.858,0.393,0.612,0.209,0.995,0.78,0.446,0.769,0.229,0.398,0.197,0.065,0.167,0.416,0.441,0.705,0.65,0.625,0.906,0.448,0.811,0.656,0.146,0.548,0.096,0.912,0.039,0.136,0.097,0.038,0.983,0.352,0.592,0.95,0.127,0.208
294,0.007,0.677,0.422,0.077,0.548,0.375,0.384,0.507,0.446,0.688,0.434,0.397,0.075,0.896,0.989,0.829,0.832,0.248,0.142,0.421,0.849,0.592,0.492,0.516,0.874,0.593,0.981,0.183,0.868,0.224,0.087,0.772,0.803,0.279,0.45,0.401,0.254,0.291,0.684,0.994,0.127,0.497,0.032,0.884,0.328,0.31,0.578,0.273,0.145,0.475,0.56,0.193,0.271,0.543,0.003,0.55,0.181,0.999,0.96,0.745,0.919,0.073,0.107,0.143
296,0.278,0.201,0.295,0.23,0.757,0.927,0.261,0.895,0.935,0.514,0.124,0.517,0.418,0.362,0.743,0.937,0.221,0.067,0.924,0.402,0.165,0.099,0.971,0.095,0.421,0.025,0.912,0.641,0.962,0.574,0.395,0.326,0.47,0.181,0.461,0.537,0.438,0.108,0.75,0.046,0.191,0.896,0.335,0.242,0.318,0.502,0.167,0.17,0.824,0.155,0.303,0.65,0.131,0.332,0.923,0.77,0.65,0.299,0.055,0.467,0.747,0.934,0.498,0.929
298,0.751,0.792,0.538,0.432,0.287,0.289,0.185,0.668,0.919,0.771,0.967,0.211,0.316,0.05,0.031,0.868,0.352,0.749,0.482,0.349,0.88,0.028,0.007,0.579,0.803,0.056,0.228,0.16,0.169,0.659,0.222,0.143,0.221,0.481,0.241,0.565,0.474,0.936,0.734,0.655,0.002,0.59,0.268,0.353,0.006,0.411,0.283,0.937,0.236,0.057,0.914,0.81,0.057,0.287,0.593,0.716,0.035,0.771,0.477,0.43,0.061,0.512,0.672,0.027
300,0.29,0.103,0.15,0.836,0.56,0.566,0.244,0.74,0.578,0.823,0.536,0.512,0.413,0.311,0.937,0.437,0.588,0.805,0.578,0.603,0.258,0.698,0.588,0.299,0.102,0.538,0.254,0.282,0.046,0.001,0.728,0.783,0.345,0.866,0.208,0.752,0.854,0.229,0.7,0.85,0.537,0.43,0.326,0.96,0.11,0.051,0.414,0.461,0.868,0.223,0.986,0.254,0.918,0.15,0.612,0.555,0.179,0.412,0.802,0.277,0.259,0.659,0.445,0.161
302,0.723,0.627,0.766,0.849,0.219,0.723,0.287,0.875,0.265,0.827,0.109,0.868,0.408,0.377,0.975,0.35,0.435,0.492,0.204,0.985,0.122,0.178,0.44,0.441,0.011,0.044,0.008,0.23,0.537,0.808,0.086,0.007,0.194,0.667,0.351,0.676,0.538,0.255,0.127,0.528,0.404,0.948,0.529,0.094,0.41,0.38,0.002,0.271,0.903,0.582,0.017,0.856,0.311,0.941,0.305,0.689,0.533,0.515,0.57,0.545,0.768,0.533,0.52,0.253
304,0.022,0.942,0.563,0.002,0.827,0.105,0.43,0.985,0.969,0.141,0.885,0.666,0.894,0.66,0.659,0.027,0.481,0.223,0.562,0.949,0.276,0.96,0.666,0.149,0.757,0.679,0.289,0.368,0.216,0.738,0.383,0.822,0.241,0.815,0.014,0.91,0.729,0.93,0.195,0.662,0.95,0.347,0.908,0.591,0.63,0.271,0.313,0.45,0.79,0.63,0.231,0.044,0.554,0.824,0.649,0.893,0.844,0.761,0.053,0.33,0.021,0.137,0.15,0.058
306,0.58,0.375,0.51,0.176,0.625,0.87,0.981,0.05,0.003,0.731,0.976,0.089,0.418,0.793,0.651,0.947,0.065,0.339,0.403,0.138,0.405,0.788,0.434,0.258,0.072,0.253,0.573,0.094,0.113,0.674,0.994,0.066,0.868,0.403,0.458,0.21,0.961,0.094,0.574,0.072,0.94,0.505,0.467,0.175,0.079,0.67,0.051,0.9,0.946,0.479,0.516,0.565,0.006,0.792,0.827,0.373,0.744,0.133,0.639,0.758,0.982,0.63,0.064,0.863
308,0.371,0.349,0.906,0.664,0.167,0.785,0.138,0.233,0.988,0.428,0.06,0.859,0.291,0.218,0.294,0.039,0.719,0.814,0.799,0.025,0.432,0.037,0.978,0.302,0.318,0.638,0.476,0.242,0.807,0.953,0.56,0.602,0.014,0.066,0.659,0.15,0.273,0.487,0.774,0.574,0.765,0.258,0.128,0.632,0.022,0.437,0.734,0.704,0.827,0.569,0.824,0.309,0.149,0.859,0.782,0.348,0.899,0.025,0.837,0.122,0.492,0.049,0.526,0.592
310,0.538,0.493,0.795,0.621,0.641,0.037,0.757,0.435,0.498,0.099,0.487,0.935,0.178,0.071,0.865,0.48,0.301,0.644,0.116,0.676,0.77,0.486,0.869,0.77,0.982,0.949,0.228,0.515,0.081,0.551,0.117,0.828,0.143,0.548,0.562,0.352,0.504,0.759,0.989,0.397,0.919,0.718,0.413,0.415,0.836,0.626,0.071,0.257,0.057,0.231,0.688,0.642,0.59,0.009,0.035,0.486,0.433,0.594,0.939,0.983,0.109,0.692,0.444,0.172
312,0.374,0.616,0.304,0.735,0.97,0.44,0.769,0.372,0.977,0.369,0.287,0.581,0.191,0.974,0.397,0.633,0.064,0.864,0.287,0.037,0.674,0.948,0.68,0.732,0.587,0.897,0.689,0.231,0.218,0.658,0.989,0.209,0.088,0.611,0.325,0.773,0.662,0.518,0.049,0.549,0.94,0.23,0.38,0.05,0.051,0.899,0.631,0.109,0.648,0.422,0.138,0.37,0.884,0.364,0.932,0.45,0.269,0.49,0.041,0.618,0.206,0.908,0.766,0.979
314,1.0,0.188,0.214,0.924,0.389,0.259,0.04,0.264,0.665,0.124,0.411,0.01,0.061,0.709,0.363,0.458,0.58,0.698,0.153,0.211,0.92,0.885,0.386,0.266,0.359,0.236,0.087,0.792,0.205,0.111,0.918,0.595,0.894,0.73,0.289,0.529,0.689,0.331,0.509,0.452,0.615,0.433,0.317,0.454,0.359,0.812,0.925,0.831,0.573,0.252,0.84,0.887,0.358,0.683,0.353,0.906,0.04,0.305,0.208,0.362,0.311,0.386,0.577,0.71
316,0.347,0.765,0.458,0.252,0.359,0.978,0.791,0.897,0.998,0.071,0.101,0.515,0.947,0.993,0.642,0.825,0.157,0.369,0.271,0.989,0.781,0.338,0.026,0.427,0.832,0.817,0.556,0.857,0.948,0.128,0.826,0.408,0.986,0.214,0.195,0.93,0.327,0.377,0.525,0.125,0.75,0.631,0.489,0.649,0.563,0.195,0.505,0.536,0.752,0.383,0.659,0.383,0.536,0.998,0.58,0.444,0.867,0.223,0.306,0.86,0.213,0.121,0.043,0.191
318,0.85,0.542,0.068,0.128,0.232,0.811,0.252,0.841,0.346,0.464,0.687,0.337,0.801,0.244,0.592,0.766,0.443,0.095,0.83,0.161,0.228,0.605,0.642,0.448,0.797,0.479,0.734,0.123,0.207,0.137,0.074,0.585,0.04,0.382,0.617,0.478,0.952,0.958,0.376,0.646,0.524,0.411,0.115,0.19,0.376,0.877,0.014,0.768,0.798,0.026,0.977,0.376,0.455,0.956,0.36,0.009,0.134,0.329,0.963,0.793,0.257,0.546,0.467,0.994
320,0.121,0.333,0.908,0.052,0.637,0.439,0.205,0.464,0.999,0.163,0.058,0.218,0.8,0.416,0.796,0.789,0.998,0.219,0.082,0.088,0.697,0.123,0.206,0.341,0.305,0.412,0.408,0.92,0.283,0.641,0.48,0.858,0.209,0.551,0.634,0.927,0.473,0.279,0.595,0.743,0.341,0.9,0.864,0.051,0.894,0.242,0.101,0.028,0.693,0.16,0.513,0.065,0.441,0.028,0.617,0.204,0.876,0.577,0.843,0.95,0.801,0.123,0.025,0.01
322,0.099,0.693,0.234,0.072,0.951,0.236,0.647,0.697,0.561,0.799,0.425,0.852,0.843,0.947,0.648,0.403,0.295,0.242,0.895,0.54,0.458,0.669,0.332,0.397,0.624,0.62,0.955,0.677,0.47,0.28,0.666,0.589,0.481,0.047,0.929,0.868,0.661,0.321,0.95,0.938,0.534,0.52,0.14,0.755,0.957,0.554,0.592,0.542,0.366,0.745,0.065,0.991,0.573,0.036,0.882,0.391,0.145,0.984,0.237,0.075,0.445,0.929,0.5,0.091
324,0.488,0.57,0.68,0.929,0.771,0.312,0.408,0.746,0.465,0.821,0.181,0.581,0.624,0.134,0.106,0.3,0.294,0.448,0.959,0.136,0.423,0.642,0.825,0.335,0.725,0.135,0.852,0.977,0.483,0.507,0.983,0.997,0.071,0.28,0.448,0.515,0.66,0.342,0.029,0.342,0.31,0.927,0.034,0.55,0.998,0.238,0.663,0.761,0.916,0.413,0.678,0.092,0.697,0.214,0.241,0.166,0.73,0.31,0.488,0.508,0.243,0.297,0.4,0.344
326,0.036,0.08,0.606,0.607,0.812,0.296,0.217,0.807,0.756,0.27,0.613,0.003,0.052,0.057,1.0,0.152,0.587,0.446,0.091,0.974,0.212,0.872,0.756,0.181,0.302,0.105,0.442,0.701,0.01,0.96,0.611,0.256,0.786,0.753,0.514,0.276,0.537,0.28,0.24,0.109,0.724,0.512,0.243,0.23,0.613,0.274,0.093,0.455,0.61,0.869,0.671,0.879,0.346,0.868,0.245,0.752,0.479,0.209,0.796,0.054,0.415,0.089,0.106,0.149
328,0.463,0.092,0.353,0.237,0.016,0.807,0.31,0.072,0.454,0.296,0.313,0.305,0.73,0.564,0.218,0.055,0.917,0.063,0.247,0.515,0.532,0.361,0.372,0.216,0.212,0.859,0.484,0.342,0.685,0.468,0.324,0.42,0.913,0.981,0.249,0.538,0.062,0.058,0.938,0.386,0.761,0.901,0.738,0.14,0.365,0.126,0.036,0.924,0.24,0.333,0.432,0.648,0.637,0.32,0.484,0.863,0.86,0.511,0.956,0.339,0.433,0.057,0.049,0.063
330,0.749,0.491,0.015,0.578,0.777,0.02,0.394,0.565,0.124,0.264,0.885,0.65,0.381,0.841,0.095,0.03,0.668,0.386,0.876,0.237,0.777,0.701,0.453,0.486,0.3,0.242,0.131,0.5,0.042,0.172,0.702,0.786,0.917,0.48,0.157,0.178,0.509,0.844,0.741,0.662,0.372,0.617,0.389,0.979,0.645,0.351,0.147,0.046,0.179,0.591,0.959,0.226,0.81,0.913,0.476,0.769,0.037,0.104,0.379,0.689,0.173,0.608,0.204,0.984
332,0.536,0.604,0.603,0.715,0.399,0.728,0.492,0.954,0.6,0.454,0.5,0.318,0.739,0.51,0.174,0.737,0.744,0.538,0.751,0.714,0.953,0.757,0.457,0.771,0.513,0.935,0.416,0.624,0.435,0.131,0.688,0.793,0.417,0.857,0.735,0.268,0.657,0.445,0.367,0.662,0.229,0.676,0.343,0.017,0.502,0.343,0.788,0.978,0.144,0.584,0.735,0.07,0.365,0.901,0.261,0.906,0.419,0.152,0.464,0.717,0.766,0.493,0.301,0.668
334,0.072,0.616,0.857,0.876,0.073,0.901,0.503,0.654,0.024,0.805,0.23,0.658,0.414,0.342,0.335,0.635,0.16,0.906,0.053,0.742,0.756,0.64,0.05,0.629,0.555,0.902,0.721,0.242,0.356,0.319,0.034,0.492,0.395,0.823,0.905,0.112,0.801,0.191,0.977,0.41,0.89,0.767,0.361,0.753,0.436,0.725,0.723,0.608,0.684,0.849,0.406,0.558,0.636,0.247,0.669,0.771,0.99,0.12,0.168,0.736,0.561,0.08,0.008,0.127
336,0.679,0.796,0.155,0.695,0.192,0.103,0.224,0.2,0.644,0.262,0.214,0.884,0.336,0.301,0.365,0.809,0.844,0.232,0.615,0.312,0.543,0.068,0.817,0.098,0.797,0.82,0.439,0.952,0.111,0.648,0.152,0.464,0.186,0.789,0.288,0.368,0.432,0.106,0.374,0.913,0.448,0.828,0.31,0.727,0.327,0.507,0.9,0.464,0.513,0.795,0.054,0.004,0.007,0.204,0.844,0.144,0.173,0.035,0.299,0.418,0.341,0.512,0.224,0.631
338,0.344,0.347,0.691,0.432,0.955,0.325,0.83,0.767,0.127,0.843,0.535,0.31,0.064,0.112,0.879,0.741,0.393,0.481,0.424,0.212,0.987,0.225,0.381,0.183,0.739,0.793,0.911,0.699,0.513,0.92,0.491,0.031,0.423,0.49,0.304,0.26,0.883,0.065,0.988,0.662,0.125,0.285,0.716,0.762,0.12,0.397,0.913,0.107,0.365,0.893,0.246,0.225,0.652,0.684,0.063,0.164,0.518,0.615,0.315,0.894,0.101,0.977,0.204,0.692
340,0.722,0.239,0.14,0.998,0.053,0.552,0.792,0.134,0.013,0.423,0.338,0.72,0.624,0.889,0.277,0.714,0.477,0.283,0.492,0.602,0.332,0.819,0.538,0.782,0.908,0.292,0.262,0.257,0.177,0.101,0.075,0.61,0.046,0.399,0.83,0.653,0.758,0.105,0.359,0.207,0.754,0.828,0.782,0.712,0.767,0.114,0.007,0.243,0.283,0.635,0.759,0.14,0.29,0.206,0.6,0.543,0.921,0.74,0.092,0.328,0.975,0.98,0.324,0.58
342,0.225,0.121,0.657,0.386,0.242,0.849,0.563,0.497,0.761,0.891,0.175,0.512,0.979,0.17,0.17,0.202,0.879,0.319,0.17,0.68,0.33,0.135,0.703,0.534,0.404,0.735,0.766,0.973,0.498,0.707,0.057,0.088,0.002,0.594,0.682,0.09,0.824,0.22,0.045,0.126,0.181,0.861,0.275,0.977,0.538,0.086,0.262,0.023,0.914,0.696,0.174,0.569,0.395,0.378,0.743,0.129,0.708,0.398,0.104,0.515,0.665,0.775,0.07,0.348
344,0.747,0.254,0.733,0.3,0.219,0.185,0.151,0.936,0.394,0.41,0.885,0.167,0.834,0.931,0.161,0.353,0.637,0.72,0.753,0.137,0.343,0.564,0.65,0.147,0.984,0.272,0.131,0.019,0.771,0.787,0.231,0.549,0.683,0.321,0.746,0.529,0.063,0.47,0.229,0.765,0.485,0.785,0.853,0.158,0.579,0.786,0.162,0.437,0.919,0.93,0.088,0.198,0.123,0.9,0.26,0.755,0.165,0.511,0.181,0.079,0.264,0.258,0.61,0.635
346,0.558,0.473,0.819,0.771,0.693,0.621,0.46,0.85,0.43,0.811,0.667,0.262,0.303,0.38,0.336,0.266,0.419,0.884,0.777,0.32,0.152,0.51,0.607,0.872,0.882,0.932,0.037,0.027,0.929,0.432,0.13,0.466,0.38,0.88,0.078,0.91,0.999,0.46,0.716,0.469,0.494,0.708,0.86,0.413,0.48,0.545,0.067,0.839,0.172,0.315,0.008,0.753,0.814,0.209,0.159,0.763,0.346,0.548,0.675,0.895,0.089,0.78,0.502,0.885
348,0.269,0.978,0.877,0.98,0.597,0.258,0.636,0.103,0.421,0.179,0.49,0.588,0.858,0.507,0.933,0.764,0.114,0.953,0.02,0.086,0.409,0.487,0.274,0.954,0.916,0.754,0.155,0.751,0.183,0.496,0.281,0.541,0.377,0.242,0.464,0.044,0.616,0.481,0.646,0.298,0.776,0.397,0.937,0.147,0.684,0.475,0.348,0.722,0.0,0.587,0.666,0.372,0.839,0.505,0.044,0.058,0.227,0.114,0.192,0.376,0.92,0.411,0.04,0.491
350,0.647,0.895,0.925,0.306,0.145,0.515,0.599,0.819,0.204,0.719,0.092,0.848,0.393,0.604,0.333,0.957,0.65,0.339,0.968,0.663,0.44,0.834,0.314,0.288,0.383,0.326,0.33,0.86,0.292,0.99,0.247,0.034,0.161,0.002,0.145,0.675,0.048,0.988,0.819,0.965,0.514,0.698,0.362,0.224,0.567,0.584,0.588,0.972,0.471,0.916,0.545,0.127,0.402,0.924,0.012,0.169,0.058,0.457,0.406,0.68,0.246,0.85,0.399,0.204
352,0.048,0.61,0.286,0.887,0.431,0.08,0.359,0.325,0.57,0.267,0.435,0.295,0.308,0.319,0.543,0.746,0.432,0.518,0.196,0.073,0.288,0.171,0.844,0.876,0.509,0.471,0.001,0.092,0.546,0.38,0.037,0.562,0.65,0.457,0.311,0.016,0.007,0.463,0.085,0.184,0.975,0.553,0.059,0.232,0.133,0.202,0.624,0.721,0.728,0.986,0.407,0.45,0.395,0.502,0.21,0.734,0.403,0.035,0.441,0.816,0.951,0.148,0.699,0.469
354,0.49,0.008,0.992,0.631,0.915,0.05,0.33,0.063,0.949,0.924,0.11,0.836,0.479,0.435,0.563,0.258,0.409,0.682,0.602,0.541,0.221,0.723,0.884,0.215,0.098,0.635,0.227,0.154,0.188,0.133,0.284,0.713,0.378,0.988,0.497,0.046,0.646,0.965,0.31,0.041,0.33,0.614,0.448,0.009,0.829,0.051,0.475,0.799,0.062,0.331,0.58,0.169,0.477,0.335,0.102,0.271,0.736,0.412,0.894,0.825,0.484,0.209,0.868,0.78
356,0.971,0.467,0.099,0.91,0.996,0.954,0.187,0.78,0.109,0.229,0.884,0.455,0.237,0.07,0.294,0.821,0.264,0.198,0.98,0.92,0.644,0.089,0.546,0.867,0.459,0.674,0.552,0.194,0.861,0.613,0.047,0.953,0.43,0.029,0.302,0.578,0.227,0.454,0.004,0.826,0.028,0.943,0.325,0.584,0.344,0.759,0.938,0.464,0.031,0.607,0.679,0.405,0.646,0.78,0.509,0.522,0.125,0.36,0.528,0.585,0.235,0.72,0.547,0.323
358,0.872,0.662,0.627,0.257,0.085,0.908,0.792,0.362,0.533,0.284,0.007,0.105,0.537,0.403,0.022,0.4,0.182,0.106,0.152,0.762,0.828,0.567,0.52,0.608,0.935,0.335,0.14,0.362,0.489,0.606,0.093,0.334,0.522,0.261,0.013,0.244,0.752,0.375,0.183,0.708,0.736,0.387,0.843,0.756,0.983,0.257,0.096,0.539,0.195,0.147,0.433,0.464,0.256,0.89,0.046,0.546,0.259,0.253,0.5,0.7,0.543,0.658,0.24,0.631
360,0.662,0.512,0.01,0.997,0.259,0.405,0.77,0.273,0.291,0.764,0.423,0.045,0.121,0.192,0.592,0.568,0.525,0.734,0.582,0.475,0.81,0.273,0.839,0.783,0.448,0.197,0.004,0.567,0.311,0.892,0.907,0.833,0.137,0.1,0.758,0.54,0.148,0.731,0.578,0.754,0.629,0.911,0.906,0.61,0.022,0.968,0.629,0.652,0.467,0.443,0.846,0.345,0.17,0.22,0.625,0.094,0.573,0.733,0.352,0.609,0.857,0.825,0.981,0.781
362,0.903,0.479,0.343,0.826,0.633,0.832,0.398,0.09,0.813,0.696,0.058,0.859,0.225,0.699,0.035,0.324,0.129,0.524,0.273,0.18,0.487,0.96,0.411,0.751,0.761,0.341,0.236,0.245,0.271,0.499,0.728,0.573,0.234,0.645,0.901,0.021,0.327,0.376,0.659,0.354,0.61,0.336,0.55,0.517,0.282,0.812,0.975,0.992,0.254,0.743,0.015,0.831,0.752,0.612,0.939,0.29,0.718,0.735,0.378,0.633,0.224,0.482,0.953,0.31
364,0.191,0.736,0.723,0.049,0.076,0.389,0.998,0.8,0.303,0.508,0.439,0.782,0.807,0.499,0.378,0.793,0.448,0.137,0.95,0.107,0.395,0.821,0.507,0.017,0.018,0.017,0.543,0.386,0.595,0.177,0.816,0.088,0.844,0.77,0.812,0.229,0.626,0.67,0.412,0.746,0.896,0.28,0.487,0.244,0.949,0.848,0.971,0.404,0.964,0.582,0.984,0.277,0.875,0.564,0.755,0.112,0.103,0.363,0.047,0.687,0.597,0.36,0.621,0.432
366,0.891,0.907,0.525,0.101,0.616,0.66,0.352,0.37,0.687,0.414,0.278,0.46,0.918,0.145,0.919,0.202,0.769,0.686,0.838,0.017,0.95,0.939,0.325,0.655,0.854,0.481,0.557,0.414,0.062,0.624,0.037,0.299,0.309,0.992,0.965,0.284,0.627,0.411,0.847,0.096,0.549,0.82,0.305,0.506,0.837,0.506,0.355,0.633,0.585,0.946,0.487,0.607,0.599,0.028,0.118,0.155,0.649,0.271,0.862,0.281,0.158,0.192,0.999,0.713
368,0.243,0.339,0.03,0.791,0.309,0.429,0.266,0.923,0.49,0.298,0.3,0.177,0.482,0.711,0.561,0.778,0.927,0.69,0.918,0.964,0.177,0.498,0.082,0.229,0.148,0.073,0.219,0.902,0.596,0.75,0.682,0.991,0.34,0.275,0.131,0.23,0.766,0.597,0.129,0.606,0.194,0.107,0.112,0.813,0.036,0.512,0.483,0.545,0.455,0.218,0.429,0.902,0.534,0.257,0.776,0.476,0.31,0.955,0.658,0.599,0.148,0.415,0.789,0.98
370,0.968,0.344,0.976,0.723,0.337,0.381,0.193,0.416,0.532,0.895,0.41,0.485,0.876,0.002,0.913,0.452,0.27,0.591,0.236,0.978,0.316,0.451,0.942,0.417,0.561,0.553,0.793,0.664,0.851,0.944,0.432,1.0,0.331,0.158,0.675,0.88,0.202,0.236,0.107,0.824,0.98,0.538,0.223,0.508,0.999,0.772,0.73,0.221,0.271,0.614,0.909,0.993,0.269,0.828,0.938,0.199,0.126,0.003,0.587,0.299,0.775,0.613,0.519,0.919
372,0.929,0.84,0.144,0.49,0.759,0.707,0.548,0.471,0.584,0.638,0.214,0.68,0.607,0.711,0.262,0.883,0.233,0.045,0.203,0.154,0.079,0.782,0.098,0.277,0.911,0.503,0.192,0.785,0.392,0.532,0.886,0.619,0.301,0.903,0.282,0.449,0.439,0.871,0.533,0.735,0.451,0.542,0.062,0.714,0.887,0.706,0.875,0.447,0.869,0.439,0.955,0.964,0.99,0.765,0.971,0.382,0.578,0.314,0.264,0.087,0.586,0.407,0.977,0.576
374,0.696,0.437,0.11,0.512,0.72,0.406,0.412,0.653,0.141,0.417,0.621,0.909,0.577,0.28,0.747,0.422,0.473,0.808,0.407,0.933,0.858,0.875,0.026,0.186,0.895,0.561,0.155,0.461,0.139,0.654,0.663,0.193,0.422,0.917,0.508,0.87,0.342,0.72,0.095,0.232,0.891,0.293,0.475,0.843,0.727,0.395,0.279,0.619,0.499,0.357,0.593,0.913,0.792,0.197,0.327,0.476,0.043,0.388,0.694,0.617,0.52,0.944,0.689,0.929
376,0.897,0.675,0.603,0.445,0.487,0.655,0.02,0.384,0.452,0.746,0.047,0.124,0.245,0.733,0.148,0.443,0.135,0.93,0.439,0.758,0.708,0.805,0.678,0.45,0.012,0.921,0.134,0.942,0.528,0.412,0.448,0.028,0.873,0.858,0.864,0.749,0.434,0.928,0.324,0.102,0.128,0.398,0.51,0.772,0.106,0.338,0.986,0.568,0.813,0.958,0.229,0.774,0.688,0.25,0.174,0.941,0.292,0.128,0.815,0.979,0.686,0.54,0.129,0.498
378,0.999,0.901,0.834,0.593,0.062,0.875,0.434,0.728,0.145,0.755,0.817,0.34,0.78,0.8,0.171,0.066,0.94,0.056,0.818,0.812,0.014,0.993,0.136,0.107,0.748,0.564,0.157,0.357,0.425,0.997,0.134,0.243,0.642,0.061,0.494,0.084,0.491,0.505,0.159,0.447,0.039,0.684,0.644,0.752,0.615,0.308,0.516,0.647,0.116,0.563,0.454,0.092,0.371,0.623,0.332,0.928,0.482,0.967,0.539,0.038,0.923,0.52,0.783,0.305
380,0.948,0.839,0.584,0.729,0.624,0.905,0.481,0.432,0.287,0.264,0.301,0.964,0.345,0.83,0.849,0.326,0.834,0.352,0.446,0.579,0.588,0.232,0.459,0.813,0.094,0.1,0.023,0.822,0.459,0.689,0.612,0.089,0.639,0.087,0.372,0.636,0.786,0.352,0.097,0.426,0.398,0.215,0.534,0.857,0.243,0.205,0.556,0.648,0.077,0.86,0.924,0.667,0.907,0.147,0.416,0.358,0.227,0.484,0.169,0.426,0.009,0.32,0.342,0.53
382,0.934,0.072,0.06,0.352,0.552,0.405,0.872,0.644,0.277,0.965,0.298,0.888,0.761,0.905,0.272,0.202,0.002,0.699,0.785,0.984,0.506,0.622,0.328,0.391,0.521,0.021,0.508,0.174,0.066,0.107,0.62,0.521,0.805,0.313,0.787,0.21,0.789,0.585,0.667,0.355,0.589,0.109,0.158,0.604,0.749,0.989,0.101,0.602,0.128,0.178,0.541,0.284,0.272,0.406,0.374,0.873,0.499,0.324,0.389,0.503,0.09,0.939,0.642,0.644
384,0.979,0.285,0.762,0.402,0.666,0.688,0.272,0.254,0.103,0.862,0.944,0.73,0.749,0.131,0.893,0.236,0.876,0.195,0.499,0.862,0.302,0.344,0.757,0.39,0.225,0.13,0.694,0.765,0.027,0.148,0.467,0.688,0.206,0.957,0.968,0.515,0.725,0.715,0.268,0.101,0.734,0.766,0.778,0.79,0.873,0.212,0.726,0.179,0.429,0.424,0.085,0.804,0.979,0.587,0.834,0.349,0.938,0.635,0.722,0.708,0.453,0.201,0.524,0.166
386,0.446,0.283,0.515,0.377,0.593,0.993,0.671,0.767,0.587,0.418,0.669,0.117,0.996,0.391,0.68,0.107,0.135,0.919,0.137,0.064,0.742,0.381,0.166,0.688,0.568,0.426,0.617,0.999,0.93,0.554,0.553,0.121,0.259,0.493,0.521,0.192,0.282,0.775,0.132,0.046,0.78,0.432,0.864,0.943,0.4,0.608,0.583,0.291,0.58,0.493,0.926,0.544,0.563,0.144,0.457,0.089,0.435,0.014,0.461,0.951,0.764,0.5,0.848,0.616
388,0.896,0.764,0.053,0.06,0.496,0.48,0.258,0.72,0.097,0.855,0.542,0.53,0.197,0.867,0.978,0.715,0.517,0.972,0.011,0.734,0.605,0.492,0.706,0.03,0.329,0.787,0.504,0.969,0.183,0.135,0.38,0.21,0.671,0.626,0.381,0.455,0.852,0.98,0.292,0.866,0.257,0.179,0.71,0.54,0.981,0.234,0.769,0.452,0.079,0.006,0.665,0.367,0.77,0.66,0.2,0.478,0.713,0.123,0.182,0.48,0.728,0.026,0.741,0.9
390,0.843,0.437,0.404,0.64,0.237,0.259,0.783,0.699,0.469,0.142,0.059,0.389,0.386,0.536,0.033,0.076,0.014,0.354,0.359,0.049,0.261,0.48,0.836,0.483,0.993,0.362,0.331,0.631,0.617,0.833,0.923,0.095,0.689,0.848,0.821,0.737,0.237,0.093,0.898,0.135,0.53,0.161,0.012,0.555,0.893,0.994,0.619,0.054,0.048,0.775,0.421,0.588,0.996,0.504,0.205,0.587,0.646,0.351,0.029,0.778,0.219,0.034,0.75,0.681
392,0.227,0.83,0.874,0.525,0.155,0.045,0.486,0.193,0.572,0.743,0.433,0.46,0.075,0.038,0.372,0.277,0.542,0.546,0.47,0.811,0.29,0.561,0.613,0.296,0.274,0.878,0.281,0.15,0.21,0.35,0.537,0.017,0.406,0.81,0.139,0.69,0.597,0.321,0.923,0.475,0.193,0.479,0.219,0.454,0.112,0.701,0.843,0.075,0.884,0.809,0.19,0.731,0.731,0.245,0.378,0.54,0.681,0.308,0.859,0.303,0.53,0.122,0.563,0.305
394,0.18,0.825,0.165,0.158,0.999,0.686,0.533,0.152,0.45,0.954,0.921,0.796,0.465,0.632,0.928,0.013,0.394,0.122,0.579,0.971,0.642,0.613,0.822,0.406,0.518,0.236,0.594,0.813,0.331,0.138,0.331,0.216,0.327,0.889,0.136,0.802,0.232,0.284,0.416,0.369,0.679,0.202,0.127,0.408,0.767,0.323,0.7,0.341,0.83,0.416,0.733,0.361,0.916,0.802,0.299,0.19,0.857,0.253,0.576,0.241,0.032,0.936,0.363,0.075
396,0.401,0.221,0.646,0.628,0.9,0.09,0.182,0.92,0.701,0.288,0.321,0.938,0.399,0.638,0.312,0.482,0.501,0.605,0.803,0.898,0.403,0.629,0.404,0.654,0.41,0.426,0.133,0.77,0.83,0.501,0.837,0.838,0.181,0.858,0.211,0.958,0.468,0.614,0.434,0.227,0.663,0.71,0.734,0.536,0.869,0.577,0.054,0.427,0.882,0.761,0.49,0.808,0.764,0.722,0.575,0.909,0.605,0.621,0.145,0.927,0.405,0.942,0.105,0.838
398,0.804,0.986,0.858,0.199,0.299,0.704,0.925,0.013,0.185,0.907,0.955,0.987,0.929,0.218,0.592,0.912,0.079,0.457,0.577,0.424,0.639,0.327,0.409,0.391,0.064,0.441,0.286,0.657,0.507,0.223,0.538,0.254,0.902,0.847,0.684,0.838,0.986,0.472,0.875,0.351,0.815,0.084,0.866,0.68,0.387,0.268,0.941,0.256,0.912,0.413,0.5,0.939,0.374,0.164,0.237,0.335,0.34,0.226,0.665,0.857,0.861,0.024,0.969,0.634
