time,CP6,F7,CP2,FT8,P1,PO8,P9,P4,CPz,P6,FT7,AF8,Fp2,P2,CP5,Pz,O1,FC5,F8,P5,Oz,FC3,P3,PO7,F5,FC2,TP8,CP1,TP7,POz,CP3,T8,Fp1,FC1,F10,F1,C3,T7,C1,C2,C4,FC4,C6,C5,F2,F6,AF3,PO4,P10,P8,P7,PO3,Fz,AF7,FCz,CP4,F4,AF4,Cz,FC6,F9,F3,O2,AFz
-100,0.258,0.348,0.424,0.255,0.698,0.753,0.368,0.81,0.029,0.351,0.08,0.375,0.136,0.251,0.153,0.924,0.35,0.175,0.005,0.135,0.856,0.847,0.599,0.247,0.194,0.8,0.228,0.002,0.726,0.993,0.534,0.679,0.459,0.5,0.613,0.53,0.67,0.7,0.433,0.79,0.368,0.644,0.651,0.712,0.082,0.312,0.045,0.881,0.432,0.374,0.251,0.504,0.429,0.581,0.416,0.518,0.932,0.031,0.894,0.76,0.688,0.302,0.749,0.459
-98,0.651,0.432,0.12,0.73,0.205,0.096,0.862,0.639,0.641,0.932,0.634,0.425,0.471,0.817,0.035,0.051,0.853,0.884,0.25,0.832,0.837,0.224,0.264,0.856,0.553,0.507,0.644,0.802,0.683,0.164,0.458,0.411,0.879,0.258,0.807,0.536,0.692,0.591,0.49,0.797,0.549,0.77,0.151,0.782,0.068,0.094,0.893,0.381,0.219,0.209,0.115,0.831,0.993,0.635,0.594,0.412,0.392,0.3,0.178,0.076,0.547,0.582,0.963,0.422
-96,0.861,0.428,0.202,0.661,0.149,0.26,0.38,0.089,0.131,0.317,0.152,0.393,0.129,0.697,0.041,0.678,0.073,0.545,0.879,0.015,0.739,0.929,0.318,0.151,0.378,0.284,0.804,0.174,0.801,0.86,0.968,0.742,0.164,0.922,0.53,0.055,0.124,0.459,0.265,0.278,0.722,0.064,0.626,0.102,0.886,0.556,0.637,0.632,0.048,0.384,0.885,0.505,0.427,0.98,0.775,0.621,0.502,0.414,0.068,0.362,0.29,0.225,0.875,0.334
-94,0.176,0.997,0.058,0.43,0.192,0.665,0.424,0.614,0.952,0.558,0.268,0.731,0.365,0.136,0.677,0.292,0.52,0.858,0.186,0.76,0.0,0.797,0.137,0.286,0.196,0.609,0.7,0.084,0.137,0.404,0.811,0.758,0.351,0.003,0.844,0.991,0.323,0.127,0.969,0.243,0.249,0.436,0.709,0.801,0.104,0.459,0.987,0.514,0.86,0.987,0.314,0.868,0.869,0.134,0.067,0.892,0.132,0.567,0.527,0.457,0.079,0.18,0.696,0.847
-92,0.535,0.182,0.869,0.164,0.061,0.594,0.017,0.428,0.909,0.369,0.05,0.023,0.543,0.514,0.807,0.497,0.202,0.057,0.468,0.218,0.149,0.811,0.377,0.22,0.148,0.669,0.461,0.255,0.341,0.179,0.692,0.377,0.787,0.928,0.372,0.493,0.018,0.135,0.841,0.375,0.791,0.867,0.184,0.756,0.911,0.638,0.274,0.27,0.782,0.824,0.471,0.722,0.181,0.703,0.518,0.839,0.321,0.069,0.034,0.501,0.524,0.309,0.698,0.427
-90,0.931,0.778,0.362,0.856,0.674,0.598,0.336,0.768,0.512,0.692,0.068,0.597,0.165,0.303,0.193,0.779,0.173,0.374,0.107,0.88,0.217,0.282,0.271,0.566,0.986,0.668,0.465,0.777,0.021,0.032,0.91,0.713,0.533,0.389,0.498,0.582,0.116,0.976,0.382,0.209,0.579,0.23,0.65,0.013,0.224,0.947,0.764,0.514,0.899,0.212,0.238,0.571,0.876,0.956,0.388,0.925,0.67,0.371,0.366,0.004,0.486,0.981,0.519,0.705
-88,0.035,0.567,0.789,0.118,0.272,0.713,0.535,0.379,0.088,0.063,0.342,0.321,0.846,0.141,0.268,0.321,0.86,0.857,0.727,0.846,0.59,0.525,0.934,0.206,0.738,0.253,0.092,0.062,0.953,0.709,0.387,0.222,0.98,0.283,0.191,0.929,0.532,0.591,0.661,0.978,0.681,0.941,0.199,0.557,0.352,0.738,0.155,0.178,0.333,0.268,0.307,0.623,0.395,0.32,0.846,0.673,0.548,0.218,0.349,0.355,0.058,0.813,0.233,0.109
-86,0.114,0.341,0.195,0.951,0.157,0.233,0.101,0.832,0.71,0.215,0.957,0.398,0.64,0.338,0.22,0.377,0.272,0.848,0.032,0.423,0.297,0.409,0.28,0.211,0.542,0.902,0.226,0.037,0.042,0.538,0.204,0.886,0.017,0.353,0.967,0.166,0.144,0.201,0.576,0.158,0.432,0.044,0.995,0.423,0.436,0.978,0.444,0.866,0.867,0.389,0.553,0.211,0.826,0.663,0.813,0.934,0.827,0.938,0.056,0.871,0.105,0.679,0.259,0.311
-84,0.886,0.925,0.348,0.72,0.199,0.286,0.542,0.444,0.667,0.208,0.483,0.238,0.099,0.834,0.445,0.23,0.48,0.674,0.087,0.597,0.737,0.712,0.746,0.56,0.176,0.139,0.738,0.902,0.394,0.062,0.223,0.402,0.346,0.393,0.067,0.976,0.87,0.888,0.488,0.819,0.359,0.696,0.174,0.079,0.386,0.202,0.314,0.037,0.033,0.206,0.642,0.199,0.884,0.231,0.662,0.32,0.224,0.799,0.521,0.375,0.166,0.964,0.75,0.883
-82,0.189,0.615,0.438,0.595,0.911,0.948,0.159,0.969,0.533,0.714,0.227,0.224,0.674,0.645,0.493,0.582,0.978,0.555,0.451,0.455,0.852,0.95,0.294,0.594,0.307,0.16,0.46,0.928,0.074,0.664,0.911,0.522,0.913,0.825,0.142,0.374,0.872,0.128,0.217,0.918,0.129,0.829,0.043,0.255,0.415,0.297,0.496,0.642,0.589,0.969,0.551,0.814,0.412,0.902,0.387,0.811,0.965,0.422,0.279,0.193,0.587,0.544,0.369,0.905
-80,0.679,0.382,0.256,0.038,0.09,0.859,0.886,0.007,0.913,0.934,0.054,0.522,0.274,0.81,0.337,0.687,0.748,0.133,0.125,0.756,0.378,0.875,0.559,0.045,0.142,0.034,0.337,0.373,0.225,0.672,0.77,0.851,0.705,0.767,0.886,0.72,0.369,0.364,0.329,0.422,0.713,0.409,0.073,0.945,0.058,0.038,0.844,0.502,0.06,0.814,0.841,0.061,0.798,0.922,0.469,0.959,0.833,0.669,0.132,0.656,0.27,0.907,0.111,0.523
-78,0.386,0.418,0.678,0.019,0.79,0.423,0.349,0.624,0.077,0.368,0.358,0.792,0.31,0.689,0.783,0.326,0.973,0.301,0.788,0.603,0.51,0.759,0.657,0.903,0.912,0.857,0.958,0.171,0.621,0.947,0.877,0.814,0.377,0.978,0.748,0.189,0.533,0.567,0.05,0.686,0.938,0.267,0.241,0.251,0.784,0.362,0.969,0.674,0.442,0.076,0.217,0.976,0.789,0.774,0.214,0.403,0.224,0.399,0.354,0.26,0.908,0.864,0.254,0.215
-76,0.315,0.52,0.985,0.373,0.094,0.79,0.563,0.71,0.909,0.915,0.188,0.551,0.546,0.633,0.203,0.158,0.862,0.022,0.63,0.523,0.022,0.476,0.505,0.841,0.519,0.572,0.501,0.206,0.686,0.21,0.535,0.273,0.64,0.311,0.645,0.649,0.256,0.842,0.196,0.633,0.443,0.673,0.114,0.983,0.384,0.374,0.179,0.358,0.253,0.414,0.404,0.793,0.288,0.647,0.827,0.233,0.092,0.007,0.771,0.936,0.162,0.981,0.589,0.516
-74,0.762,0.562,0.917,0.86,0.735,0.674,0.066,0.516,0.509,0.208,0.132,0.187,0.594,0.34,0.431,0.818,0.773,0.711,0.703,0.213,0.439,0.184,0.822,0.392,0.051,0.322,0.627,0.738,0.458,0.213,0.869,0.665,0.729,0.348,0.599,0.826,0.053,0.724,0.332,0.673,0.68,0.402,0.997,0.441,0.796,0.693,0.162,0.289,0.044,0.05,0.008,0.063,0.125,0.385,0.426,0.946,0.199,0.322,0.237,0.89,0.348,0.341,0.152,0.314
-72,0.558,0.851,0.81,0.244,0.581,0.407,0.041,0.866,0.799,0.43,0.792,0.855,0.185,0.393,0.451,0.579,0.941,0.14,0.76,0.329,0.068,0.335,0.355,0.382,0.426,0.366,0.237,0.22,0.304,0.316,0.12,0.41,0.444,0.842,0.864,0.62,0.809,0.348,0.397,0.587,0.382,0.704,0.79,0.488,0.491,0.567,0.918,0.581,0.02,0.59,0.973,0.248,0.329,0.446,0.684,0.8,0.545,0.365,0.366,0.435,0.542,0.704,0.529,0.691
-70,0.247,0.773,0.915,0.065,0.18,0.345,0.349,0.126,0.369,0.19,0.742,0.737,1.0,0.639,0.027,0.262,0.421,0.244,0.711,0.766,0.722,0.31,0.427,0.437,0.055,0.84,0.693,0.809,0.054,0.96,0.232,0.635,0.14,0.669,0.452,0.738,0.967,0.663,0.995,0.973,0.864,0.308,0.335,0.112,0.428,0.563,0.656,0.745,0.451,0.999,0.694,0.089,0.447,0.177,0.771,0.317,0.702,0.349,0.053,0.784,0.46,0.74,0.698,1.0
-68,0.543,0.459,0.517,0.465,0.765,0.209,0.152,0.02,0.039,0.9,0.46,0.082,0.291,0.746,0.952,0.726,0.285,0.748,0.225,0.839,0.672,0.056,0.747,0.401,0.792,0.183,0.798,0.724,0.117,0.197,0.637,0.573,0.702,0.962,0.08,0.204,0.533,0.869,0.739,0.648,0.932,0.369,0.631,0.936,0.089,0.802,0.916,0.152,0.896,0.226,0.199,0.069,0.753,0.087,0.557,0.514,0.25,0.423,0.886,0.999,0.023,0.931,0.78,0.619
-66,0.538,0.147,0.299,0.85,0.63,0.269,0.435,0.651,0.844,0.991,0.755,0.86,0.186,0.978,0.637,0.204,0.573,0.895,0.509,0.171,0.51,0.858,0.076,0.019,0.791,0.273,0.998,1.0,0.337,0.226,0.578,0.081,0.412,0.559,0.916,0.639,0.508,0.937,0.126,0.833,0.125,0.904,0.529,0.769,0.271,0.97,0.171,0.896,0.462,0.026,0.139,0.516,0.882,0.637,0.356,0.228,0.156,0.394,0.214,1.0,0.352,0.111,0.549,0.756
-64,0.624,0.338,0.843,0.176,0.842,0.417,0.028,0.827,0.609,0.638,0.678,0.587,0.327,0.245,0.528,0.009,0.206,0.172,0.549,0.262,0.201,0.436,0.927,0.906,0.703,0.402,0.123,0.012,0.895,0.056,0.344,0.011,0.976,0.566,0.649,0.611,0.855,0.967,0.73,0.188,0.366,0.99,0.719,0.369,0.9,0.669,0.076,0.944,0.419,0.511,0.836,0.173,0.949,0.563,0.793,0.497,0.409,0.293,0.799,0.05,0.052,0.693,0.252,0.9
-62,0.141,0.923,0.207,0.5,0.639,0.44,0.774,0.024,0.818,0.095,0.382,0.917,0.261,0.56,0.335,0.973,0.313,0.842,0.63,0.305,0.099,0.121,0.069,0.591,0.781,0.795,0.656,0.921,0.49,0.921,0.294,0.961,0.836,0.889,0.818,0.764,0.35,0.445,0.206,0.081,0.255,0.801,0.119,0.947,0.563,0.101,0.361,0.184,0.009,0.876,0.141,0.462,0.168,0.474,0.145,0.311,0.601,0.919,0.736,0.141,0.68,0.31,0.168,0.385
-60,0.536,0.937,0.028,0.588,0.001,0.014,0.043,0.832,0.251,0.431,0.256,0.212,0.028,0.317,0.629,0.981,0.508,0.519,0.628,0.069,0.393,0.622,0.926,0.248,0.462,0.426,0.861,0.09,0.639,0.42,0.629,0.72,0.952,0.834,0.326,0.605,0.541,0.835,0.285,0.331,0.828,0.799,0.258,0.807,0.251,0.098,0.466,0.766,0.389,0.997,0.397,0.016,0.569,0.946,0.254,0.092,0.155,0.049,0.751,0.14,0.908,0.637,0.229,0.743
-58,0.576,0.383,0.529,0.126,0.303,0.071,0.341,0.888,0.886,0.695,0.343,0.962,0.705,0.396,0.646,0.529,0.676,0.326,0.933,0.324,0.328,0.765,0.017,0.245,0.027,0.202,0.443,0.787,0.344,0.596,0.304,0.049,0.144,0.67,0.663,0.449,0.845,0.105,0.592,0.543,0.367,0.494,0.99,0.266,0.471,0.745,0.352,0.404,0.194,0.798,0.375,0.474,0.25,0.381,0.623,0.461,0.84,0.336,0.186,0.097,0.776,0.448,0.433,0.281
-56,0.05,0.658,0.335,0.182,0.444,0.146,0.283,0.333,0.538,0.366,0.267,0.061,0.215,0.823,0.804,0.053,0.994,0.359,0.159,0.449,0.109,0.293,0.465,0.684,0.708,0.456,0.039,0.835,0.824,0.667,0.428,0.577,0.442,0.004,0.729,0.73,0.459,0.838,0.129,0.632,0.891,0.845,0.427,0.754,0.545,0.824,0.987,0.194,0.618,0.418,0.738,0.923,0.15,0.099,0.494,0.867,0.446,0.844,0.727,0.799,0.916,0.203,0.462,0.105
-54,0.666,0.485,0.91,0.087,0.329,0.788,0.314,0.303,0.018,0.282,0.845,0.336,0.947,0.531,0.431,0.132,0.174,0.566,0.809,0.29,0.669,0.225,0.393,0.339,0.859,0.678,0.261,0.662,0.736,0.881,0.75,0.04,0.327,0.895,0.341,0.32,0.159,0.296,0.372,0.318,0.191,0.132,0.618,0.582,0.339,0.602,0.827,0.549,0.223,0.224,0.782,0.183,0.74,0.91,0.289,0.488,0.91,0.775,0.842,0.243,0.126,0.692,0.206,0.515
-52,0.356,0.644,0.218,0.837,0.422,0.442,0.411,0.714,0.169,0.407,0.807,0.681,0.315,0.278,0.677,0.273,0.971,0.697,0.144,0.558,0.779,0.506,0.429,0.417,0.423,0.331,0.588,0.722,0.289,0.922,0.137,0.114,0.673,0.087,0.201,0.249,0.16,0.839,0.425,0.287,0.738,0.192,0.251,0.282,0.117,0.157,0.606,0.914,0.04,0.165,0.473,0.873,0.901,0.564,0.512,0.015,0.887,0.181,0.407,0.181,0.865,0.759,0.519,0.205
-50,0.97,0.237,0.893,0.192,0.201,0.99,0.913,0.578,0.156,0.279,0.408,0.159,0.601,0.339,0.077,0.797,0.601,0.771,0.881,0.619,0.086,0.768,0.828,0.462,0.417,0.243,0.436,0.295,0.965,0.992,0.565,0.605,0.569,0.295,0.101,0.833,0.23,0.415,0.493,0.689,0.457,0.493,0.173,0.265,0.616,0.629,0.399,0.802,0.276,0.317,0.436,0.84,0.889,0.098,0.842,0.5,0.883,0.296,0.836,0.013,0.702,0.555,0.837,0.698
-48,0.991,0.142,0.588,0.887,0.59,0.615,0.258,0.432,0.339,0.819,0.305,0.755,0.135,0.552,0.418,0.528,0.188,0.281,0.007,0.25,0.227,0.397,0.137,0.56,0.581,0.26,0.371,0.433,0.677,0.983,0.59,0.8,0.244,0.888,0.065,0.955,0.207,0.784,0.415,0.989,0.866,0.154,0.913,0.703,0.351,0.313,0.05,0.362,0.224,0.143,0.779,0.286,0.937,0.923,0.509,0.302,0.205,0.59,0.994,0.899,0.229,0.999,0.044,0.676
-46,0.399,0.711,0.231,0.871,0.799,0.277,0.59,0.237,0.009,0.093,0.857,0.977,0.652,0.557,0.488,0.717,0.385,0.619,0.486,0.644,0.169,0.212,0.461,0.083,0.803,0.024,0.654,0.825,0.448,0.751,0.188,0.556,0.603,0.79,0.192,0.972,0.535,0.054,0.33,0.942,0.518,0.855,0.711,0.968,0.915,0.657,0.169,0.565,0.998,0.249,0.086,0.756,0.176,0.302,0.467,0.36,0.107,0.265,0.528,0.485,0.939,0.03,0.495,0.04
-44,0.545,0.213,0.149,0.826,0.995,0.254,0.443,0.968,0.959,0.687,0.038,0.426,0.183,0.896,0.613,0.305,0.279,0.59,0.006,0.8,0.135,0.449,0.644,0.624,0.632,0.617,0.013,0.515,0.324,0.532,0.322,0.424,0.709,0.227,0.288,0.734,0.354,0.039,0.147,0.729,0.646,0.883,0.341,0.459,0.999,0.878,0.425,0.883,0.758,0.061,0.249,0.987,0.523,0.137,0.314,0.858,0.775,0.15,0.6,0.697,0.321,0.807,0.522,0.432
-42,0.558,0.594,0.987,0.519,0.99,0.13,0.426,0.603,0.764,0.09,0.837,0.887,0.067,0.2,0.775,0.571,0.364,0.407,0.678,0.25,0.46,0.654,0.18,0.536,0.205,0.549,0.381,0.096,0.582,0.127,0.845,0.812,0.148,0.71,0.936,0.193,0.775,0.488,0.12,0.985,0.364,0.953,0.048,0.728,0.754,0.435,0.082,0.56,0.791,0.067,0.314,0.796,0.248,0.471,0.067,0.65,0.943,0.584,0.675,0.121,0.634,0.532,0.216,0.471
-40,0.955,0.75,0.031,0.928,0.705,0.555,0.561,0.946,0.407,0.697,0.645,0.029,0.091,0.567,0.027,0.387,0.281,0.204,0.55,0.061,0.236,0.891,0.158,0.44,0.216,0.884,0.157,0.759,0.586,0.217,0.097,0.195,0.246,0.76,0.906,0.66,0.459,0.266,0.99,0.659,0.273,0.926,0.301,0.286,0.863,0.022,0.85,0.532,0.635,0.454,0.637,0.969,0.151,0.486,0.39,0.841,0.11,0.751,0.023,0.629,0.467,0.104,0.232,0.843
-38,0.074,0.595,0.6,0.637,0.191,0.698,0.906,0.688,0.832,0.737,0.785,0.788,0.488,0.126,0.25,0.64,0.836,0.508,0.582,0.788,0.189,0.109,0.183,0.336,0.212,0.368,0.565,0.88,0.043,0.843,0.697,0.125,0.416,0.551,0.966,0.51,0.342,0.778,0.878,0.856,0.887,0.291,0.555,0.205,0.612,0.08,0.803,0.37,0.669,0.136,0.365,0.837,0.171,0.415,0.953,0.617,0.871,0.73,0.387,0.589,0.994,0.518,0.79,0.338
-36,0.805,0.259,0.061,0.676,0.681,0.846,0.342,0.406,0.074,0.43,0.076,0.062,0.664,0.933,0.937,0.159,0.293,0.585,0.688,0.674,0.064,0.962,0.278,0.63,0.547,0.784,0.75,0.529,0.402,0.466,0.993,0.243,0.537,0.105,0.895,0.779,0.363,0.778,0.135,0.801,0.092,0.5,0.47,0.6,0.24,0.203,0.047,0.171,0.231,0.365,0.742,0.423,0.882,0.191,0.74,0.835,0.302,0.172,0.406,0.457,0.772,0.469,0.209,0.95
-34,0.183,0.666,0.738,0.713,0.461,0.007,0.581,0.962,0.986,0.204,0.536,0.853,0.378,0.654,0.129,0.917,0.982,0.469,0.382,0.217,0.065,0.002,0.182,0.431,0.092,0.792,0.26,0.998,0.132,0.08,0.155,0.342,0.186,0.433,0.984,0.955,0.943,0.872,0.026,0.303,0.819,0.041,0.057,0.126,0.018,0.738,0.797,0.24,0.697,0.314,0.327,0.942,0.423,0.382,0.283,0.151,0.787,0.089,0.166,0.554,0.209,0.908,0.525,0.68
-32,0.178,0.852,0.21,0.003,0.695,0.366,0.183,0.962,0.896,0.189,0.751,0.497,0.254,0.897,0.451,0.925,0.435,0.606,0.315,0.203,0.061,0.972,0.272,0.786,0.484,0.18,0.919,0.628,0.981,0.979,0.569,0.027,0.303,0.743,0.851,0.922,0.24,0.142,0.854,0.649,0.187,0.82,0.973,0.76,0.245,0.072,0.708,0.978,0.074,0.933,0.3,0.002,0.519,0.629,0.509,0.616,0.493,0.95,0.16,0.512,0.006,0.411,0.498,0.622
-30,0.435,0.047,0.655,0.747,0.821,0.969,0.33,0.626,0.254,0.927,0.811,0.06,0.613,0.192,0.653,0.405,0.038,0.557,0.255,0.935,0.323,0.649,0.17,0.902,0.528,0.15,0.007,0.444,0.462,0.316,0.648,0.164,0.455,0.565,0.142,0.148,0.814,0.362,0.768,0.69,0.876,0.297,0.194,0.206,0.297,0.364,0.223,0.013,0.178,0.142,0.104,0.259,0.648,0.401,0.046,0.589,0.678,0.848,0.496,0.913,0.215,0.065,0.254,0.272
-28,0.253,0.518,0.261,0.688,0.067,0.279,0.028,0.3,0.799,0.092,0.015,0.065,0.527,0.521,0.629,0.074,0.941,0.761,0.998,0.241,0.883,0.87,0.771,0.651,0.298,0.414,0.289,0.887,0.482,0.589,0.581,0.423,0.226,0.885,0.127,0.528,0.369,0.767,0.721,0.607,0.321,0.721,0.21,0.713,0.709,0.152,0.987,0.607,0.78,0.959,0.154,0.979,0.869,0.871,0.349,0.294,0.175,0.975,0.847,0.491,0.268,0.077,0.201,0.876
-26,0.23,0.424,0.86,0.534,0.443,0.128,0.739,0.745,0.047,0.096,0.496,0.293,0.995,0.091,0.776,0.699,0.822,0.548,0.031,0.65,0.37,0.796,0.594,0.636,0.575,0.864,0.102,0.63,0.361,0.581,0.456,0.789,0.772,0.17,0.054,0.541,0.717,0.162,0.497,0.2,0.927,0.379,0.406,0.407,0.203,0.828,0.064,0.06,0.624,0.088,0.333,0.38,0.173,0.439,0.563,0.498,0.889,0.974,0.573,0.765,0.518,0.316,0.521,0.424
-24,0.521,0.859,0.003,0.113,0.989,0.403,0.247,0.623,0.042,0.675,0.155,0.734,0.515,0.828,0.096,0.539,0.04,0.622,0.247,0.745,0.914,0.139,0.48,0.081,0.638,0.246,0.907,0.839,0.348,0.062,0.899,0.599,0.516,0.934,0.426,0.123,0.055,0.08,0.022,0.651,0.506,0.239,0.54,0.872,0.007,0.401,0.374,0.15,0.035,0.582,0.992,0.824,0.181,0.978,0.428,0.984,0.295,0.603,0.243,0.401,0.607,0.472,0.376,0.535
-22,0.662,0.694,0.043,0.706,0.218,0.617,0.404,0.855,0.844,0.236,0.362,0.977,0.597,0.326,0.453,0.12,0.249,0.143,0.099,0.037,0.868,0.337,0.41,0.591,0.159,0.212,0.92,0.158,0.445,0.056,0.927,0.436,0.261,0.459,0.96,0.65,0.964,0.013,0.185,0.354,0.452,0.011,0.895,0.573,0.285,0.875,0.459,0.253,0.716,0.912,0.792,0.15,0.903,0.983,0.922,0.171,0.775,0.063,0.762,0.103,0.803,0.214,0.532,0.943
-20,0.409,0.57,0.179,0.425,0.204,0.262,0.319,0.082,0.281,0.429,0.776,0.027,0.184,0.789,0.862,0.379,0.563,0.014,0.036,0.093,0.232,0.252,0.894,0.36,0.017,0.566,0.167,0.924,0.524,0.992,0.255,0.557,0.103,0.045,0.22,0.308,0.988,0.511,0.108,0.99,0.776,0.898,0.516,0.817,0.321,0.708,0.699,0.162,0.668,0.154,0.59,0.489,0.367,0.817,0.098,0.628,0.238,0.463,0.548,0.448,0.4,0.409,0.157,0.439
-18,0.153,0.281,0.952,0.94,0.682,0.088,0.911,0.209,0.554,0.321,0.068,0.456,0.817,0.481,0.65,0.82,0.271,0.007,0.756,0.183,0.877,0.101,0.366,0.072,0.39,0.807,0.094,0.84,0.579,0.622,0.722,0.468,0.345,0.192,0.173,0.515,0.385,0.095,0.162,0.555,0.114,0.201,0.778,0.579,0.79,0.834,0.039,0.725,0.222,0.032,0.79,0.496,0.353,0.6,0.106,0.413,0.264,0.811,0.639,0.821,0.428,0.192,0.69,0.509
-16,0.491,0.234,0.26,0.446,0.527,0.8,0.299,0.844,0.581,0.298,0.448,0.298,0.553,0.005,0.189,0.485,0.221,0.123,0.338,0.576,0.174,0.15,0.169,0.146,0.011,0.538,0.388,0.355,0.16,0.433,0.77,0.186,0.284,0.589,0.96,0.164,0.884,0.543,0.127,0.079,0.466,0.375,0.181,0.841,0.571,0.936,0.628,0.924,0.737,0.934,0.853,0.221,0.095,0.312,0.953,0.546,0.84,0.233,0.866,0.904,0.059,0.89,0.675,0.847
-14,0.346,0.037,0.122,0.21,0.554,0.336,0.408,0.742,0.649,0.1,0.381,0.179,0.66,0.678,0.109,0.38,0.701,0.895,0.558,0.264,0.406,0.221,0.518,0.158,0.022,0.394,0.756,0.362,0.889,0.01,0.001,0.171,0.12,0.385,0.568,0.218,0.125,0.337,0.741,0.4,0.443,0.564,0.441,0.045,0.944,0.125,0.711,0.638,0.677,0.267,0.79,0.382,0.089,0.93,0.357,0.67,0.241,0.223,0.599,0.48,0.562,0.531,0.986,0.626
-12,0.035,0.669,0.05,0.658,0.019,0.668,0.95,0.709,0.491,0.9,0.239,0.498,0.887,0.059,0.061,0.373,0.141,0.497,0.31,0.278,0.285,0.326,0.066,0.507,0.019,0.138,0.458,0.15,0.096,0.208,0.398,0.079,0.872,0.046,0.055,0.754,0.008,0.043,0.299,0.525,0.444,0.802,0.037,0.275,0.713,0.049,0.143,0.969,0.416,0.114,0.339,0.371,0.747,0.74,0.275,0.688,0.479,0.255,0.111,0.719,0.794,0.424,0.94,0.539
-10,0.009,0.487,0.651,0.945,0.201,0.499,0.826,0.179,0.798,0.336,0.718,0.96,0.586,0.783,0.66,0.818,0.089,0.059,0.617,0.848,0.912,0.101,0.417,0.718,0.413,0.884,0.567,0.564,0.9,0.976,0.462,0.071,0.777,0.019,0.298,0.091,0.912,0.387,0.655,0.214,0.52,0.922,0.453,0.355,0.666,0.695,0.022,0.25,0.87,0.902,0.59,0.057,0.032,0.063,0.254,0.765,0.741,0.234,0.225,0.155,0.976,0.27,0.046,0.903
-8,0.641,0.228,0.208,0.242,0.455,0.95,0.339,0.138,0.729,0.88,0.447,0.198,0.723,0.129,0.961,0.498,0.851,0.271,0.454,0.045,0.523,0.702,0.994,0.61,0.824,0.355,0.682,0.1,0.607,0.428,0.035,0.866,0.495,0.318,0.493,0.785,0.896,0.667,0.808,0.215,0.122,0.604,0.309,0.535,0.706,0.823,0.845,0.898,0.706,0.472,0.899,0.379,0.064,0.615,0.378,0.324,0.81,0.414,0.717,0.784,0.623,0.054,0.529,0.727
-6,0.158,0.505,0.778,0.864,0.79,0.446,0.351,0.282,0.762,0.328,0.364,0.84,0.096,0.946,0.958,0.79,0.535,0.959,0.466,0.666,0.947,0.314,0.184,0.968,0.282,0.769,0.943,0.666,0.601,0.575,0.682,0.614,0.742,0.453,0.783,0.888,0.876,0.186,0.879,0.525,0.308,0.671,0.73,0.157,0.935,0.523,0.954,0.374,0.123,0.965,0.965,0.952,0.9,0.436,0.135,0.876,0.68,0.469,0.328,0.408,0.065,0.685,0.451,0.061
-4,0.197,0.365,0.23,0.233,0.109,0.815,0.911,0.498,0.056,0.052,0.597,0.475,0.57,0.318,0.83,0.137,0.461,0.586,0.046,0.89,0.279,0.559,0.81,0.498,0.883,0.387,0.831,0.58,0.517,0.128,0.534,0.97,0.568,0.415,0.14,0.547,0.942,0.661,0.485,0.101,0.028,0.834,0.16,0.218,0.042,0.039,0.543,0.679,0.194,0.067,0.281,0.543,0.74,0.002,0.633,0.362,0.507,0.762,0.089,0.346,0.4,0.653,0.757,0.582
-2,0.369,0.745,0.889,0.262,0.828,0.49,0.552,0.122,0.567,0.667,0.271,0.527,0.074,0.682,0.3,0.812,0.704,0.26,0.949,0.266,0.756,0.745,0.688,0.429,0.255,0.386,0.976,0.377,0.037,0.671,0.246,0.59,0.043,0.978,0.383,0.57,0.833,0.006,0.127,0.498,0.026,0.951,0.628,0.799,0.551,0.916,0.124,0.37,0.11,0.009,0.287,0.599,0.465,0.572,0.461,0.617,0.727,0.598,0.858,0.232,0.418,0.786,0.238,0.766
0,0.13,0.553,0.285,0.618,0.202,0.191,0.487,0.046,0.339,0.535,0.45,0.938,0.264,0.152,0.547,0.849,0.155,0.822,0.668,0.599,0.772,0.246,0.905,0.149,0.941,0.862,0.508,0.975,0.844,0.924,0.265,0.431,0.487,0.714,0.621,0.322,0.132,0.621,0.354,0.354,0.652,0.14,0.814,0.789,0.585,0.343,0.157,0.181,0.916,0.571,0.144,0.997,0.494,0.442,0.41,0.185,0.551,0.356,0.952,0.763,0.092,0.372,0.491,0.477
2,0.861,0.658,0.041,0.58,0.382,0.419,0.296,0.831,0.729,0.632,0.021,0.202,0.073,0.808,0.159,0.931,0.791,0.093,0.129,0.015,0.536,0.592,0.494,0.031,0.659,0.65,0.383,0.702,0.078,0.076,0.164,0.933,0.044,0.542,0.413,0.641,0.427,0.703,0.28,0.133,0.668,0.735,0.487,0.481,0.737,0.553,0.075,0.464,0.957,0.036,0.874,0.757,0.44,0.299,0.527,0.709,0.499,0.194,0.457,0.274,0.925,0.733,0.374,0.158
4,0.293,0.356,0.48,0.298,0.14,0.018,0.976,0.145,0.994,0.71,0.47,0.227,0.161,0.209,0.267,0.846,0.214,0.69,0.474,0.439,0.398,0.822,0.59,0.958,0.189,0.936,0.428,0.554,0.73,0.379,0.046,0.078,0.619,0.016,0.715,0.503,0.946,0.902,0.007,0.046,0.277,0.063,0.104,0.82,0.6,0.887,0.094,0.747,0.28,0.836,0.017,0.109,0.429,0.563,0.262,0.363,0.785,0.071,0.276,0.432,0.481,0.481,0.041,0.285
6,0.414,0.31,0.086,0.809,0.315,0.199,0.796,0.785,0.522,0.779,0.622,0.692,0.162,0.691,0.16,0.621,0.321,0.586,0.033,0.011,0.772,0.865,0.478,0.319,0.395,0.891,0.224,0.636,0.543,0.003,0.077,0.176,0.394,0.755,0.987,0.894,0.853,0.386,0.582,0.507,0.414,0.352,0.241,0.155,0.013,0.569,0.413,0.664,0.979,0.282,0.368,0.196,0.897,0.01,0.334,0.741,0.236,0.561,0.216,0.412,0.458,0.004,0.776,0.361
8,0.339,0.241,0.565,0.188,0.872,0.515,0.43,0.475,0.656,0.271,0.487,0.744,0.925,0.57,0.6,0.082,0.118,0.981,0.622,0.888,0.811,0.939,0.877,0.467,0.57,0.13,0.467,0.419,0.277,0.418,0.122,0.301,0.067,0.757,0.582,0.242,0.03,0.418,0.327,0.94,0.353,0.413,0.125,0.804,0.426,0.36,0.489,0.826,0.275,0.545,0.971,0.958,0.667,0.661,0.215,0.359,0.142,0.339,0.726,0.403,0.526,0.151,0.473,0.083
10,0.737,0.227,0.872,0.202,0.467,0.904,0.507,0.966,0.46,0.638,0.85,0.603,0.907,0.833,0.723,0.21,0.832,0.122,0.986,0.347,0.696,0.4,0.547,0.369,0.063,0.744,0.694,0.418,0.995,0.014,0.256,0.112,0.6,0.026,0.98,0.654,0.971,0.908,0.664,0.555,0.297,0.754,0.932,0.002,0.444,0.399,0.637,0.312,0.147,0.345,0.025,0.973,0.242,0.139,0.85,0.865,0.955,0.121,0.772,0.128,0.481,0.273,0.323,0.687
12,0.474,0.904,0.334,0.244,0.153,0.549,0.432,0.413,0.167,0.686,0.831,0.447,0.067,0.597,0.144,0.731,0.08,0.253,0.139,0.961,0.875,0.43,0.113,0.782,0.871,0.039,0.421,0.622,0.924,0.149,0.992,0.877,0.469,0.383,0.237,0.085,0.728,0.125,0.391,0.415,0.102,0.962,0.478,0.186,0.523,0.221,0.819,0.729,0.38,0.447,0.758,0.425,0.307,0.924,0.725,0.838,0.017,0.275,0.861,0.592,0.366,0.937,0.269,0.752
14,0.963,0.099,0.886,0.968,0.811,0.587,0.491,0.963,0.176,0.125,0.66,0.532,0.893,0.689,0.465,0.617,0.47,0.728,0.435,0.644,0.412,0.973,0.653,0.91,0.705,0.995,0.59,0.978,0.838,0.238,0.896,0.034,0.128,0.691,0.156,0.045,0.036,0.736,0.481,0.513,0.435,0.929,0.299,0.272,0.019,0.37,0.174,0.565,0.647,0.588,0.454,0.751,0.239,0.265,0.199,0.292,0.876,0.204,0.234,0.649,0.516,0.042,0.913,0.802
16,0.089,0.491,0.389,0.339,0.086,0.036,0.79,0.687,0.203,0.14,0.486,0.872,0.343,0.251,0.252,0.072,0.578,0.811,0.145,0.067,0.163,0.51,0.788,0.505,0.676,0.228,0.647,0.835,0.17,0.017,0.002,0.158,0.931,0.387,0.506,0.003,0.526,0.677,0.348,0.325,0.531,0.92,0.136,0.346,0.501,0.259,0.111,0.057,0.148,0.604,0.107,0.356,0.662,0.604,0.56,0.182,0.012,0.559,0.303,0.582,0.136,0.296,0.57,0.666
18,0.677,0.008,0.428,0.2,0.299,0.507,0.573,0.154,0.664,0.874,0.796,0.369,0.221,0.837,0.499,0.078,0.333,0.847,0.801,0.048,0.101,0.859,0.814,0.648,0.817,0.53,0.245,0.253,0.944,0.993,0.742,0.249,0.254,0.82,0.387,0.771,0.599,0.143,0.91,0.958,0.101,0.237,0.703,0.487,0.948,0.928,0.964,0.954,0.78,0.655,0.414,0.452,0.05,0.728,0.683,0.363,0.299,0.191,0.704,0.941,0.643,0.175,0.17,0.648
20,0.654,0.354,0.453,0.914,0.151,0.033,0.224,0.951,0.398,0.271,0.864,0.093,0.063,0.36,0.859,0.841,0.562,0.483,0.291,0.462,0.066,0.477,0.311,0.47,0.079,0.12,0.218,0.099,0.881,0.068,0.795,0.434,0.63,0.124,0.935,0.175,0.872,0.409,0.22,0.696,0.258,0.888,0.625,0.678,0.263,0.977,0.693,0.876,0.09,0.714,0.835,0.652,0.064,0.164,0.295,0.107,0.79,0.05,0.698,0.789,0.793,0.929,0.842,0.037
22,0.344,0.131,0.712,0.208,0.522,0.013,0.648,0.871,0.085,0.696,0.677,0.5,0.366,0.218,0.301,0.184,0.405,0.787,0.712,0.31,0.008,0.324,0.073,0.704,0.834,0.157,0.882,0.569,0.715,0.234,0.213,0.182,0.785,0.0,0.186,0.494,0.647,0.075,0.044,0.72,0.591,0.922,0.235,0.326,0.538,0.632,0.936,0.16,0.377,0.752,0.429,0.448,0.748,0.233,0.867,0.42,0.413,0.686,0.648,0.439,0.105,0.007,0.196,0.224
24,0.619,0.332,0.047,0.031,0.909,0.657,0.102,0.904,0.057,0.44,0.028,0.064,0.084,0.932,0.12,0.838,0.788,0.587,0.339,0.152,0.37,0.242,0.102,0.494,0.508,0.292,0.527,0.793,0.834,0.43,0.055,0.921,0.403,0.677,0.549,0.811,0.502,0.212,0.054,0.16,0.565,0.281,0.915,0.311,0.563,0.966,0.609,0.587,0.07,0.557,0.714,0.023,0.936,0.943,0.356,0.324,0.828,0.933,0.034,0.404,0.36,0.728,0.946,0.179
26,0.738,0.927,0.556,0.212,0.767,0.478,0.192,0.518,0.237,0.665,0.587,0.894,0.822,0.882,0.983,0.909,0.26,0.283,0.299,0.62,0.037,0.239,0.718,0.653,0.651,0.289,0.998,0.057,0.228,0.187,0.701,0.801,0.214,0.238,0.795,0.89,0.532,0.142,0.329,0.85,0.091,0.744,0.465,0.615,0.175,0.95,0.231,0.562,0.152,0.092,0.141,0.397,0.026,0.199,0.975,0.154,0.939,0.117,0.904,0.787,0.57,0.98,0.738,0.71
28,0.302,0.522,0.467,0.94,0.092,0.715,0.652,0.219,0.805,0.837,0.458,0.19,0.733,0.223,0.256,0.652,0.989,0.449,0.347,0.69,0.948,0.937,0.103,0.433,0.893,0.359,0.674,0.281,0.004,0.707,0.422,0.912,0.211,0.397,0.441,0.503,0.029,0.085,0.704,0.168,0.669,0.223,0.505,0.102,0.898,0.892,0.842,0.458,0.4,0.277,0.3,0.514,0.65,0.988,0.934,0.485,0.113,0.907,0.607,0.936,0.019,0.629,0.184,0.308
30,0.225,0.274,0.919,0.92,0.812,0.187,0.115,0.401,0.637,0.076,0.929,0.978,0.215,0.618,0.369,0.666,0.426,0.941,0.549,0.69,0.159,0.323,0.328,0.445,0.342,0.011,0.655,0.453,0.882,0.675,0.609,0.61,0.099,0.58,0.141,0.634,0.865,0.618,0.15,0.974,0.824,0.865,0.284,0.378,0.058,0.378,0.7,0.716,0.636,0.299,0.188,0.178,0.806,0.932,0.393,0.992,0.137,0.131,0.314,0.621,0.839,0.557,0.004,0.902
32,0.784,0.353,0.303,0.994,0.464,0.397,0.378,0.872,0.208,0.622,0.597,0.954,0.693,0.895,0.051,0.444,0.921,0.141,0.631,0.949,0.075,0.572,0.1,0.736,0.262,0.886,0.501,0.564,0.195,0.194,0.041,0.97,0.339,0.569,0.732,0.313,0.363,0.534,0.157,0.968,0.884,0.863,0.258,0.629,0.418,0.354,0.043,0.19,0.793,0.964,0.699,0.541,0.807,0.758,0.68,0.861,0.409,0.534,0.968,0.035,0.253,0.526,0.957,0.152
34,0.527,0.125,0.762,0.458,0.387,0.236,0.887,0.984,0.827,0.118,0.172,0.665,0.858,0.581,0.184,0.915,0.17,0.485,0.989,0.381,0.54,0.594,0.46,0.755,0.413,0.248,0.591,0.896,0.99,0.393,0.817,0.746,0.7,0.243,0.419,0.928,0.325,0.485,0.126,0.385,0.289,0.368,0.36,0.216,0.033,0.46,0.93,0.973,0.946,0.546,0.122,0.554,0.673,0.916,0.722,0.166,0.894,0.861,0.222,0.508,0.473,0.867,0.737,0.572
36,0.756,0.46,0.571,0.904,0.332,0.971,0.122,0.704,0.376,0.083,0.566,0.892,0.322,0.715,0.179,0.194,0.452,0.012,0.176,0.661,0.127,0.192,0.894,0.11,0.564,0.288,0.639,0.891,0.811,0.532,0.041,0.556,0.564,0.399,0.581,0.316,0.684,0.133,0.9,0.445,0.054,0.688,0.884,0.774,0.786,0.142,0.908,0.181,0.01,0.631,0.587,0.338,0.615,0.456,0.754,0.659,0.9,0.049,0.481,0.534,0.938,0.414,0.688,0.748
38,0.46,0.344,0.442,0.823,0.42,0.953,0.781,0.114,0.797,0.547,0.137,0.89,0.172,0.627,0.871,0.033,0.773,0.676,0.09,0.034,0.563,0.717,0.212,0.782,0.948,0.019,0.794,0.172,0.835,0.457,0.325,0.63,0.703,0.407,0.217,0.966,0.591,0.442,0.15,0.945,0.553,0.621,0.117,0.111,0.792,0.227,0.729,0.837,0.494,0.53,0.729,0.963,0.3,0.587,0.25,0.133,0.712,0.178,0.417,0.471,0.241,0.784,0.67,0.145
40,0.265,0.8,0.488,0.264,0.215,0.406,0.932,0.161,0.06,0.4,0.777,0.176,0.742,0.195,0.735,0.407,0.44,0.121,0.745,0.234,0.94,0.766,0.673,0.133,0.775,0.845,0.399,0.003,0.385,0.139,0.805,0.741,0.155,0.711,0.362,0.668,0.21,0.795,0.644,0.35,0.978,0.737,0.718,0.062,0.095,0.931,0.306,0.272,0.212,0.209,0.592,0.777,0.887,0.87,0.814,0.762,0.998,0.43,0.058,0.551,0.016,0.917,0.265,0.282
42,0.533,0.832,0.52,0.304,0.196,0.847,0.279,0.069,0.604,0.886,0.514,0.701,0.691,0.858,0.696,0.641,0.931,0.723,0.833,0.464,0.514,0.44,0.437,0.611,0.803,0.656,0.632,0.882,0.691,0.721,0.032,0.255,0.693,0.585,0.915,0.769,0.043,0.282,0.586,0.285,0.0,0.863,0.294,0.953,0.944,0.264,0.421,0.973,0.401,0.673,0.376,0.246,0.702,0.673,0.275,0.119,0.646,0.787,0.536,0.792,0.966,0.599,0.587,0.187
44,0.76,0.691,0.971,0.245,0.983,0.757,0.423,0.698,0.556,0.206,0.224,0.807,0.232,0.208,0.074,0.636,0.73,0.337,0.189,0.253,0.451,0.872,0.374,0.044,0.2,0.443,0.635,0.229,0.302,0.572,0.074,0.562,0.569,0.211,0.677,0.93,0.845,0.652,0.413,0.819,0.252,0.124,0.078,0.342,0.196,0.692,0.286,0.729,0.251,0.656,0.574,0.661,0.684,0.146,0.996,0.565,0.4,0.605,0.829,0.007,0.141,0.303,0.217,0.694
46,0.842,0.862,0.01,0.963,0.733,0.468,0.41,0.764,0.514,0.914,0.464,0.482,0.191,0.93,0.816,0.119,0.684,0.313,0.09,0.354,0.48,0.396,0.675,0.562,0.226,0.372,0.481,0.43,0.852,0.925,0.592,0.756,0.932,0.921,0.854,0.41,0.497,0.723,0.923,0.504,0.324,0.525,0.072,0.87,0.616,0.67,0.823,0.918,0.798,0.171,0.571,0.7,0.41,0.348,0.889,0.862,0.048,0.603,0.164,0.956,0.24,0.636,0.755,0.605
48,0.241,0.791,0.69,0.586,0.876,0.748,0.193,0.13,0.565,0.631,0.674,0.77,0.484,0.897,0.38,0.084,0.005,0.873,0.695,0.388,0.751,0.357,0.344,0.129,0.083,0.048,0.309,0.56,0.691,0.133,0.363,0.778,0.471,0.991,0.742,0.389,0.134,0.915,0.211,0.638,0.575,0.411,0.812,0.123,0.509,0.211,0.128,0.59,0.969,0.176,0.693,0.217,0.082,0.36,0.269,0.397,0.081,0.94,0.398,0.333,0.857,0.046,0.535,0.567
50,0.695,0.623,0.585,0.18,0.009,0.051,0.793,0.136,0.903,0.738,0.246,0.231,0.951,0.236,0.591,0.646,0.133,0.896,0.23,0.983,0.961,0.807,0.373,0.582,0.005,0.883,0.915,0.614,0.916,0.411,0.258,0.99,0.069,0.132,0.557,0.255,0.727,0.932,0.784,0.159,0.766,0.342,0.739,0.949,0.695,0.101,0.458,0.715,0.639,0.872,0.3,0.55,0.815,0.26,0.884,0.033,0.744,0.495,0.158,0.603,0.158,0.904,0.125,0.468
52,0.839,0.083,0.272,0.15,0.622,0.92,0.673,0.518,0.489,0.549,0.514,0.978,0.89,0.128,0.49,0.287,0.05,0.868,0.132,0.08,0.179,0.04,0.36,0.925,0.426,0.389,0.56,0.57,0.242,0.386,0.201,0.533,0.076,0.661,0.536,0.874,0.775,0.203,0.96,0.687,0.72,0.308,0.028,0.218,0.646,0.227,0.971,0.111,0.633,0.747,0.231,0.954,0.287,0.156,0.544,0.813,0.898,0.129,0.304,0.52,0.682,0.22,0.316,0.696
54,0.286,0.374,0.631,0.379,0.837,0.208,0.212,0.293,0.6,0.735,0.664,0.642,0.748,0.184,0.013,0.832,0.024,0.849,0.12,0.169,0.581,0.587,0.064,0.107,0.637,0.042,0.25,0.304,0.521,0.113,0.342,0.117,0.373,0.821,0.446,0.678,0.907,0.073,0.182,0.994,0.481,0.795,0.357,0.896,0.263,0.505,0.54,0.868,0.527,0.275,0.026,0.939,0.852,0.696,0.976,0.922,0.858,0.929,0.149,0.531,0.872,0.391,0.808,0.496
56,0.263,0.047,0.756,0.494,0.343,0.078,0.329,0.806,0.381,0.818,0.877,0.174,0.189,0.1,0.73,0.087,0.846,0.508,0.468,0.881,0.868,0.115,0.23,0.539,0.879,0.119,0.054,0.096,0.508,0.726,0.083,0.648,0.186,0.312,0.825,0.011,0.787,0.888,0.898,0.032,0.843,0.341,0.699,0.749,0.182,0.853,0.968,0.501,0.151,0.978,0.585,0.781,0.087,0.042,0.405,0.633,0.292,0.189,0.694,0.824,0.223,0.633,0.339,0.515
58,0.412,0.427,0.439,0.807,0.219,0.339,0.035,0.185,0.716,0.798,0.849,0.203,0.167,0.581,0.302,0.154,0.297,0.748,0.055,0.838,0.926,0.683,0.435,0.947,0.332,0.533,0.652,0.684,0.002,0.203,0.428,0.612,0.396,0.622,0.319,0.594,0.452,0.078,0.581,0.628,0.056,0.198,0.58,0.35,0.58,0.905,0.338,0.971,0.597,0.916,0.899,0.859,0.806,0.988,0.949,0.353,0.344,0.758,0.485,0.382,0.479,0.791,0.677,0.354
60,0.421,0.306,0.622,0.159,0.767,0.387,0.262,0.712,0.603,0.774,0.583,0.727,0.073,0.812,0.413,0.025,0.338,0.092,0.209,0.294,0.821,0.15,0.847,0.724,0.545,0.295,0.527,0.101,0.123,0.123,0.873,0.151,0.367,0.982,0.897,0.974,0.669,0.486,0.642,0.684,0.802,0.096,0.931,0.753,0.094,0.065,0.423,0.804,0.86,0.739,0.053,0.419,0.788,0.862,0.999,0.719,0.154,0.785,0.336,0.37,0.896,0.134,0.408,0.882
62,0.05,0.164,0.885,0.727,0.568,0.849,0.86,0.808,0.927,0.243,0.975,0.552,0.286,0.742,0.549,0.71,0.246,0.618,0.31,0.283,0.272,0.872,0.588,0.708,0.16,0.844,0.758,0.506,0.089,0.104,0.675,0.801,0.416,0.912,0.815,0.049,0.391,0.058,0.688,0.308,0.754,0.478,0.651,0.97,0.28,0.561,0.618,0.139,0.165,0.574,0.717,0.03,0.778,0.306,0.558,0.54,0.182,0.904,0.283,0.174,0.434,0.89,0.528,0.449
64,0.97,0.898,0.658,0.917,0.42,0.878,0.933,0.775,0.322,0.834,0.006,0.412,0.726,0.986,0.964,0.823,0.058,0.145,0.864,0.89,0.598,0.56,0.502,0.612,0.844,0.593,0.394,0.032,0.521,0.13,0.061,0.189,0.542,0.969,0.578,0.407,0.064,0.988,0.933,0.585,0.916,0.129,0.845,0.415,0.803,0.083,0.27,0.27,0.348,0.374,0.135,0.455,0.851,0.927,0.834,0.069,0.932,0.42,0.318,0.987,0.553,0.651,0.23,0.764
66,0.485,0.681,0.572,0.825,0.71,0.764,0.361,0.589,0.183,0.298,0.706,0.972,0.504,0.731,0.262,0.524,0.576,0.607,0.185,0.057,0.446,0.657,0.798,0.561,0.816,0.661,0.051,0.694,0.29,0.184,0.893,0.089,0.525,0.4,0.347,0.417,0.006,0.773,0.156,0.933,0.429,0.094,0.716,0.03,0.764,0.125,0.536,0.566,0.568,0.228,0.491,0.42,0.743,0.714,0.764,0.572,0.239,0.863,0.148,0.763,0.531,0.444,0.269,0.376
68,0.616,0.762,0.028,0.013,0.218,0.953,0.643,0.858,0.843,0.461,0.75,0.882,0.795,0.175,0.179,0.614,0.844,0.73,0.952,0.539,0.971,0.382,0.337,0.018,0.953,0.97,0.714,0.557,0.731,0.715,0.23,0.374,0.979,0.879,0.156,0.783,0.481,0.189,0.831,0.205,0.687,0.105,0.909,0.705,0.174,0.719,0.408,0.317,0.05,0.306,0.708,0.941,0.671,0.969,0.201,0.107,0.216,0.641,0.83,0.388,0.991,0.058,0.384,0.773
70,0.55,0.853,0.687,0.138,0.698,0.258,0.863,0.804,0.32,0.535,0.602,0.033,0.748,0.446,0.661,0.485,0.502,0.2,0.6,0.867,0.572,0.39,0.742,0.511,0.598,0.399,0.83,0.945,0.044,0.23,0.994,0.679,0.409,0.399,0.273,0.732,0.526,0.508,0.241,0.65,0.092,0.706,0.441,0.528,0.989,0.946,0.652,0.745,0.465,0.496,0.217,0.77,0.927,0.204,0.617,0.067,0.761,0.154,0.652,0.802,0.961,0.029,0.004,0.365
72,0.355,0.71,0.466,0.265,0.604,0.258,0.564,0.855,0.449,0.776,0.285,0.461,0.082,0.908,0.74,0.499,0.145,0.115,0.169,0.836,0.053,0.223,0.895,0.866,0.932,0.844,0.231,0.316,0.401,0.517,0.843,0.349,0.011,0.387,0.008,0.693,0.93,0.227,0.686,0.56,0.898,0.49,0.432,0.122,0.706,0.48,0.597,0.59,0.047,0.75,0.702,0.896,0.533,0.4,0.032,0.878,0.83,0.163,0.973,0.875,0.489,0.714,0.433,0.101
74,0.441,0.833,0.872,0.113,0.417,0.001,0.136,0.222,0.371,0.511,0.637,0.04,0.933,0.141,0.322,0.121,0.91,0.371,0.361,0.856,0.6,0.752,0.275,0.202,0.736,0.614,0.437,0.316,0.937,0.473,0.327,0.753,0.65,0.357,0.843,0.996,0.33,0.517,0.149,0.226,0.598,0.92,0.07,0.206,0.66,0.896,0.352,0.253,0.044,0.834,0.099,0.349,0.002,0.27,0.502,0.862,0.337,0.317,0.351,0.666,0.819,0.683,0.793,0.509
76,0.514,0.016,0.709,0.71,0.679,0.912,0.389,0.424,0.609,0.615,0.001,0.086,0.853,0.022,0.71,0.813,0.977,0.468,0.273,0.938,0.146,0.447,0.936,0.705,0.077,0.784,0.444,0.462,0.21,0.632,0.326,0.681,0.57,0.216,0.715,0.976,0.696,0.262,0.374,0.724,0.638,0.457,0.098,0.223,0.864,0.522,0.46,0.93,0.64,0.662,0.773,0.94,0.921,0.637,0.136,0.163,0.142,0.207,0.009,0.271,0.823,0.08,0.131,0.917
78,0.601,0.004,0.572,0.114,0.734,0.797,0.482,0.894,0.886,0.635,0.002,0.825,0.796,0.621,0.786,0.72,0.249,0.929,0.82,0.313,0.608,0.563,0.874,0.55,0.125,0.746,0.397,0.502,0.406,0.173,0.424,0.659,0.454,0.652,0.289,0.655,0.247,0.588,0.851,0.768,0.762,0.325,0.829,0.697,0.04,0.807,0.322,0.802,0.244,0.472,0.737,0.833,0.274,0.837,0.706,0.192,0.288,0.402,0.759,0.146,0.697,0.502,0.219,0.738
80,0.742,0.3,0.017,0.663,0.714,0.1,0.339,0.329,0.019,0.844,0.009,0.608,0.497,0.827,0.656,0.201,0.586,0.138,0.674,0.274,0.849,0.16,0.366,0.171,0.219,0.567,0.363,0.029,0.642,0.351,0.206,0.24,0.674,0.202,0.883,0.564,0.066,0.867,0.546,0.091,0.44,0.773,0.035,0.453,0.231,0.748,0.761,0.068,0.411,0.556,0.423,0.164,0.371,0.354,0.797,0.777,0.012,0.5,0.431,0.413,0.853,0.285,0.66,0.209
82,0.302,0.606,0.525,0.207,0.88,0.846,0.625,0.588,0.621,0.523,0.935,0.561,0.782,0.4,0.987,0.781,0.181,0.241,0.487,0.364,0.184,0.628,0.991,0.486,0.439,0.523,0.205,0.529,0.406,0.391,0.532,0.287,0.224,0.006,0.783,0.116,0.283,0.833,0.679,0.739,0.232,0.804,0.127,0.306,0.669,0.674,0.261,0.325,0.66,0.382,0.239,0.312,0.232,0.518,0.707,0.234,0.447,0.04,0.657,0.813,0.262,0.068,0.827,0.473
84,0.159,0.934,0.204,0.791,0.698,0.062,0.191,0.459,0.772,0.814,0.109,0.092,0.745,0.434,0.404,0.2,0.302,0.341,0.035,0.069,0.974,0.302,0.646,0.689,0.724,0.73,0.765,0.293,0.103,0.701,0.999,0.836,0.295,0.886,0.855,0.828,0.637,0.268,0.0,0.433,0.804,0.06,0.614,0.147,0.094,0.528,0.439,0.557,0.667,0.577,0.988,0.889,0.096,0.003,0.962,0.474,0.267,0.784,0.516,0.205,0.345,0.541,0.151,0.735
86,0.086,0.824,0.074,0.795,0.383,0.617,0.046,0.612,0.019,0.853,0.986,0.553,0.467,0.902,0.189,0.162,0.084,0.605,0.023,0.387,0.713,0.937,0.024,0.759,0.44,0.993,0.515,0.68,0.098,0.124,0.514,0.24,0.216,0.345,0.492,0.653,0.105,0.693,0.089,0.001,0.573,0.752,0.956,0.597,0.957,0.167,0.525,0.694,0.494,0.767,0.708,0.022,0.164,0.072,0.064,0.323,0.432,0.043,0.483,0.874,0.82,0.621,0.499,0.381
88,0.599,0.446,0.193,0.841,0.057,0.839,0.968,0.688,0.481,0.216,0.793,0.106,0.606,0.749,0.268,0.13,0.42,0.995,0.696,0.927,0.788,0.53,0.826,0.058,0.268,0.917,0.376,0.207,0.548,0.614,0.266,0.432,0.647,0.475,0.145,0.546,0.865,0.887,0.89,0.1,0.634,0.075,0.563,0.739,0.651,0.464,0.062,0.516,0.5,0.189,0.026,0.377,0.959,0.22,0.13,0.059,0.643,0.457,0.689,0.716,0.192,0.134,0.376,0.169
90,0.014,0.763,0.105,0.727,0.689,0.6,0.027,0.269,0.653,0.248,0.033,0.892,0.752,0.141,0.09,0.247,0.527,0.025,0.054,0.971,0.363,0.167,0.063,0.142,0.361,0.51,0.591,0.998,0.267,0.069,0.353,0.486,0.929,0.209,0.197,0.013,0.25,0.635,0.145,0.789,0.391,0.052,0.425,0.563,0.82,0.108,0.2,0.092,0.697,0.389,0.089,0.322,0.762,0.391,0.085,0.174,0.559,0.42,0.165,0.814,0.776,0.07,0.045,0.654
92,0.417,0.745,0.525,0.032,0.755,0.568,0.201,0.887,0.289,0.428,0.112,0.015,0.437,0.158,0.67,0.8,0.793,0.717,0.022,0.419,0.495,0.846,0.085,0.661,0.132,0.681,0.198,0.079,0.682,0.006,0.309,0.171,0.987,0.368,0.588,0.427,0.343,0.715,0.366,0.221,0.921,0.159,0.596,0.026,0.472,0.952,0.333,0.461,0.721,0.537,0.013,0.677,0.533,0.557,0.57,0.462,0.574,0.715,0.127,0.086,0.765,0.062,0.972,0.332
94,0.464,0.864,0.511,0.503,0.268,0.885,0.86,0.451,0.459,0.648,0.436,0.513,0.623,0.276,0.109,0.542,0.168,0.242,0.153,0.195,0.528,0.426,0.882,0.326,0.478,0.542,0.596,0.332,0.546,0.419,0.41,0.532,0.373,0.237,0.301,0.347,0.574,0.704,0.228,0.341,0.177,0.733,0.333,0.535,0.336,0.74,0.562,0.68,0.322,0.583,0.517,0.93,0.362,0.596,0.174,0.138,0.724,0.631,0.912,0.742,0.427,0.832,0.742,0.204
96,0.665,0.527,0.878,0.518,0.397,0.287,0.148,0.828,0.907,0.984,0.479,0.435,0.915,0.112,0.254,0.42,0.939,0.7,0.293,0.485,0.153,0.276,0.729,0.11,0.875,0.667,0.462,0.867,0.511,0.808,0.826,0.158,0.032,0.026,0.592,0.858,0.618,0.756,0.962,0.457,0.032,0.068,0.645,0.783,0.359,0.062,0.324,0.19,0.601,0.289,0.826,0.122,0.144,0.097,0.028,0.025,0.841,0.572,0.746,0.795,0.927,0.966,0.473,0.96
98,0.933,0.321,0.144,0.42,0.429,0.186,0.555,0.892,0.635,0.422,0.213,0.784,0.587,0.799,0.716,0.363,0.132,0.824,0.516,0.624,0.756,0.576,0.327,0.525,0.73,0.365,0.164,0.894,0.986,0.717,0.869,0.355,0.248,0.339,0.624,0.033,0.937,0.616,0.257,0.186,0.426,0.297,0.551,0.506,0.908,0.375,0.834,0.12,0.95,0.46,0.402,0.8,0.75,0.461,0.678,0.354,0.716,0.255,0.525,0.99,0.398,0.742,0.889,0.858
100,0.062,0.977,0.266,0.102,0.421,0.25,0.399,0.445,0.433,0.804,0.444,0.874,0.829,0.734,0.302,0.822,0.032,0.79,0.859,0.239,0.836,0.236,0.496,0.929,0.644,0.143,0.013,0.606,0.787,0.548,0.139,0.111,0.065,0.874,0.094,0.777,0.35,0.897,0.579,0.06,0.758,0.646,0.698,0.404,0.462,0.209,0.132,0.119,0.102,0.045,0.443,0.502,0.867,0.079,0.478,0.284,0.717,0.835,0.015,0.484,0.353,0.154,0.197,0.036
102,0.362,0.307,0.809,0.884,0.186,0.121,0.985,0.437,0.542,0.276,0.697,0.306,0.436,0.591,0.834,0.367,0.389,0.396,0.697,0.93,0.875,0.838,0.04,0.643,0.949,0.988,0.985,0.857,0.056,0.628,0.192,0.277,0.266,0.294,0.705,0.127,0.732,0.661,0.49,0.087,0.946,0.252,0.251,0.561,0.329,0.453,0.624,0.895,0.34,0.772,0.291,0.139,0.842,0.024,0.885,0.696,0.804,0.349,0.503,0.319,0.157,0.965,0.014,0.576
104,0.737,0.263,0.512,0.168,0.003,0.46,0.183,0.658,0.892,0.574,0.108,0.471,0.464,0.616,0.126,0.87,0.474,0.83,0.158,0.439,0.035,0.773,0.602,0.018,0.446,0.036,0.687,0.864,0.598,0.431,0.529,0.575,0.394,0.682,0.692,0.918,0.383,0.06,0.799,0.865,0.511,0.329,0.474,0.087,0.148,0.136,0.747,0.575,0.577,0.208,0.18,0.997,0.924,0.315,0.158,0.529,0.384,0.971,0.15,0.733,0.938,0.918,0.119,0.833
106,0.406,0.059,0.24,0.536,0.597,0.201,0.827,0.109,0.489,0.363,0.355,0.818,0.292,0.606,0.204,0.672,0.791,0.127,0.88,0.823,0.681,0.141,0.738,0.775,0.61,0.168,0.832,0.813,0.302,0.077,0.803,0.487,0.855,0.953,0.462,0.4,0.087,0.441,0.977,0.576,0.629,0.401,0.051,0.605,0.476,0.774,0.538,0.389,0.739,0.614,0.381,0.371,0.522,0.304,0.251,0.217,0.415,0.386,0.31,0.121,0.926,0.392,0.674,0.698
108,0.936,0.086,0.325,0.952,0.815,0.922,0.932,0.046,0.179,0.245,0.883,0.711,0.866,0.748,0.681,0.692,0.715,0.915,0.405,0.468,0.389,0.778,0.815,0.48,0.671,0.598,0.241,0.494,0.693,0.919,0.503,0.64,0.5,0.535,0.557,0.967,0.608,0.247,0.405,0.399,0.212,0.104,0.261,0.168,0.381,0.245,0.228,0.468,0.987,0.723,0.372,0.224,0.38,0.154,0.959,0.754,0.174,0.502,0.08,0.773,0.583,0.473,0.346,0.203
110,0.319,0.984,0.792,0.489,0.369,0.711,0.391,0.245,0.571,0.89,0.407,0.229,0.103,0.585,0.435,0.034,0.897,0.421,0.735,0.778,0.255,0.191,0.228,0.823,0.983,0.548,0.666,0.937,0.433,0.425,0.035,0.453,0.028,0.083,0.802,0.111,0.859,0.562,0.482,0.504,0.776,0.644,0.829,0.61,0.378,0.696,0.097,0.324,0.649,0.684,0.831,0.768,0.272,0.327,0.34,0.284,0.845,0.009,0.519,0.937,0.542,0.665,0.107,0.029
112,0.991,0.916,0.734,0.492,0.784,0.872,0.765,0.81,0.903,0.928,0.33,0.073,0.019,0.688,0.844,0.665,0.45,0.354,0.488,0.639,0.589,0.392,0.458,0.978,0.131,0.916,0.873,0.755,0.628,0.563,0.049,0.263,0.831,0.268,0.532,0.192,0.509,0.259,0.28,0.851,0.34,0.621,0.329,0.271,0.987,0.056,0.98,0.267,0.338,0.645,0.713,0.759,0.945,0.735,0.57,0.734,0.564,0.347,0.518,0.361,0.678,0.15,0.232,0.509
114,0.119,0.997,0.934,0.824,0.253,0.738,0.928,0.982,0.339,0.446,0.21,0.797,0.843,0.293,0.799,0.947,0.942,0.82,0.823,0.934,0.068,0.237,0.863,0.482,0.352,0.834,0.778,0.091,0.396,0.291,0.266,0.722,0.326,0.528,0.882,0.364,0.717,0.513,0.289,0.767,0.925,0.047,0.229,0.572,0.171,0.323,0.532,0.205,0.637,0.851,0.49,0.179,0.458,0.273,0.66,0.659,0.943,0.847,0.758,0.043,0.864,0.658,0.217,0.196
116,0.916,0.717,0.28,0.593,0.998,0.736,0.641,0.172,0.236,0.406,0.892,0.309,0.949,0.456,0.914,0.721,0.572,0.987,0.916,0.565,0.497,0.844,0.395,0.504,0.487,0.607,0.754,0.787,0.677,0.283,0.042,0.262,0.374,0.143,0.202,0.509,0.382,0.873,0.459,0.631,0.92,0.628,0.932,0.372,0.381,0.03,0.75,0.679,0.126,0.117,0.473,0.117,0.267,0.553,0.698,0.655,0.536,0.835,0.104,0.36,0.031,0.456,0.081,0.043
118,0.768,0.828,0.654,0.873,0.143,0.043,0.102,0.136,0.358,0.696,0.494,0.545,0.859,0.693,0.219,0.863,0.595,0.505,0.235,0.262,0.094,0.789,0.351,0.894,0.248,0.327,0.123,0.019,0.175,0.766,0.027,0.612,0.74,0.104,0.144,0.765,0.761,0.97,0.638,0.653,0.481,0.145,0.734,0.742,0.074,0.529,0.638,0.674,0.868,0.074,0.482,0.088,0.346,0.716,0.014,0.251,0.94,0.906,0.683,0.012,0.1,0.312,0.185,0.969
120,0.738,0.953,0.151,0.549,0.39,0.484,0.052,0.034,0.502,0.645,0.504,0.382,0.051,0.705,0.196,0.071,0.483,0.796,0.756,0.364,0.75,0.295,0.74,0.775,0.108,0.644,0.711,0.958,0.081,0.818,0.821,0.168,0.166,0.36,0.502,0.551,0.486,0.423,0.156,0.004,0.156,0.528,0.496,0.386,0.523,0.242,0.061,0.207,0.957,0.792,0.011,0.239,0.744,0.941,0.301,0.907,0.412,0.001,0.775,0.382,0.618,0.245,0.273,0.88
122,0.098,0.793,0.993,0.792,0.608,0.38,0.245,0.063,0.472,0.091,0.733,0.391,0.737,0.725,0.553,0.675,0.103,0.812,0.127,0.244,0.377,0.651,0.796,0.035,0.263,0.571,0.822,0.553,0.362,0.773,0.05,0.563,0.184,0.286,0.725,0.648,0.592,0.02,0.959,0.687,0.783,0.183,0.883,0.908,0.345,0.095,0.7,0.945,0.124,0.717,0.428,0.787,0.542,0.448,0.427,0.994,0.923,0.506,0.822,0.459,0.002,0.758,0.353,0.709
124,0.722,0.715,0.378,0.582,0.875,0.048,0.926,0.681,0.05,0.651,0.41,0.397,0.51,0.199,0.343,0.311,0.875,0.578,0.219,0.199,0.954,0.037,0.267,0.854,0.017,0.282,0.445,0.7,0.53,0.15,0.813,0.467,0.922,0.503,0.012,0.613,0.179,0.889,0.48,0.088,0.68,0.4,0.93,0.882,0.407,0.902,0.225,0.954,0.172,0.438,0.507,0.56,0.568,0.135,0.746,0.646,0.369,0.507,0.881,0.579,0.645,0.999,0.325,0.065
126,0.761,0.605,0.631,0.282,0.287,0.415,0.371,0.24,0.574,0.87,0.57,0.08,0.76,0.884,0.701,0.273,0.899,0.613,0.894,0.045,0.51,0.653,0.618,0.075,0.891,0.875,0.873,0.411,0.636,0.444,0.141,0.162,0.693,0.091,0.12,0.734,0.263,0.601,0.21,0.327,0.146,0.148,0.405,0.987,0.345,0.528,0.64,0.024,0.997,0.309,0.763,0.251,0.622,0.614,0.855,0.595,0.281,0.534,0.674,0.314,0.323,0.586,0.134,0.857
128,0.198,0.506,0.499,0.095,0.376,0.267,0.683,0.993,0.659,0.986,0.351,0.253,0.746,0.292,0.918,0.422,0.341,0.682,0.756,0.165,0.471,0.305,0.893,0.282,0.265,0.957,0.838,0.659,0.155,0.654,0.102,0.379,0.099,0.72,0.801,0.652,0.183,0.717,0.62,0.863,0.734,0.73,0.973,0.888,0.727,0.632,0.383,0.365,0.371,0.641,0.557,0.272,0.569,0.801,0.094,0.314,0.894,0.984,0.133,0.374,0.505,0.236,0.556,0.915
130,0.979,0.239,0.645,0.844,0.628,0.366,0.03,0.022,0.103,0.279,0.363,0.064,0.606,0.826,0.799,0.473,0.685,0.621,0.113,0.872,0.662,0.794,0.448,0.795,0.968,0.17,0.987,0.565,0.958,0.879,0.098,0.404,0.333,0.352,0.019,0.362,0.718,0.462,0.324,0.402,0.281,0.036,0.976,0.265,0.034,0.688,0.191,0.95,0.586,0.233,0.22,0.949,0.692,0.034,0.645,0.253,0.773,0.874,0.888,0.553,0.245,0.672,0.82,0.592
132,0.027,0.834,0.843,0.536,0.291,0.793,0.876,0.276,0.539,0.448,0.342,0.833,0.189,0.942,0.401,0.007,0.812,0.261,0.337,0.827,0.629,0.17,0.897,0.491,0.91,0.254,0.754,0.089,0.216,0.651,0.301,0.123,0.785,0.271,0.662,0.941,0.613,0.983,0.92,0.558,0.068,0.057,0.333,0.73,0.491,0.351,0.637,0.817,0.059,0.668,0.622,0.338,0.158,0.659,0.349,0.84,0.071,0.572,0.596,0.038,0.486,0.743,0.185,0.629
134,0.701,0.23,0.676,0.491,0.195,0.879,0.219,0.294,0.469,0.218,0.712,0.596,0.816,0.797,0.123,0.285,0.015,0.136,0.022,0.553,0.386,0.124,0.194,0.056,0.821,0.975,0.537,0.093,0.593,0.162,0.212,0.283,0.017,0.856,0.091,0.327,0.482,0.756,0.087,0.342,0.422,0.417,0.673,0.066,0.331,0.636,0.328,0.183,0.668,0.332,0.005,0.045,0.04,0.656,0.353,0.606,0.489,0.413,0.743,0.369,0.602,0.803,0.208,0.971
136,0.999,0.009,0.304,0.022,0.784,0.3,0.974,0.799,0.651,0.586,0.066,0.859,0.454,0.249,0.918,0.483,0.151,0.542,0.713,0.939,0.172,0.519,0.293,0.441,0.145,0.088,0.333,0.679,0.236,0.431,0.386,0.323,0.967,0.471,0.344,0.766,0.618,0.801,0.811,0.109,0.479,0.146,0.451,0.156,0.529,0.1,0.974,0.031,0.619,0.312,0.817,0.888,0.644,0.957,0.432,0.389,0.138,0.645,0.72,0.726,0.395,0.24,0.517,0.485
138,0.538,0.795,0.939,0.68,0.533,0.326,0.033,0.752,0.595,0.371,0.657,0.891,0.808,0.522,0.505,0.956,0.866,0.255,0.353,0.723,0.452,0.797,0.305,0.027,0.897,0.529,0.443,0.651,0.653,0.812,0.697,0.194,0.77,0.913,0.918,0.817,0.801,0.984,0.096,0.93,0.423,0.725,0.449,0.572,0.115,0.704,0.507,0.832,0.713,0.98,0.483,0.479,0.478,0.759,0.63,0.242,0.319,0.126,0.255,0.157,0.156,0.543,0.211,0.314
140,0.855,0.05,0.376,0.95,0.743,0.939,0.905,0.136,0.24,0.398,0.956,0.733,0.762,0.076,0.545,0.147,0.036,0.056,0.7,0.875,0.017,0.602,0.081,0.885,0.625,0.785,0.164,0.206,0.904,0.537,0.48,0.972,0.36,0.9,0.61,0.605,0.752,0.884,0.484,0.732,0.435,0.176,0.891,0.219,0.803,0.742,0.436,0.711,0.938,0.298,0.215,0.065,0.501,0.282,0.692,0.225,0.945,0.253,0.181,0.896,0.993,0.585,0.525,0.717
142,0.101,0.281,0.928,0.952,0.207,0.712,0.676,0.054,0.275,0.315,0.864,0.54,0.224,0.832,0.779,0.9,0.738,0.466,0.119,0.833,0.473,0.006,0.431,0.347,0.823,0.349,0.618,0.927,0.89,0.121,0.118,0.315,0.859,0.772,0.962,0.814,0.832,0.544,0.457,0.385,0.387,0.33,0.93,0.403,0.162,0.811,0.177,0.607,0.03,0.138,0.076,0.942,0.95,0.333,0.984,0.042,0.599,0.923,0.803,0.537,0.245,0.877,0.169,0.623
144,0.267,0.131,0.19,0.155,0.548,0.735,0.557,0.267,0.355,0.234,0.677,0.16,0.242,0.408,0.954,0.39,0.905,0.044,0.138,0.594,0.666,0.959,0.996,0.44,0.368,0.575,0.455,0.338,0.244,0.465,0.704,0.593,0.691,0.649,0.596,0.608,0.108,0.991,0.618,0.029,0.166,0.119,0.719,0.373,0.952,0.946,0.832,0.32,0.376,0.6,0.039,0.211,0.683,0.075,0.348,0.409,0.703,0.774,0.322,0.489,0.709,0.091,0.889,0.475
146,0.165,0.546,0.176,0.721,0.244,0.208,0.2,0.756,0.515,0.591,0.211,0.956,0.087,0.537,0.024,0.434,0.439,0.236,0.106,0.33,0.63,0.657,0.933,0.5,0.97,0.267,0.612,0.434,0.583,0.973,0.454,0.523,0.045,0.726,0.861,0.582,0.056,0.877,0.012,0.833,0.993,0.017,0.38,0.162,0.005,0.366,0.632,0.93,0.932,0.041,0.665,0.602,0.245,0.448,0.746,0.281,0.798,0.598,0.749,0.864,0.826,0.494,0.766,0.654
148,0.905,0.818,0.656,0.214,0.724,0.792,0.664,0.676,0.329,0.734,0.273,0.632,0.325,0.015,0.775,0.408,0.385,0.227,0.103,0.006,0.972,0.95,0.198,0.369,0.292,0.646,0.462,0.104,0.914,0.104,0.953,0.207,0.797,0.773,0.934,0.884,0.503,0.644,0.156,0.854,0.318,0.146,0.305,0.579,0.528,0.176,0.913,0.93,0.921,0.166,0.272,0.515,0.483,0.55,0.993,0.03,0.712,0.656,0.784,0.25,0.738,0.927,0.82,0.696
150,0.662,0.484,0.896,0.711,0.8,0.201,0.191,0.108,0.472,0.861,0.649,0.923,0.367,0.673,0.088,0.845,0.412,0.26,0.059,0.365,0.348,0.905,0.164,0.071,0.083,0.683,0.511,0.369,0.081,0.418,0.068,0.349,0.447,0.499,0.252,0.024,0.452,0.099,0.974,0.909,0.153,0.227,0.856,0.655,0.67,0.996,0.053,0.948,0.844,0.561,0.687,0.802,0.124,0.416,0.812,0.195,0.359,0.528,0.615,0.093,0.265,0.797,0.374,0.726
152,0.738,0.874,0.81,0.532,0.22,0.016,0.097,0.399,0.468,0.824,0.689,0.974,0.569,0.367,0.49,0.235,0.176,0.746,0.762,0.069,0.846,0.916,0.661,0.73,0.975,0.118,0.432,0.514,0.122,0.864,0.75,0.897,0.367,0.347,0.712,0.65,0.484,0.871,0.146,0.12,0.277,0.547,0.076,0.302,0.83,0.916,0.111,0.901,0.239,0.556,0.304,0.096,0.209,0.226,0.985,0.13,0.424,0.036,0.118,0.604,0.117,0.703,0.287,0.357
154,0.671,0.536,0.217,0.364,0.171,0.186,0.501,0.812,0.692,0.53,0.666,0.16,0.479,0.632,0.747,0.822,0.121,0.973,0.271,0.715,0.429,0.085,0.255,0.209,0.684,0.094,0.77,0.656,0.457,0.256,0.636,0.099,0.449,0.666,0.942,0.041,0.385,0.697,0.883,0.946,0.753,0.063,0.684,0.601,0.179,0.494,0.751,0.993,0.941,0.496,0.181,0.297,0.364,0.751,0.797,0.194,0.821,0.07,0.191,0.854,0.943,0.495,0.031,0.974
156,0.478,0.566,0.068,0.086,0.552,0.86,0.699,0.879,0.566,0.71,0.374,0.931,0.975,0.824,0.585,0.815,0.609,0.595,0.002,0.644,0.84,0.178,0.202,0.637,0.266,0.232,0.571,0.137,0.307,0.992,0.878,0.642,0.144,0.708,0.739,0.969,0.467,0.259,0.98,0.575,0.832,0.343,0.756,0.761,0.752,0.495,0.792,0.853,0.959,0.631,0.029,0.113,0.074,0.778,0.836,0.307,0.859,0.683,0.455,0.936,0.899,0.673,0.359,0.015
158,0.463,0.364,0.295,0.993,0.402,0.246,0.658,0.232,0.743,0.294,0.516,0.694,0.044,0.548,0.686,0.576,0.646,0.829,0.366,0.9,0.921,0.634,0.342,0.375,0.462,0.035,0.367,0.377,0.246,0.713,0.61,0.659,0.091,0.992,0.47,0.536,0.375,0.17,0.09,0.682,0.669,0.391,0.888,0.199,0.733,0.816,0.877,0.758,0.421,0.319,0.747,0.52,0.422,0.586,0.119,0.004,0.426,0.686,0.021,0.61,0.223,0.994,0.537,0.856
160,0.024,0.7,0.255,0.731,0.799,0.296,0.087,0.084,0.098,0.209,0.853,0.262,0.291,0.611,0.64,0.814,0.692,0.71,0.788,0.939,0.894,0.743,0.01,0.6,0.015,0.913,0.427,0.241,0.592,0.433,0.955,0.939,0.322,0.303,0.162,0.969,0.069,0.216,0.829,0.989,0.177,0.936,0.028,0.259,0.02,0.128,0.787,0.97,0.456,0.225,0.067,0.387,0.633,0.127,0.162,0.326,0.516,0.745,0.74,0.51,0.441,0.312,0.744,0.513
162,0.336,0.272,0.425,0.532,0.602,0.725,0.713,0.058,0.689,0.985,0.371,0.415,0.885,0.243,0.595,0.929,0.944,0.479,0.964,0.137,0.897,0.557,0.353,0.843,0.612,0.104,0.82,0.618,0.532,0.799,0.676,0.566,0.846,0.139,0.092,0.588,0.205,0.509,0.595,0.501,0.691,0.676,0.473,0.433,0.619,0.629,0.484,0.517,0.07,0.481,0.712,0.479,0.243,0.466,0.623,0.568,0.028,0.94,0.142,0.155,0.438,0.839,0.509,0.922
164,0.098,0.635,0.156,0.563,0.247,0.47,0.477,0.216,0.02,0.007,0.427,0.57,0.082,0.235,0.491,0.452,0.529,0.343,0.149,0.46,0.27,0.796,0.653,0.529,0.309,0.425,0.31,0.212,0.415,0.38,0.155,0.312,0.791,0.61,0.434,0.429,0.56,0.967,0.374,0.843,0.975,0.513,0.323,0.657,0.971,0.381,0.622,0.278,0.88,0.686,0.156,0.574,0.858,0.825,0.76,0.359,0.557,0.882,0.598,0.754,0.383,0.286,0.47,0.225
166,0.918,0.495,0.138,0.373,0.092,0.287,0.841,0.88,0.32,0.947,0.882,0.77,0.99,0.53,0.479,0.928,0.958,0.841,0.389,0.14,0.114,0.113,0.918,0.22,0.982,0.971,0.227,0.311,0.431,0.413,0.36,0.831,0.173,0.924,0.929,0.161,0.288,0.051,0.528,0.786,0.596,0.104,0.988,0.066,0.898,0.158,0.584,0.824,0.515,0.07,0.636,0.67,0.422,0.67,0.286,0.488,0.733,0.537,0.769,0.756,0.063,0.644,0.536,0.476
168,0.971,0.512,0.242,0.38,0.669,0.384,0.67,0.183,0.242,0.247,0.168,0.076,0.102,0.59,0.703,0.66,0.271,0.55,0.446,0.469,0.23,0.716,0.38,0.308,0.827,0.452,0.721,0.713,0.048,0.387,0.796,0.648,0.22,0.546,0.763,0.717,0.478,0.496,0.214,0.611,0.831,0.216,0.284,0.243,0.705,0.95,0.854,0.148,0.997,0.478,0.815,0.333,0.273,0.215,0.741,0.624,0.985,0.026,0.782,0.875,0.874,0.759,0.004,0.482
170,0.804,0.1,0.776,0.172,0.972,0.126,0.156,0.83,0.233,0.283,0.4,0.921,0.258,0.377,0.004,0.23,0.642,0.546,0.829,0.025,0.476,0.768,0.835,0.496,0.16,0.944,0.631,0.674,0.572,0.836,0.279,0.128,0.329,0.722,0.816,0.599,0.019,0.451,0.722,0.312,0.221,0.637,0.424,0.871,0.172,0.652,0.183,0.246,0.766,0.429,0.711,0.927,0.803,0.477,0.2,0.398,0.863,0.018,0.777,0.309,0.454,0.586,0.823,0.027
172,0.348,0.142,0.096,0.015,0.749,0.77,0.671,0.698,0.336,0.65,0.639,0.287,0.612,0.341,0.8,0.617,0.057,0.161,0.958,0.736,0.221,0.627,0.803,0.678,0.604,0.828,0.284,0.336,0.337,0.3,0.832,0.919,0.582,0.856,0.285,0.488,0.358,0.891,0.117,0.007,0.019,0.614,0.812,0.626,0.006,0.421,0.696,0.904,0.193,0.296,0.513,0.804,0.238,0.531,0.297,0.599,0.212,0.37,0.653,0.417,0.53,0.391,0.478,0.149
174,0.525,0.53,0.719,0.128,0.177,0.364,0.812,0.788,0.988,0.877,0.93,0.232,0.532,0.941,0.75,0.38,0.432,0.798,0.365,0.002,0.458,0.253,0.611,0.918,0.62,0.389,0.889,0.526,0.42,0.161,0.134,0.069,0.526,0.719,0.047,0.272,0.029,0.394,0.833,0.495,0.948,0.439,0.116,0.49,0.54,0.133,0.216,0.89,0.548,0.257,0.894,0.708,0.227,0.503,0.988,0.943,0.265,0.89,0.622,0.11,0.392,0.684,0.774,0.343
176,0.47,0.043,0.888,0.352,0.487,0.779,0.212,0.738,0.182,0.843,0.725,0.297,0.308,0.069,0.125,0.398,0.342,0.007,0.831,0.935,0.673,0.954,0.37,0.46,0.704,0.846,0.398,0.507,0.636,0.68,0.517,0.891,0.421,0.095,0.849,0.112,0.039,0.283,0.371,0.163,0.666,0.013,0.648,0.601,0.753,0.179,0.358,0.396,0.347,0.102,0.051,0.741,0.353,0.932,0.924,0.032,0.858,0.45,0.193,0.612,0.601,0.536,0.782,0.577
178,0.019,0.383,0.073,0.054,0.387,0.623,0.735,0.933,0.908,0.92,0.004,0.003,0.204,0.824,0.211,0.511,0.285,0.361,0.525,0.532,0.63,0.058,0.377,0.71,0.254,0.681,0.102,0.754,0.019,0.277,0.796,0.231,0.785,0.542,0.85,0.951,0.529,0.59,0.923,0.919,0.495,0.36,0.998,0.403,0.284,0.326,0.933,0.662,0.551,0.766,0.294,0.034,0.473,0.319,0.839,0.69,0.824,0.943,0.64,0.38,0.946,0.251,0.08,0.584
180,0.426,0.915,0.519,0.305,0.109,0.777,0.131,0.425,0.552,0.311,0.607,0.014,0.011,0.306,0.145,0.467,0.057,0.481,0.18,0.465,0.21,0.596,0.751,0.878,0.327,0.822,0.84,0.563,0.755,0.835,0.025,0.757,0.536,0.518,0.491,0.547,0.79,0.257,0.25,0.053,0.195,0.664,0.811,0.054,0.758,0.699,0.494,0.581,0.358,0.242,0.184,0.41,0.02,0.4,0.711,0.308,0.896,0.492,0.059,0.569,0.577,0.456,0.913,0.498
182,0.528,0.24,0.036,0.906,0.165,0.389,0.92,0.364,0.48,0.844,0.052,0.191,0.301,0.459,0.875,0.241,0.162,0.604,0.025,1.0,0.129,0.513,0.738,0.168,0.474,0.236,0.303,0.468,0.353,0.507,0.286,0.217,0.332,0.517,0.818,0.386,0.689,0.546,0.606,0.612,0.434,0.925,0.691,0.378,0.822,0.877,0.247,0.115,0.496,0.662,0.714,0.244,0.903,0.746,0.13,0.075,0.438,0.659,0.599,0.716,0.942,0.618,0.763,0.851
184,0.749,0.901,0.431,0.403,0.405,0.066,0.866,0.136,0.616,0.996,0.19,0.928,0.936,0.079,0.364,0.521,0.114,0.395,0.49,0.17,0.744,0.0,0.772,0.618,0.797,0.33,0.595,0.442,0.061,0.153,0.15,0.978,0.002,0.661,0.255,0.549,0.771,0.411,0.282,0.317,0.497,0.997,0.925,0.172,0.627,0.359,0.715,0.111,0.482,0.358,0.717,0.644,0.823,0.116,0.685,0.187,0.957,0.724,0.783,0.333,0.962,0.726,0.849,0.113
186,0.55,0.717,0.73,0.961,0.785,0.87,0.629,0.071,0.75,0.433,0.898,0.548,0.806,0.577,0.897,0.861,0.206,0.648,0.307,0.493,0.414,0.256,0.027,0.699,0.72,0.12,0.263,0.649,0.07,0.857,0.438,0.585,0.265,0.954,0.285,0.404,0.22,0.214,0.192,0.438,0.078,0.329,0.357,0.81,0.044,0.026,0.128,0.009,0.133,0.336,0.64,0.28,0.316,0.224,0.804,0.743,0.919,0.883,0.689,0.181,0.798,0.25,0.864,0.238
188,0.422,0.23,0.088,0.165,0.386,0.764,0.636,0.162,0.229,0.794,0.52,0.363,0.808,0.437,0.879,0.381,0.505,0.826,0.309,0.078,0.339,0.183,0.692,0.206,0.257,0.945,0.162,0.638,0.456,0.671,0.832,0.519,0.924,0.099,0.039,0.574,0.088,0.108,0.775,0.752,0.6,0.027,0.974,0.534,0.854,0.155,0.776,0.934,0.44,0.277,0.623,0.958,0.967,0.17,0.864,0.232,0.685,0.514,0.844,0.367,0.049,0.453,0.312,0.214
190,0.854,0.753,0.274,0.661,0.724,0.462,0.835,0.141,0.514,0.956,0.415,0.043,0.391,0.716,0.963,0.137,0.188,0.625,0.286,0.175,0.096,0.343,0.342,0.372,0.988,0.572,0.554,0.102,0.531,0.484,0.502,0.337,0.983,0.667,0.385,0.874,0.018,0.523,0.605,0.074,0.216,0.264,0.023,0.051,0.367,0.147,0.455,0.652,0.818,0.503,0.703,0.69,0.943,0.532,0.001,0.947,0.01,0.279,0.795,0.411,0.85,0.465,0.164,0.893
192,0.041,0.94,0.98,0.259,0.829,0.696,0.545,0.702,0.118,0.665,0.679,0.649,0.338,0.868,0.195,0.141,0.252,0.026,0.703,0.215,0.121,0.249,0.423,0.193,0.34,0.799,0.729,0.111,0.944,0.834,0.556,0.052,0.501,0.392,0.606,0.949,0.274,0.911,0.968,0.619,0.9,0.771,0.068,0.626,0.113,0.379,0.05,0.914,0.23,0.86,0.721,0.623,0.853,0.625,0.622,0.944,0.53,0.68,0.205,0.15,0.989,0.875,0.501,0.624
194,0.269,0.41,0.294,0.887,0.098,0.229,0.06,0.476,0.164,0.112,0.177,0.708,0.545,0.987,0.391,0.275,0.292,0.915,0.647,0.318,0.796,0.787,0.039,0.378,0.708,0.301,0.736,0.283,0.616,0.724,0.157,0.057,0.447,0.834,0.968,0.483,0.912,0.558,0.333,0.183,0.762,0.514,0.439,0.723,0.419,0.737,0.067,0.313,0.086,0.291,0.785,0.709,0.701,0.982,0.785,0.181,0.542,0.989,0.01,0.735,0.802,0.994,0.168,0.56
196,0.213,0.729,0.654,0.397,0.791,0.561,0.706,0.467,0.894,0.523,0.639,0.892,0.472,0.776,0.682,0.095,0.916,0.813,0.81,0.164,0.386,0.941,0.277,0.277,0.624,0.882,0.971,0.599,0.735,0.894,0.678,0.814,0.454,0.466,0.135,0.446,0.306,0.981,0.384,0.82,0.489,0.662,0.041,0.097,0.658,0.974,0.492,0.325,0.042,0.198,0.857,0.377,0.12,0.07,0.213,0.732,0.258,0.457,0.637,0.674,0.018,0.746,0.887,0.758
198,0.249,0.656,0.449,0.65,0.502,0.678,0.012,0.618,0.264,0.431,0.731,0.622,0.63,0.897,0.367,0.509,0.371,0.566,0.827,0.146,0.678,0.721,0.449,0.662,0.884,0.45,0.063,0.577,0.435,0.52,0.203,0.022,0.459,0.557,0.124,0.435,0.025,0.795,0.326,0.769,0.346,0.344,0.276,0.341,0.96,0.341,0.364,0.546,0.996,0.276,0.201,0.234,0.723,0.859,0.149,0.187,0.863,0.185,0.77,0.714,0.365,0.736,0.352,0.122
200,0.187,0.014,0.297,0.54,0.408,0.36,0.069,0.786,0.66,0.606,0.287,0.474,0.229,0.587,0.643,0.953,0.463,0.579,0.641,0.759,0.868,0.482,0.1,0.017,0.721,0.384,0.849,0.464,0.23,0.598,0.705,0.375,0.029,0.63,0.908,0.292,0.034,0.847,0.152,0.473,0.191,0.326,0.978,0.461,0.735,0.398,0.471,0.172,0.865,0.933,0.029,0.009,0.991,0.503,0.953,0.409,0.959,0.345,0.26,0.027,0.998,0.21,0.756,0.019
202,0.381,0.641,0.36,0.852,0.213,0.715,0.79,0.343,0.304,0.627,0.721,0.329,0.626,0.695,0.823,0.347,0.883,0.66,0.576,0.355,0.467,0.197,0.443,0.044,0.687,0.445,0.552,0.228,0.499,0.729,0.276,0.28,0.401,0.58,0.092,0.127,0.252,0.212,0.315,0.75,0.905,0.502,0.174,0.953,0.004,0.041,0.045,0.042,0.547,0.072,0.017,0.498,0.652,0.24,0.046,0.293,0.653,0.111,0.843,0.952,0.998,0.834,0.71,0.721
204,0.578,0.306,0.88,0.345,0.462,0.641,0.803,0.439,0.177,0.894,0.033,0.901,0.478,0.145,0.643,0.896,0.3,0.344,0.394,0.507,0.566,0.164,0.118,0.82,0.694,0.648,0.068,0.131,0.586,0.012,0.418,0.951,0.012,0.8,0.173,0.079,0.654,0.425,0.904,0.042,0.691,0.358,0.986,0.993,0.8,0.957,0.081,0.304,0.517,0.873,0.01,0.037,0.899,0.866,0.616,0.13,0.241,0.577,0.675,0.769,0.657,0.545,0.871,0.829
206,0.928,0.95,0.308,0.085,0.048,0.693,0.869,0.682,0.435,0.711,0.551,0.472,0.56,0.242,0.635,0.266,0.206,0.702,0.928,0.963,0.187,0.061,0.187,0.235,0.278,0.471,0.49,0.974,0.74,0.417,0.166,0.008,0.18,0.224,0.634,0.329,0.117,0.677,0.41,0.85,0.562,0.105,0.547,0.708,0.127,0.423,0.565,0.59,0.421,0.055,0.219,0.979,0.893,0.67,0.378,0.262,0.704,0.617,0.478,0.84,0.494,0.621,0.385,0.955
208,0.366,0.426,0.105,0.045,0.283,0.468,0.782,0.535,0.985,0.501,0.375,0.374,0.462,0.446,0.575,0.288,0.581,0.893,0.456,0.523,0.845,0.571,0.724,0.748,0.504,0.797,0.593,0.013,0.248,0.901,0.263,0.511,0.387,0.596,0.511,0.683,0.004,0.221,0.64,0.591,0.862,0.951,0.739,0.445,0.098,0.0,0.567,0.529,0.105,0.217,0.438,0.494,0.282,0.655,0.099,0.161,0.79,0.437,0.168,0.05,0.656,0.072,0.522,0.441
210,0.96,0.848,0.26,0.119,0.242,0.194,0.847,0.183,0.706,0.097,0.453,0.534,0.012,0.912,0.888,0.605,0.366,0.123,0.475,0.889,0.712,0.395,0.867,0.859,0.434,0.368,0.868,0.718,0.973,0.399,0.025,0.004,0.548,0.101,0.364,0.299,0.527,0.686,0.283,0.357,0.202,0.236,0.571,0.406,0.88,0.281,0.061,0.511,0.005,0.519,0.251,0.458,0.247,0.507,0.176,0.133,0.091,0.266,0.503,0.323,0.53,0.172,0.658,0.282
212,0.871,0.25,0.417,0.098,0.279,0.773,0.653,0.936,0.187,0.044,0.261,0.401,0.015,0.119,0.232,0.877,0.423,0.429,0.421,0.274,0.557,0.276,0.631,0.322,0.646,0.238,0.484,0.119,0.947,0.918,0.486,0.189,0.954,0.159,0.273,0.904,0.518,0.393,0.095,0.663,0.933,0.759,0.579,0.894,0.098,0.953,0.476,0.292,0.822,0.543,0.321,0.534,0.217,0.746,0.478,0.831,0.461,0.859,0.886,0.324,0.187,0.045,0.424,0.962
214,0.507,0.111,0.38,0.468,0.243,0.459,0.934,0.865,0.176,0.461,0.811,0.179,0.917,0.975,0.268,0.514,0.286,0.116,0.03,0.4,0.264,0.543,0.657,0.864,0.806,0.792,0.115,0.28,0.601,0.016,0.304,0.662,0.13,0.521,0.436,0.582,0.359,0.336,0.874,0.747,0.099,0.407,0.157,0.077,0.065,0.277,0.23,0.565,0.58,0.118,0.979,0.16,0.466,0.682,0.839,0.632,0.973,0.807,0.808,0.505,0.538,0.188,0.349,0.869
216,0.906,0.114,0.177,0.174,0.265,0.221,0.068,0.035,0.043,0.25,0.141,0.205,0.342,0.947,0.182,0.651,0.534,0.766,0.266,0.502,0.667,0.438,0.734,0.029,0.593,0.163,0.199,0.033,0.345,0.25,0.867,0.661,0.257,0.056,0.419,0.697,0.214,0.929,0.442,0.235,0.353,0.487,0.267,0.292,0.139,0.172,0.223,0.222,0.198,0.734,0.089,0.809,0.325,0.318,0.914,0.448,0.099,0.387,0.299,0.501,0.199,0.823,0.85,0.38
218,0.26,0.506,0.791,0.407,0.051,0.181,0.506,0.798,0.567,0.906,0.813,0.406,0.274,0.043,0.941,0.06,0.416,0.708,0.199,0.713,0.773,0.258,0.93,0.034,0.408,0.806,0.184,0.862,0.035,0.781,0.034,0.299,0.517,0.156,0.689,0.871,0.796,0.849,0.594,0.357,0.259,0.617,0.595,0.314,0.349,0.151,0.421,0.687,0.775,0.427,0.402,0.525,0.487,0.547,0.082,0.996,0.89,0.578,0.897,0.57,0.252,0.521,0.771,0.321
220,0.632,0.204,0.817,0.19,0.897,0.911,0.584,0.967,0.362,0.7,0.336,0.403,0.562,0.005,0.4,0.252,0.955,0.586,0.827,0.355,0.043,0.702,0.952,0.984,0.384,0.649,0.482,0.431,0.942,0.65,0.027,0.59,0.282,0.996,0.356,0.291,0.978,0.207,0.055,0.467,0.406,0.922,0.487,0.912,0.72,0.504,0.209,0.42,0.116,0.206,0.896,0.12,0.453,0.777,0.732,0.114,0.834,0.869,0.453,0.892,0.347,0.218,0.243,0.019
222,0.029,0.696,0.849,0.456,0.808,0.165,0.53,0.873,0.122,0.442,0.297,0.58,0.599,1.0,0.036,0.212,0.38,0.803,0.533,0.172,0.728,0.384,0.462,0.17,0.794,0.279,0.985,0.473,0.388,0.263,0.372,0.234,0.294,0.315,0.394,0.842,0.441,0.193,0.936,0.22,0.814,0.595,0.512,0.194,0.054,0.246,0.19,0.214,0.929,0.573,0.665,0.987,0.641,0.499,0.904,0.819,0.895,0.382,0.739,0.406,0.682,0.009,0.125,0.486
224,0.263,0.724,0.506,0.233,0.863,0.051,0.544,0.951,0.528,0.165,0.123,0.039,0.836,0.221,0.172,0.186,0.974,0.028,0.189,0.139,0.724,0.787,0.237,0.777,0.772,0.917,0.039,0.43,0.312,0.035,0.366,0.994,0.967,0.358,0.538,0.337,0.048,0.605,0.467,0.425,0.261,0.057,0.042,0.783,0.442,0.026,0.794,0.442,0.972,0.004,0.652,0.401,0.533,0.766,0.285,0.896,0.68,0.313,0.525,0.56,0.097,0.617,0.547,0.651
226,0.659,0.642,0.045,0.301,0.593,0.954,0.333,0.096,0.216,0.78,0.949,0.224,0.156,0.097,0.981,0.219,0.273,0.406,0.883,0.112,0.682,0.967,0.006,0.364,0.678,0.639,0.466,0.699,0.759,0.295,0.526,0.23,0.946,0.489,0.619,0.23,0.221,0.751,0.119,0.358,0.264,0.944,0.686,0.287,0.479,0.268,0.915,0.502,0.514,0.195,0.268,0.386,0.604,0.575,0.039,0.61,0.522,0.104,0.662,0.708,0.478,0.403,0.777,0.082
228,0.785,0.595,0.717,0.486,0.506,0.346,0.633,0.853,0.849,0.248,0.744,0.566,0.923,0.459,0.97,0.507,0.18,0.925,0.306,0.245,0.285,0.47,0.322,0.279,0.142,0.65,0.257,0.586,0.791,0.199,0.383,0.844,0.993,0.134,0.986,0.161,0.681,0.478,0.762,0.586,0.683,0.65,0.331,0.424,0.627,0.304,0.941,0.641,0.663,0.078,0.044,0.55,0.855,0.872,0.312,0.526,0.879,0.161,0.839,0.762,0.816,0.675,0.211,0.839
230,0.058,0.27,0.497,0.083,0.702,0.455,0.7,0.405,0.602,0.011,0.265,0.718,0.917,0.674,0.91,0.096,0.229,0.554,0.296,0.832,0.939,0.662,0.088,0.532,0.791,0.278,0.036,0.736,0.114,0.632,0.253,0.764,0.736,0.6,0.907,0.023,0.873,0.197,0.288,0.507,0.185,0.427,0.816,0.739,0.501,0.657,0.093,0.749,0.778,0.983,0.953,0.395,0.68,0.69,0.6,0.265,0.698,0.095,0.18,0.536,0.516,0.747,0.418,0.256
232,0.746,0.272,0.237,0.443,0.976,0.404,0.487,0.574,0.91,0.655,0.987,0.921,0.652,0.914,0.543,0.344,0.698,0.852,0.608,0.733,0.917,0.764,0.315,0.874,0.076,0.346,0.722,0.822,0.448,0.046,0.142,0.067,0.194,0.126,0.098,0.789,0.05,0.03,0.698,0.392,0.057,0.348,0.889,0.574,0.099,0.549,0.685,0.858,0.035,0.721,0.482,0.444,0.575,0.485,0.975,0.606,0.023,0.308,0.221,0.96,0.911,0.281,0.879,0.006
234,0.492,0.083,0.669,0.378,0.333,0.137,0.991,0.837,0.845,0.101,0.702,0.945,0.489,0.835,0.234,0.122,0.332,0.021,0.983,0.304,0.234,0.363,0.947,0.491,0.406,0.877,0.713,0.988,0.539,0.582,0.543,0.233,0.864,0.728,0.359,0.921,0.73,0.641,0.36,0.226,0.425,0.486,0.057,0.689,0.256,0.049,0.54,0.452,0.656,0.403,0.156,0.738,0.866,0.355,0.926,0.592,0.063,0.939,0.708,0.955,0.175,0.88,0.05,0.682
236,0.629,0.764,0.301,0.712,0.415,0.567,0.632,0.587,0.371,0.617,0.291,0.123,0.388,0.994,0.733,0.67,0.699,0.091,0.221,0.493,0.497,0.459,0.844,0.919,0.708,0.649,0.417,0.758,0.07,0.594,0.426,0.688,0.487,0.039,0.253,0.788,0.285,0.201,0.403,0.926,0.822,0.466,0.995,0.362,0.008,0.74,0.372,0.41,0.668,0.781,0.886,0.258,0.865,0.12,0.715,0.05,0.146,0.292,0.586,0.571,0.219,0.818,0.168,0.28
238,0.053,0.868,0.478,0.943,0.697,0.171,0.159,0.595,0.343,0.054,0.069,0.869,0.676,0.358,0.453,0.91,0.784,0.009,0.499,0.235,0.205,0.001,0.121,0.376,0.364,0.012,0.109,0.567,0.862,0.231,0.769,0.403,0.19,0.395,0.183,0.595,0.908,0.854,0.191,0.933,0.831,0.442,0.005,0.595,0.894,0.059,0.737,0.354,0.026,0.502,0.638,0.499,0.063,0.175,0.9,0.335,0.855,0.312,0.173,0.03,0.094,0.157,0.123,0.152
240,0.197,0.414,0.491,0.897,0.873,0.789,0.968,0.259,0.193,0.288,0.389,0.167,0.505,0.695,0.678,0.852,0.175,0.204,0.205,0.548,0.017,0.822,0.817,0.182,0.554,0.091,0.645,0.826,0.67,0.88,0.114,0.379,0.538,0.865,0.651,0.565,0.327,0.364,0.448,0.175,0.921,0.218,0.139,0.921,0.313,0.082,0.321,0.087,0.357,0.836,0.686,0.139,0.988,0.239,0.945,0.538,0.212,0.394,0.78,0.347,0.159,0.61,0.494,0.814
242,0.624,0.882,0.943,0.607,0.328,0.168,0.894,0.428,0.158,0.937,0.718,0.047,0.649,0.722,0.635,0.466,0.448,0.719,0.351,0.016,0.366,0.169,0.805,0.675,0.004,0.56,0.151,0.577,0.734,0.679,0.815,0.944,0.397,0.074,0.083,0.834,0.345,0.1,0.431,0.414,0.523,0.89,0.402,0.686,0.627,0.056,0.431,0.011,0.608,0.873,0.535,0.977,0.195,0.534,0.756,0.996,0.261,0.037,0.591,0.9,0.614,0.756,0.696,0.667
244,0.052,0.35,0.591,0.04,0.621,0.89,0.579,0.545,0.052,0.083,0.136,0.369,0.838,0.239,0.641,0.246,0.41,0.588,0.103,0.414,0.295,0.837,0.786,0.009,0.157,0.465,0.807,0.023,0.543,0.346,0.865,0.786,0.345,0.322,0.06,0.836,0.36,0.147,0.736,0.068,0.0,0.618,0.196,0.426,0.138,0.738,0.231,0.058,0.379,0.773,0.771,0.098,0.845,0.282,0.844,0.048,0.86,0.617,0.101,0.666,0.439,0.176,0.227,0.884
246,0.602,0.454,0.416,0.978,0.047,0.71,0.796,0.777,0.338,0.547,0.756,0.486,0.418,0.606,0.067,0.091,0.693,0.878,0.487,0.298,0.144,0.368,0.398,0.095,0.377,0.766,0.984,0.338,0.511,0.773,0.275,0.439,0.354,0.33,0.496,0.051,0.677,0.081,0.835,0.746,0.504,0.807,0.899,0.83,0.818,0.447,0.626,0.504,0.701,0.335,0.763,0.425,0.849,0.55,0.408,0.528,0.655,0.87,0.947,0.767,0.918,0.927,0.972,0.371
248,0.813,0.125,0.103,0.609,0.953,0.976,0.166,0.046,0.392,0.961,0.923,0.357,0.199,0.44,0.0,0.884,0.989,0.891,0.862,0.334,0.744,0.642,0.161,0.972,0.957,0.468,0.356,0.593,0.944,0.518,0.785,0.714,0.086,0.938,0.858,0.815,0.701,0.399,0.991,0.243,0.095,0.306,0.509,0.025,0.056,0.774,0.445,0.081,0.837,0.244,0.038,0.143,0.227,0.034,0.805,0.293,0.526,0.669,0.894,0.646,0.505,0.777,0.932,0.294
250,0.687,0.054,0.957,0.304,0.885,0.83,0.055,0.745,0.669,0.651,0.16,0.962,0.221,0.146,0.09,0.709,0.562,0.687,0.604,0.463,0.45,0.112,0.974,0.312,0.681,0.553,0.285,0.419,0.142,0.349,0.847,0.587,0.763,0.545,0.031,0.178,0.786,0.823,0.252,0.771,0.072,0.719,0.015,0.198,0.996,0.889,0.951,0.01,0.739,0.078,0.686,0.117,0.065,0.328,0.07,0.082,0.484,0.978,0.397,0.431,0.004,0.057,0.827,0.877
252,0.561,0.899,0.161,0.504,0.853,0.219,0.464,0.886,0.719,0.0,0.368,0.157,0.147,0.879,0.122,0.132,0.38,0.138,0.2,0.509,0.401,0.65,0.81,0.582,0.471,0.501,0.779,0.032,0.243,0.255,0.396,0.104,0.347,0.238,0.101,0.225,0.039,0.644,0.414,0.72,0.216,0.392,0.202,0.602,0.205,0.15,0.415,0.289,0.451,0.111,0.535,0.596,0.96,0.914,0.36,0.666,0.976,0.541,0.256,0.797,0.145,0.734,0.694,0.533
254,0.286,0.637,0.265,0.136,0.524,0.462,0.161,0.336,0.786,0.996,0.127,0.712,0.424,0.072,0.25,0.95,0.625,0.675,0.851,0.331,0.092,0.049,0.068,0.879,0.489,0.367,0.692,0.658,0.682,0.277,0.527,0.437,0.923,0.006,0.603,0.349,0.244,0.747,0.298,0.813,0.734,0.851,0.768,0.573,0.351,0.059,0.132,0.745,0.702,0.451,0.937,0.601,0.31,0.493,0.503,0.34,0.953,0.915,0.428,0.493,0.822,0.73,0.469,0.464
256,0.917,0.339,0.839,0.705,0.615,0.482,0.691,0.229,0.529,0.803,0.678,0.524,0.291,0.677,0.836,0.383,0.912,0.797,0.745,0.075,0.915,0.539,0.536,0.583,0.958,0.013,0.428,0.579,0.609,0.419,0.922,0.205,0.147,0.207,0.689,0.834,0.144,0.605,0.31,0.02,0.368,0.51,0.318,0.298,0.312,0.674,0.354,0.399,0.299,0.432,0.919,0.607,0.305,0.089,0.093,0.811,0.556,0.297,0.079,0.181,0.928,0.046,0.471,0.915
258,0.384,0.351,0.533,0.321,0.719,0.187,0.004,0.759,0.584,0.99,0.532,0.277,0.428,0.881,0.021,0.347,0.936,0.372,0.621,0.4,0.891,0.869,0.262,0.238,0.74,0.028,0.661,0.417,0.602,0.984,0.561,0.277,0.334,0.122,0.646,0.846,0.947,0.069,0.755,0.521,0.799,0.55,0.583,0.764,0.357,0.923,0.491,0.449,0.892,0.355,0.833,0.85,0.569,0.264,0.485,0.251,0.666,0.11,0.448,0.078,0.83,0.751,0.506,0.835
260,0.856,0.896,0.807,0.7,0.5,0.617,0.353,0.701,0.625,0.046,0.189,0.96,0.93,0.29,0.545,0.672,0.868,0.861,0.719,0.746,0.52,0.175,0.294,0.028,0.921,0.128,0.203,0.819,0.047,0.219,0.692,0.484,0.174,0.273,0.606,0.222,0.169,0.254,0.792,0.916,0.523,0.804,0.725,0.05,0.393,0.286,0.548,1.0,0.406,0.939,0.446,0.866,0.835,0.653,0.861,0.737,0.287,0.03,0.858,0.36,0.612,0.456,0.251,0.558
262,0.404,0.295,0.804,0.095,0.317,0.273,0.607,0.386,0.925,0.227,0.756,0.104,0.57,0.302,0.265,0.611,0.807,0.695,0.556,0.451,0.181,0.2,0.235,0.757,0.648,0.745,0.23,0.86,0.689,0.929,0.231,0.872,0.316,0.63,0.791,0.35,0.228,0.68,0.096,0.057,0.452,0.209,0.2,0.854,0.392,0.937,0.251,0.439,0.678,0.301,0.27,0.637,0.908,0.323,0.44,0.222,0.395,0.289,0.958,0.442,0.307,0.3,0.175,0.775
264,0.438,0.617,0.332,0.059,0.188,0.79,0.693,0.508,0.363,0.125,0.311,0.465,0.979,0.367,0.582,0.126,0.255,0.536,0.222,0.286,0.727,0.079,0.55,0.001,0.358,0.173,0.371,0.106,0.902,0.032,0.079,0.396,0.706,0.296,0.348,0.646,0.159,0.313,0.528,0.888,0.352,0.374,0.375,0.32,0.701,0.781,0.718,0.667,0.423,0.537,0.634,0.232,0.237,0.909,0.973,0.78,0.227,0.279,0.815,0.604,0.415,0.186,0.425,0.917
266,0.29,0.57,0.652,0.947,0.134,0.404,0.754,0.239,0.385,0.86,0.833,0.484,0.413,0.368,0.735,0.481,0.962,0.03,0.23,0.688,0.507,0.534,0.992,0.758,0.77,0.952,0.817,0.541,0.13,0.143,0.222,0.867,0.178,0.364,0.585,0.277,0.435,0.463,0.976,0.794,0.728,0.758,0.404,0.895,0.776,0.926,0.183,0.914,0.864,0.1,0.719,0.305,0.537,0.747,0.501,0.382,0.187,0.21,0.603,0.748,0.442,0.283,0.771,0.509
268,0.924,0.609,0.508,0.188,0.913,0.647,0.715,0.582,0.654,0.132,0.094,0.484,0.145,0.836,0.363,0.203,0.003,0.564,0.291,0.034,0.257,0.977,0.306,0.672,0.209,0.126,0.434,0.655,0.249,0.625,0.63,0.36,0.183,0.749,0.312,0.936,0.519,0.001,0.994,0.234,0.683,0.264,0.865,0.655,0.055,0.96,0.785,0.446,0.466,0.614,0.95,0.851,0.324,0.93,0.461,0.608,0.995,0.549,0.405,0.818,0.78,0.835,0.774,0.033
270,0.33,0.436,0.624,0.901,0.95,0.888,0.87,0.914,0.68,0.283,0.474,0.924,0.728,0.14,0.744,0.523,0.408,0.857,0.794,0.519,0.865,0.203,0.645,0.148,0.847,0.545,0.773,0.58,0.088,0.736,0.08,0.314,0.43,0.126,0.603,0.314,0.913,0.354,0.639,0.438,0.607,0.224,0.742,0.198,0.239,0.758,0.208,0.844,0.17,0.438,0.519,0.086,0.502,0.303,0.057,0.825,0.107,0.057,0.922,0.066,0.931,0.87,0.808,0.941
272,0.892,0.892,0.639,0.59,0.589,0.117,0.234,0.277,0.421,0.902,0.356,0.661,0.515,0.481,0.039,0.856,0.518,0.169,0.543,0.549,0.447,0.964,0.621,0.03,0.472,0.459,0.194,0.553,0.623,0.025,0.779,0.738,0.508,0.67,0.459,0.444,0.342,0.461,0.465,1.0,0.573,0.116,0.256,0.947,0.098,0.963,0.392,0.136,0.246,0.029,0.994,0.326,0.894,0.413,0.908,0.192,0.359,0.67,0.885,0.633,0.998,0.652,0.842,0.447
274,0.625,0.714,0.091,0.839,0.509,0.301,0.624,0.716,0.618,0.341,0.876,0.663,0.238,0.687,0.625,0.462,0.433,0.461,0.844,0.914,0.276,0.586,0.298,0.676,0.483,0.682,0.085,0.859,0.476,0.507,0.04,0.884,0.063,0.015,1.0,0.626,0.87,0.957,0.476,0.482,0.054,0.342,0.658,0.731,0.424,0.514,0.336,0.14,0.051,0.827,0.078,0.914,0.122,0.41,0.181,0.809,0.139,0.693,0.769,0.123,0.015,0.81,0.351,0.504
276,0.64,0.784,0.805,0.906,0.169,0.705,0.3,0.819,0.706,0.963,0.505,0.203,0.241,0.333,0.651,0.085,0.843,0.498,0.441,0.25,0.479,0.266,0.108,0.072,0.491,0.801,0.098,0.435,0.329,0.463,0.703,0.974,0.552,0.637,0.391,0.135,0.55,0.873,0.699,0.967,0.063,0.879,0.835,0.563,0.612,0.254,0.973,0.571,0.114,0.738,0.788,0.044,0.244,0.351,0.521,0.764,0.173,0.857,0.964,0.741,0.424,0.965,0.285,0.979
278,0.561,0.34,0.419,0.692,0.849,0.58,0.975,0.272,0.549,0.148,0.509,0.248,0.215,0.82,0.974,0.808,0.238,0.569,0.186,0.433,0.93,0.088,0.078,0.317,0.086,0.044,0.502,0.269,0.797,0.277,0.243,0.928,0.672,0.034,0.876,0.938,0.126,0.123,0.448,0.217,0.741,0.757,0.115,0.848,0.077,0.618,0.533,0.605,0.801,0.715,0.048,0.916,0.103,0.837,0.634,0.732,0.251,0.264,0.519,0.114,0.137,0.591,0.571,0.009
280,0.985,0.057,0.34,0.872,0.731,0.65,0.153,0.977,0.344,0.926,0.947,0.616,0.612,0.918,0.954,0.649,0.352,0.816,0.372,0.188,0.974,0.18,0.31,0.621,0.935,0.867,0.051,0.913,0.13,0.361,0.946,0.426,0.663,0.468,0.471,0.032,0.13,0.725,0.517,0.954,0.026,0.368,0.393,0.65,0.322,0.023,0.314,0.587,0.458,0.442,0.812,0.768,0.471,0.551,0.584,0.475,0.608,0.082,0.466,0.41,0.407,0.737,0.27,0.745
282,0.188,0.079,0.747,0.081,0.312,0.565,0.454,0.993,0.939,0.986,0.875,0.534,0.263,0.368,0.037,0.259,0.382,0.255,0.971,0.437,0.058,0.434,0.501,0.451,0.478,0.251,0.235,0.392,0.901,0.306,0.914,0.346,0.868,0.796,0.953,0.778,0.867,0.06,0.123,0.731,0.048,0.842,0.349,0.955,0.162,0.933,0.015,0.143,0.386,0.848,0.181,0.238,0.674,0.416,0.101,0.894,0.07,0.908,0.532,0.76,0.018,0.321,0.894,0.129
284,0.18,0.608,0.88,0.597,0.139,0.526,0.54,0.542,0.402,0.422,0.471,0.367,0.125,0.89,0.247,0.669,0.111,0.907,0.789,0.941,0.194,0.064,0.146,0.403,0.058,0.013,0.741,0.494,0.074,0.081,0.917,0.158,0.79,0.222,0.9,0.782,0.003,0.689,0.375,0.376,0.138,0.757,0.943,0.982,0.399,0.949,0.933,0.658,0.43,0.761,0.999,0.267,0.431,0.664,0.441,0.821,0.811,0.086,0.791,0.394,0.032,0.931,0.612,0.439
286,0.055,0.018,0.643,0.157,0.651,0.921,0.44,0.324,0.106,0.959,0.096,0.599,0.107,0.151,0.503,0.638,0.844,0.079,0.587,0.818,0.477,0.253,0.888,0.303,0.99,0.527,0.443,0.384,0.846,0.193,0.868,0.757,0.203,0.219,0.974,0.215,0.733,0.293,0.656,0.053,0.936,0.615,0.077,0.777,0.498,0.552,0.449,0.767,0.6,0.714,0.561,0.789,0.804,0.146,0.931,0.417,0.253,0.511,0.76,0.857,0.34,0.117,0.107,0.167
288,0.51,0.379,0.773,0.559,0.854,0.448,0.952,0.035,0.678,0.73,0.522,0.844,0.612,0.246,0.653,0.085,0.064,0.168,0.761,0.76,0.165,0.748,0.882,0.49,0.435,0.769,0.535,0.998,0.98,0.02,0.763,0.127,0.438,0.132,0.792,0.882,0.894,0.054,0.155,0.859,0.051,0.424,0.993,0.877,0.332,0.442,0.421,0.198,0.992,0.449,0.39,0.279,0.611,0.004,0.949,0.443,0.201,0.132,0.947,0.06,0.629,0.7,0.183,0.893
290,0.703,0.687,0.301,0.957,0.321,0.689,0.47,0.665,0.041,0.895,0.332,0.356,0.98,0.121,0.98,0.278,0.799,0.511,0.882,0.057,0.251,0.3,0.761,0.361,0.496,0.397,0.72,0.487,0.745,0.576,0.936,0.706,0.935,0.782,0.939,0.963,0.895,0.33,0.033,0.05,0.218,0.888,0.872,0.208,0.537,0.05,0.174,0.308,0.567,0.343,0.545,0.015,0.217,0.078,0.377,0.834,0.226,0.257,0.567,0.903,0.284,0.881,0.44,0.952
292,0.725,0.929,0.946,0.492,0.719,0.083,0.819,0.748,0.103,0.396,0.778,0.435,0.291,0.083,0.383,0.325,0.8,0.036,0.006,0.884,0.491,0.816,0.047,0.57,0.689,0.913,0.85,0.153,0.429,0.739,0.107,0.2,0.835,0.378,0.012,0.04,0.188,0.928,0.259,0.076,0.069,0.935,0.094,0.151,0.676,0.782,0.242,0.837,0.74,0.392,0.389,0.075,0.483,0.376,0.232,0.206,0.831,0.781,0.31,0.609,0.071,0.34,0.812,0.57
294,0.607,0.732,0.481,0.942,0.628,0.747,0.357,0.488,0.748,0.928,0.874,0.752,0.271,0.423,0.443,0.492,0.381,0.664,0.929,0.636,0.345,0.985,0.667,0.666,0.284,0.612,0.576,0.957,0.104,0.051,0.121,0.817,0.436,0.457,0.283,0.859,0.001,0.667,0.298,0.313,0.332,0.558,0.748,0.765,0.627,0.274,0.568,0.123,0.013,0.013,0.928,0.49,0.187,0.894,0.278,0.608,0.037,0.843,0.505,0.018,0.466,0.686,0.909,0.679
296,0.618,0.77,0.675,0.627,0.678,0.473,0.838,0.007,0.259,0.681,0.134,0.352,0.999,0.809,0.128,0.768,0.17,0.193,0.487,0.074,0.565,0.885,0.59,0.802,0.904,0.369,0.136,0.402,0.397,0.521,0.987,0.02,0.496,0.701,0.733,0.684,0.829,0.75,0.192,0.866,0.662,0.667,0.592,0.207,0.779,0.358,0.665,0.593,0.041,0.747,0.198,0.161,0.876,0.169,0.532,0.572,0.088,0.59,0.706,0.332,0.933,0.639,0.785,0.129
298,0.835,0.955,0.394,0.867,0.454,0.078,0.07,0.622,0.404,0.436,0.846,0.996,0.573,0.013,0.587,0.825,0.97,0.009,0.764,0.288,0.172,0.282,0.004,0.392,0.023,0.76,0.514,0.422,0.166,0.577,0.245,0.272,0.593,0.861,0.499,0.144,0.52,0.807,0.811,0.871,0.193,0.87,0.745,0.362,0.67,0.915,0.327,0.428,0.968,0.911,0.568,0.984,0.817,0.864,0.057,0.212,0.398,0.372,0.822,0.613,0.068,0.727,0.696,0.015
300,0.524,0.472,0.244,0.079,0.431,0.093,0.077,0.79,0.991,0.129,0.759,0.126,0.313,0.724,0.652,0.405,0.195,0.234,0.841,0.894,0.576,0.55,0.035,0.347,0.571,0.956,0.323,0.145,0.943,0.552,0.761,0.82,0.661,0.815,0.786,0.991,0.445,0.91,0.596,0.253,0.355,0.236,0.348,0.898,0.687,0.841,0.387,0.428,0.871,0.484,0.377,0.715,0.42,0.175,0.514,0.172,0.393,0.053,0.11,0.587,0.594,0.447,0.266,0.81
302,0.664,0.335,0.934,0.575,0.667,0.323,0.955,0.225,0.584,0.094,0.452,0.568,0.903,0.737,0.478,0.326,0.259,0.747,0.201,0.554,0.998,0.644,0.335,0.619,0.393,0.368,0.593,0.906,0.623,0.378,0.681,0.778,0.414,0.383,0.228,0.046,0.043,0.849,0.179,0.482,0.742,0.376,0.633,0.652,0.76,0.953,0.1,0.415,0.659,0.856,0.518,0.804,0.421,0.372,0.648,0.225,0.245,0.243,0.758,0.779,0.783,0.467,0.794,0.453
304,0.238,0.158,0.825,0.439,0.969,0.645,0.065,0.178,0.466,0.679,0.046,0.962,0.132,0.163,0.828,0.937,0.947,0.647,0.646,0.825,0.932,0.712,0.463,0.913,0.01,0.004,0.584,0.005,0.417,0.608,0.276,0.839,0.293,0.968,0.685,0.238,0.484,0.541,0.827,0.692,0.246,0.994,0.176,0.538,0.518,0.185,0.82,0.796,0.775,0.815,0.309,0.24,0.385,0.491,0.309,0.689,0.993,0.074,0.574,0.167,0.674,0.566,0.355,0.07
306,0.368,0.502,0.222,0.88,0.723,0.212,0.438,0.84,0.879,0.06,0.91,0.239,0.861,0.977,0.312,0.269,0.606,0.696,0.181,0.22,0.126,0.681,0.894,0.418,0.698,0.318,0.913,0.436,0.545,0.181,0.353,0.612,0.091,0.067,0.047,0.566,0.565,0.515,0.493,0.913,0.313,0.094,0.385,0.305,0.431,0.887,0.323,0.005,0.581,0.93,0.865,0.833,0.587,0.593,0.753,0.682,0.588,0.181,0.876,0.61,0.04,0.313,0.777,0.414
308,0.874,0.695,0.127,0.659,0.12,0.637,0.575,0.294,0.011,0.125,0.591,0.831,0.785,0.273,0.902,0.929,0.054,0.757,0.253,0.129,0.269,0.945,0.79,0.621,0.033,0.617,0.793,0.778,0.004,0.968,0.692,0.304,0.522,0.808,0.88,0.824,0.269,0.815,0.879,0.924,0.2,0.488,0.302,0.65,0.624,0.28,0.591,0.54,0.499,0.065,0.604,0.914,0.12,0.48,0.341,0.577,0.731,0.931,0.197,0.439,0.795,0.788,0.559,0.693
310,0.917,0.719,0.749,0.448,0.817,0.896,0.914,0.948,0.323,0.47,0.24,0.204,0.12,0.709,0.62,0.636,0.0,0.736,0.617,0.57,0.006,0.096,0.563,0.696,0.742,0.649,0.77,0.663,0.021,0.942,0.502,0.281,0.664,0.192,0.216,0.932,0.465,0.673,0.082,0.437,0.269,0.774,0.485,0.077,0.147,0.676,0.805,0.709,0.965,0.395,0.173,0.658,0.892,0.407,0.674,0.099,0.078,0.63,0.097,0.573,0.842,0.001,0.674,0.01
312,0.811,0.698,0.257,0.82,0.481,0.397,0.218,0.181,0.135,0.128,0.864,0.3,0.135,0.276,0.991,0.341,0.478,0.469,0.698,0.91,0.418,0.178,0.542,0.492,0.453,0.895,0.071,0.68,0.27,0.265,0.585,0.642,0.988,0.719,0.0,0.3,0.254,0.284,0.334,0.643,0.238,0.771,0.14,0.617,0.555,0.934,0.06,0.711,0.951,0.855,0.823,1.0,0.82,0.031,0.747,0.56,0.835,0.363,0.847,0.436,0.147,0.892,0.678,0.25
314,0.301,0.005,0.311,0.427,0.085,0.772,0.648,0.703,0.106,0.803,0.242,0.257,0.239,0.762,0.69,0.297,0.728,0.241,0.352,0.893,0.248,0.041,0.575,0.968,0.775,0.335,0.453,0.477,0.113,0.341,0.385,0.763,0.633,0.431,0.47,0.897,0.21,0.183,0.813,0.96,0.395,0.353,0.88,0.795,0.327,0.805,0.715,0.916,0.645,0.412,0.811,0.805,0.411,0.008,0.297,0.381,0.615,0.368,0.357,0.518,0.626,0.696,0.319,0.082
316,0.242,0.251,0.583,0.427,0.735,0.447,0.086,0.145,0.441,0.949,0.033,0.94,0.073,0.909,0.579,0.816,0.709,0.197,0.651,0.411,0.765,0.214,0.916,0.544,0.296,0.231,0.856,0.394,0.13,0.66,0.428,0.735,0.16,0.926,0.687,0.559,0.47,0.126,0.39,0.623,0.409,0.546,0.488,0.254,0.069,0.082,0.995,0.3,0.504,0.824,0.004,0.359,0.971,0.276,0.13,0.97,0.627,0.084,0.982,0.355,0.437,0.15,0.723,0.545
318,0.659,0.13,0.998,0.26,0.234,0.502,0.905,0.722,0.045,0.153,0.154,0.999,0.458,0.632,0.048,0.85,0.858,0.789,0.766,0.639,0.694,0.728,0.646,0.259,0.714,0.212,0.857,0.715,0.241,0.132,0.428,0.594,0.348,0.629,0.172,0.986,0.997,0.132,0.843,0.622,0.116,0.391,0.626,0.491,0.766,0.141,0.933,0.989,0.999,0.534,0.373,0.623,0.726,0.114,0.947,0.704,0.418,0.09,0.129,0.346,0.093,0.021,0.04,0.477
320,0.661,0.637,0.174,0.752,0.662,0.97,0.05,0.817,0.537,0.879,0.399,0.05,0.265,0.768,0.446,0.336,0.288,0.809,0.412,0.62,0.626,0.889,0.165,0.825,0.264,0.517,0.91,0.659,0.897,0.207,0.121,0.15,0.721,0.913,0.016,0.566,0.649,0.705,0.301,0.567,0.45,0.77,0.508,0.024,0.59,0.736,0.678,0.908,0.323,0.513,0.588,0.534,0.935,0.122,0.84,0.317,0.193,0.974,0.64,0.169,0.344,0.061,0.977,0.083
322,0.326,0.351,0.21,0.102,0.18,0.073,0.005,0.122,0.04,0.77,0.089,0.292,0.415,0.882,0.59,0.007,0.783,0.972,0.656,0.689,0.829,0.726,0.131,0.544,0.392,0.228,0.306,0.557,0.249,0.387,0.411,0.67,0.864,0.708,0.399,0.084,0.443,0.005,0.716,0.783,0.959,0.91,0.983,0.186,1.0,0.365,0.252,0.02,0.439,0.957,0.778,0.108,0.577,0.337,0.41,0.681,0.104,0.038,0.41,0.648,0.795,0.695,0.737,0.829
324,0.368,0.084,0.545,0.827,0.498,0.513,0.13,0.185,0.649,0.837,0.329,0.28,0.005,0.255,0.414,0.704,0.327,0.543,0.128,0.561,0.617,0.448,0.19,0.14,0.15,0.412,0.177,0.234,0.101,0.355,0.666,0.262,0.463,0.94,0.157,0.19,0.382,0.453,0.672,0.058,0.088,0.817,0.679,0.579,0.784,0.712,0.634,0.291,0.971,0.056,0.641,0.042,0.956,0.299,0.645,0.913,0.539,0.381,0.867,0.491,0.693,0.13,0.01,0.618
326,0.661,0.369,0.776,0.783,0.243,0.747,0.476,0.634,0.942,0.228,0.541,0.034,0.614,0.087,0.671,0.07,0.426,0.342,0.109,0.347,0.78,0.541,0.181,0.087,0.476,0.96,0.022,0.539,0.743,0.772,0.585,0.687,0.226,0.655,0.155,0.11,0.893,0.109,0.711,0.654,0.401,0.615,0.164,0.389,0.213,0.71,0.0,0.006,0.085,0.533,0.743,0.255,0.261,0.232,0.152,0.676,0.61,0.632,0.461,0.209,0.848,0.181,0.134,0.627
328,0.529,0.942,0.331,0.604,0.472,0.902,0.572,0.393,0.654,0.412,0.993,0.613,0.152,0.685,0.103,0.859,0.758,0.232,0.785,0.362,0.608,0.528,0.739,0.721,0.012,0.528,0.834,0.998,0.527,0.686,0.919,0.987,0.447,0.677,0.026,0.164,0.476,0.579,0.934,0.796,0.437,0.905,0.528,0.027,0.345,0.016,0.141,0.455,0.036,0.354,0.561,0.868,0.422,0.121,0.219,0.008,0.006,0.492,0.519,0.908,0.472,0.623,0.041,0.21
330,0.214,0.921,0.003,0.654,0.584,0.694,0.094,0.662,0.299,0.419,0.783,0.836,0.59,0.874,0.028,0.417,0.239,0.914,0.401,0.708,0.748,0.534,0.853,0.158,0.211,0.955,0.896,0.909,0.104,0.019,0.257,0.083,0.545,0.757,0.104,0.475,0.799,0.21,0.693,0.314,0.503,0.366,0.862,0.433,0.812,0.188,0.515,0.056,0.991,0.337,0.268,0.226,0.786,0.398,0.104,0.514,0.79,0.193,0.243,0.851,0.597,0.089,0.851,0.945
332,0.342,0.489,0.931,0.115,0.946,0.497,0.934,0.279,0.026,0.025,0.598,0.02,0.898,0.667,0.009,0.026,0.987,0.643,0.286,0.615,0.056,0.248,0.091,0.174,0.759,0.107,0.365,0.246,0.19,0.439,0.681,0.529,0.845,0.621,0.939,0.249,0.865,0.845,0.976,0.599,0.569,0.467,0.147,0.973,0.069,0.569,0.295,0.218,0.196,0.689,0.337,0.672,0.812,0.454,0.388,0.344,0.484,0.952,0.218,0.731,0.153,0.69,0.726,0.544
334,0.074,0.335,0.675,0.633,0.2,0.104,0.224,0.247,0.705,0.658,0.211,0.435,0.448,0.52,0.957,0.821,0.912,0.321,0.139,0.653,0.322,0.187,0.42,0.266,0.147,0.736,0.278,0.292,0.361,0.012,0.704,0.776,0.799,0.356,0.334,0.05,0.152,0.564,0.037,0.248,0.636,0.807,0.299,0.756,0.405,0.164,0.034,0.569,0.225,0.456,0.728,0.606,0.575,0.476,0.734,0.046,0.666,0.186,0.144,0.837,0.528,0.887,0.98,0.624
336,0.308,0.552,0.717,0.183,0.268,0.124,0.68,0.332,0.973,0.532,0.09,0.16,0.486,0.395,0.393,0.926,0.112,0.91,0.062,0.708,0.279,0.857,0.972,0.007,0.995,0.297,0.777,0.104,0.865,0.993,0.997,0.191,0.891,0.945,0.954,0.26,0.04,0.259,0.244,0.423,0.562,0.897,0.069,0.447,0.992,0.461,0.16,0.952,0.02,0.134,0.347,0.001,0.142,0.562,0.995,0.555,0.189,0.816,0.782,0.309,0.258,0.867,0.253,0.485
338,0.723,0.378,0.291,0.697,0.365,0.153,0.772,0.14,0.6,0.674,0.783,0.941,0.919,0.613,0.333,0.326,0.786,0.259,0.314,0.42,0.414,0.504,0.526,0.768,0.576,0.483,0.29,0.768,0.858,0.24,0.85,0.97,0.745,0.79,0.875,0.337,0.676,0.99,0.379,0.074,0.266,0.852,0.19,0.634,0.673,0.217,0.562,0.048,0.532,0.447,0.999,0.689,0.868,0.582,0.11,0.541,0.825,0.014,0.669,0.771,0.32,0.535,0.713,0.352
340,0.289,0.838,0.807,0.12,0.785,0.586,0.809,0.729,0.081,0.566,0.168,0.859,0.452,0.273,0.91,0.68,0.035,0.415,0.601,0.942,0.538,0.596,0.6,0.271,0.395,0.744,0.359,0.379,0.248,0.867,0.483,0.332,0.739,0.967,0.677,0.425,0.513,0.794,0.406,0.956,0.028,0.059,0.493,0.18,0.996,0.391,0.534,0.032,0.938,0.563,0.798,0.488,0.403,0.514,0.781,0.06,0.787,0.366,0.466,0.734,0.604,0.174,0.457,0.273
342,0.566,0.224,0.058,0.408,0.878,0.563,0.76,0.161,0.737,0.499,0.628,0.043,0.876,0.792,0.723,0.382,0.294,0.651,0.988,0.753,0.804,0.31,0.179,0.887,0.754,0.02,0.327,0.04,0.396,0.424,0.639,0.075,0.597,0.236,0.93,0.977,0.625,0.022,0.735,0.667,0.098,0.937,0.335,0.198,0.614,0.965,0.388,0.865,0.203,0.687,0.332,0.075,0.287,0.671,0.714,0.746,0.471,0.947,0.247,0.571,0.53,0.748,0.458,0.328
344,0.576,0.162,0.982,0.259,0.992,0.083,0.45,0.515,0.427,0.255,0.247,0.206,0.783,0.523,0.975,0.439,0.754,0.454,0.047,0.334,0.642,0.36,0.898,0.727,0.63,0.876,0.032,0.284,0.011,0.024,0.968,0.946,0.081,0.111,0.94,0.006,0.6,0.517,0.229,0.081,0.545,0.946,0.917,0.298,0.481,0.371,0.826,0.992,0.731,0.455,0.932,0.506,0.505,0.033,0.167,0.598,0.142,0.329,0.934,0.022,0.821,0.835,0.195,0.538
346,0.567,0.456,0.83,0.186,0.704,0.585,0.444,0.725,0.128,0.739,0.548,0.54,0.084,0.798,0.097,0.497,0.312,0.408,0.2,0.648,0.835,0.347,0.578,0.378,0.274,0.74,0.805,0.476,0.427,0.814,0.155,0.703,0.467,0.86,0.661,0.272,0.32,0.802,0.873,0.266,0.932,0.272,0.482,0.311,0.731,0.273,0.1,0.787,0.569,0.737,0.848,0.011,0.652,0.118,0.518,0.915,0.067,0.247,0.182,0.329,0.41,0.703,0.184,0.717
348,0.85,0.049,1.0,0.336,0.498,0.413,0.089,0.779,0.804,0.594,0.06,0.701,0.734,0.768,0.729,0.165,0.852,0.138,0.056,0.138,0.551,0.849,0.928,0.418,0.569,0.479,0.842,0.863,0.901,0.879,0.107,0.292,0.922,0.217,0.901,0.687,0.243,0.876,0.043,0.293,0.008,0.078,0.912,0.465,0.074,0.607,0.624,0.939,0.966,0.446,0.561,0.7,0.988,0.171,0.9,0.419,0.79,0.654,0.974,0.188,0.263,0.061,0.847,0.844
350,0.347,0.09,0.675,0.831,0.65,0.127,0.569,0.838,0.117,0.685,0.84,0.221,0.496,0.793,0.684,0.461,0.246,0.985,0.73,0.758,0.779,0.615,0.415,0.5,0.295,0.923,0.767,0.761,0.045,0.328,0.989,0.687,0.922,0.699,0.637,0.247,0.184,0.809,0.008,0.107,0.948,0.585,0.354,0.535,0.229,0.07,0.148,0.306,0.631,0.489,0.27,0.955,0.543,0.425,0.267,0.323,0.959,0.391,0.154,0.86,0.959,0.794,0.338,0.168
352,0.278,0.859,0.237,0.234,0.544,0.078,0.072,0.165,0.533,0.194,0.725,0.357,0.113,0.828,0.436,0.081,0.665,0.464,0.309,0.119,0.353,0.939,0.329,0.995,0.178,0.452,0.673,0.364,0.827,0.715,0.879,0.341,0.64,0.943,0.815,0.258,0.822,0.521,0.626,0.052,0.531,0.46,0.022,0.097,0.094,0.532,0.653,0.132,0.219,0.03,0.247,0.834,0.706,0.045,0.997,0.555,0.444,0.096,0.155,0.373,0.829,0.685,0.881,0.286
354,0.059,0.95,0.474,0.821,0.525,0.077,0.039,0.075,0.306,0.945,0.346,0.264,0.704,0.395,0.515,0.934,0.578,0.665,0.277,0.849,0.486,0.6,0.313,0.205,0.766,0.004,0.244,0.992,0.883,0.178,0.542,0.545,0.59,0.597,0.229,0.773,0.266,0.22,0.122,0.649,0.544,0.209,0.488,0.043,0.953,0.266,0.508,0.429,0.927,0.381,0.45,0.574,0.126,0.787,0.661,0.547,0.266,0.787,0.071,0.678,0.02,0.074,0.15,0.278
356,0.424,0.278,0.598,0.728,0.769,0.043,0.474,0.487,0.519,0.743,0.376,0.63,0.902,0.616,0.603,0.674,0.338,0.751,0.322,0.013,0.976,0.591,0.531,0.178,0.901,0.164,0.197,0.014,0.04,0.003,0.743,0.052,0.8,0.474,0.662,0.27,0.031,0.119,0.175,0.244,0.422,0.016,0.734,0.594,0.952,0.424,0.086,0.656,0.084,0.188,0.362,0.553,0.462,0.294,0.187,0.579,0.852,0.735,0.154,0.967,0.496,0.466,0.116,0.409
358,0.434,0.338,0.932,0.957,0.721,0.377,0.434,0.472,0.912,0.108,0.072,0.81,0.515,0.292,0.652,0.813,0.928,0.14,0.94,0.481,0.286,0.401,0.55,0.581,0.909,0.244,0.222,0.979,0.032,0.311,0.029,0.478,0.808,0.249,0.768,0.53,0.725,0.374,0.454,0.304,0.545,0.966,0.973,0.317,0.454,0.81,0.227,0.225,0.776,0.742,0.702,0.303,0.564,0.635,0.658,0.761,0.645,0.936,0.165,0.761,0.258,0.325,0.133,0.243
360,0.7,0.517,0.733,0.514,0.929,0.318,0.452,0.371,0.379,0.032,0.854,0.42,0.628,0.976,0.165,0.491,0.909,0.231,0.973,0.904,0.15,0.712,0.464,0.419,0.096,0.103,0.164,0.319,0.486,0.386,0.982,0.959,0.092,0.276,0.032,0.309,0.017,0.405,0.914,0.201,0.613,0.934,0.721,0.972,0.521,0.488,0.032,0.842,0.418,0.499,0.063,0.292,0.816,0.311,0.149,0.872,0.649,0.728,0.592,0.595,0.831,0.236,0.157,0.808
362,0.741,0.322,0.406,0.148,0.127,0.538,0.053,0.679,0.257,0.327,0.912,0.192,0.506,0.065,0.857,0.297,0.564,0.45,0.459,0.546,0.279,0.017,0.365,0.403,0.556,0.716,0.273,0.499,0.119,0.115,0.054,0.595,0.235,0.022,0.735,0.961,0.594,0.648,0.241,0.63,0.588,0.055,0.111,0.025,0.117,0.041,0.027,0.687,0.376,0.175,0.852,0.04,0.123,0.779,0.789,0.045,0.946,0.462,0.085,0.239,0.829,0.033,0.907,0.945
364,0.351,0.112,0.343,0.683,0.748,0.556,0.172,0.49,0.595,0.09,0.764,0.975,0.118,0.605,0.825,0.327,0.011,0.257,0.331,0.296,0.043,0.736,0.288,0.82,0.081,0.509,0.487,0.593,0.487,0.388,0.487,0.325,0.939,0.017,0.114,0.655,0.193,0.149,0.736,0.334,0.777,0.771,0.295,0.489,0.062,0.288,0.736,0.979,0.772,0.634,0.765,0.957,0.163,0.547,0.49,0.013,0.361,0.716,0.244,0.891,0.94,0.398,0.7,0.758
366,0.257,0.032,0.785,0.216,0.613,0.219,0.729,0.786,0.65,0.362,0.967,0.882,0.804,0.892,0.39,0.593,0.059,0.703,0.487,0.496,0.023,0.395,0.759,0.543,0.183,0.926,0.516,0.046,0.72,0.06,0.467,0.036,0.198,0.451,0.58,0.561,0.669,0.622,0.32,0.098,0.732,0.471,0.046,0.745,0.806,0.587,0.305,0.158,0.768,0.809,0.194,0.404,0.843,0.656,0.329,0.93,0.494,0.235,0.421,0.072,0.425,0.557,0.617,0.421
368,0.213,0.982,0.072,0.423,0.315,0.461,0.457,0.042,0.72,0.382,0.257,0.925,0.343,0.179,0.746,0.393,0.065,0.775,0.708,0.875,0.027,0.018,0.113,0.649,0.042,0.431,0.575,0.955,0.06,0.885,0.119,0.221,0.131,0.902,0.6,0.673,0.65,0.073,0.202,0.424,0.737,0.225,0.219,0.036,0.503,0.865,0.359,0.284,0.579,0.703,0.858,0.185,0.279,0.389,0.753,0.194,0.18,0.429,0.192,0.076,0.152,0.963,0.046,0.179
370,0.508,0.466,0.676,0.958,0.078,0.984,0.224,0.545,0.637,0.102,0.059,0.767,0.709,0.784,0.932,0.166,0.003,0.228,0.6,0.071,0.431,0.331,0.222,0.386,0.659,0.478,0.587,0.255,0.318,0.865,0.996,0.95,0.154,0.933,0.53,0.753,0.415,0.987,0.993,0.778,0.915,0.438,0.39,0.388,0.005,0.233,0.909,0.901,0.4,0.399,0.908,0.646,0.347,0.125,0.863,0.463,0.888,0.947,0.972,0.295,0.706,0.856,0.504,0.03
372,0.408,0.465,0.592,0.876,0.505,0.971,0.607,0.422,0.829,0.311,0.765,0.06,0.73,0.697,0.442,0.808,0.914,0.701,0.178,0.731,0.016,0.776,0.499,0.329,0.456,0.377,0.682,0.381,0.017,0.303,0.442,0.58,0.223,0.908,0.863,0.806,0.811,0.843,0.914,0.58,0.699,0.749,0.671,0.037,0.296,0.189,0.64,0.743,0.463,0.889,0.227,0.054,0.696,0.494,0.653,0.271,0.177,0.641,0.651,0.764,0.764,0.85,0.109,0.054
374,0.373,0.296,0.492,0.218,0.574,0.116,0.438,0.234,0.516,0.655,0.665,0.351,0.747,0.217,0.57,0.731,0.388,0.569,0.766,0.241,0.766,0.072,0.509,0.323,0.041,0.369,0.956,0.408,0.361,0.383,0.015,0.272,0.22,0.186,0.893,0.946,0.061,0.208,0.599,0.331,0.433,0.783,0.546,0.455,0.128,0.201,0.855,0.39,0.029,0.625,0.34,0.681,0.369,0.059,0.736,0.173,0.238,0.097,0.966,0.745,0.764,0.089,0.736,0.632
376,0.288,0.138,0.642,0.603,0.099,0.017,0.881,0.334,0.639,0.403,0.353,0.521,0.392,0.178,0.402,0.956,0.881,0.086,0.643,0.368,0.283,0.52,0.067,0.614,0.244,0.254,0.064,0.192,0.98,0.676,0.751,0.093,0.996,0.464,0.421,0.848,0.99,0.476,0.862,0.003,0.065,0.387,0.608,0.245,0.056,0.225,0.072,0.932,0.456,0.787,0.383,0.583,0.396,0.257,0.439,0.021,0.78,0.731,0.945,0.685,0.553,0.01,0.845,0.922
378,0.861,0.03,0.864,0.832,0.286,0.902,0.482,0.135,0.099,0.906,0.269,0.487,0.717,0.971,0.387,0.85,0.503,0.415,0.068,0.178,0.148,0.804,0.979,0.76,0.732,0.84,0.427,0.583,0.028,0.999,0.74,0.365,0.666,0.8,0.469,0.694,0.979,0.889,0.026,0.435,0.058,0.745,0.512,0.903,0.299,0.49,0.085,0.494,0.844,0.515,0.034,0.626,0.005,0.725,0.085,0.856,0.207,0.116,0.931,0.552,0.419,0.773,0.909,0.728
380,0.271,0.084,0.017,0.547,0.351,0.077,0.66,0.825,0.947,0.759,0.008,0.728,0.007,0.431,0.554,0.899,0.111,0.208,0.001,0.742,0.287,0.228,0.356,0.559,0.285,0.132,0.221,0.045,0.65,0.928,0.691,0.972,0.661,0.749,0.559,0.471,0.286,0.431,0.419,0.554,0.735,0.105,0.369,0.031,0.697,0.095,0.973,0.992,0.557,0.188,0.423,0.624,0.791,0.358,0.59,0.096,0.871,0.465,0.884,0.521,0.338,0.679,0.501,0.198
382,0.522,0.737,0.538,0.755,0.193,0.374,0.026,0.054,0.886,0.085,0.016,0.832,0.267,0.778,0.346,0.29,0.063,0.999,0.593,0.791,0.213,0.308,0.73,0.111,0.37,0.189,0.593,0.175,0.412,0.243,0.385,0.345,0.181,0.85,0.393,0.773,0.176,0.327,0.566,0.945,0.49,0.131,0.099,0.4,0.758,0.698,0.518,0.553,0.219,0.22,0.04,0.827,0.761,0.849,0.712,0.795,0.192,0.739,0.887,0.207,0.458,0.791,0.706,0.802
384,0.971,0.45,0.572,0.689,0.849,0.233,0.333,0.812,0.174,0.325,0.865,0.011,0.756,0.055,0.492,0.655,0.55,0.362,0.936,0.757,0.914,0.486,0.73,0.65,0.627,0.23,0.49,0.734,0.026,0.206,0.998,0.955,0.393,0.521,0.4,0.535,0.751,0.478,0.239,0.666,0.794,0.9,0.741,0.292,0.936,0.162,0.762,0.791,0.393,0.242,0.187,0.802,0.002,0.794,0.63,0.667,0.346,0.406,0.398,0.808,0.723,0.161,0.572,0.945
386,0.253,0.729,0.117,0.433,0.719,0.371,0.482,0.136,0.417,0.925,0.912,0.021,0.337,0.512,0.518,0.189,0.558,0.004,0.59,0.591,0.017,0.06,0.334,0.95,0.566,0.141,0.044,0.739,0.067,0.911,0.077,0.519,0.354,0.047,0.753,0.043,0.834,0.447,0.271,0.933,0.829,0.405,0.997,0.332,0.783,0.772,0.489,0.732,0.553,0.672,0.135,0.713,0.93,0.622,0.795,0.083,0.502,0.148,0.677,0.081,0.555,0.906,0.603,0.346
388,0.441,0.893,0.671,0.451,0.309,0.475,0.016,0.036,0.433,0.022,0.23,0.842,0.032,0.466,0.113,0.04,0.64,0.534,0.245,0.874,0.04,0.901,0.464,0.28,0.045,0.073,0.737,0.306,0.541,0.569,0.099,0.957,0.082,0.806,0.566,0.901,0.325,0.056,0.966,0.424,0.141,0.884,0.863,0.847,0.305,0.835,0.793,0.61,0.137,0.699,0.764,0.099,0.99,0.284,0.895,0.259,0.356,0.669,0.705,0.72,0.282,0.496,0.292,0.049
390,0.397,0.663,0.655,0.725,0.771,0.315,0.817,0.383,0.957,0.175,0.493,0.437,0.502,0.457,0.547,0.094,0.08,0.421,0.824,0.011,0.829,0.22,0.286,0.489,0.41,0.989,0.042,0.75,0.922,0.44,0.476,0.513,0.141,0.604,0.969,0.14,0.51,0.962,0.817,0.051,0.382,0.947,0.119,0.637,0.926,0.678,0.713,0.393,0.974,0.736,0.845,0.608,0.956,0.482,0.155,0.213,0.28,0.882,0.899,0.188,0.386,0.442,0.498,0.768
392,0.726,0.815,0.758,0.496,0.872,0.515,0.598,0.876,0.446,0.129,0.11,0.651,0.312,0.836,0.709,0.73,0.346,0.555,0.701,0.488,0.931,0.798,0.275,0.531,0.601,0.645,0.554,0.553,0.408,0.323,0.499,0.21,0.335,0.229,0.652,0.486,0.529,0.039,0.984,0.782,0.557,0.576,0.279,0.405,0.932,0.934,0.486,0.985,0.774,0.184,0.872,0.035,0.664,0.151,0.907,0.336,0.104,0.99,0.616,0.917,0.611,0.058,0.629,0.15
394,0.447,0.386,0.762,0.45,0.775,0.744,0.058,0.449,0.762,0.082,0.732,0.532,0.459,0.244,0.656,0.137,0.136,0.626,0.132,0.854,0.327,0.676,0.35,0.803,0.28,0.321,0.376,0.81,0.647,0.857,0.473,0.666,0.013,0.542,0.168,0.305,0.41,0.101,0.286,0.617,0.49,0.627,0.565,0.458,0.895,0.711,0.375,0.029,0.883,0.057,0.313,0.187,0.903,0.043,0.52,0.081,0.934,0.487,0.241,0.779,0.162,0.735,0.07,0.622
396,0.858,0.023,0.044,0.772,0.773,0.555,0.41,0.936,0.244,0.312,0.555,0.359,0.646,0.98,0.845,0.453,0.584,0.153,0.628,0.485,0.67,0.706,0.728,0.446,0.133,0.265,0.812,0.482,0.663,0.628,0.689,0.201,0.295,0.389,0.467,0.718,0.24,0.022,0.602,0.135,0.442,0.671,0.76,0.221,0.894,0.5,0.573,0.712,0.856,0.491,0.618,0.349,0.583,0.61,0.512,0.623,0.358,0.889,0.302,0.58,0.513,0.263,0.931,0.23
398,0.687,0.526,0.533,0.063,0.175,0.978,0.875,0.849,0.68,0.572,0.267,0.337,0.155,0.587,0.653,0.428,0.744,0.79,0.94,0.647,0.191,0.204,0.79,0.696,0.812,0.772,0.135,0.729,0.682,0.201,0.757,0.873,0.677,0.359,0.868,0.536,0.217,0.879,0.71,0.296,0.969,0.673,0.559,0.521,0.98,0.318,0.097,0.595,0.769,0.931,0.781,0.972,0.374,0.749,0.759,0.023,0.788,0.46,0.673,0.087,0.744,0.284,0.049,0.937
