time,CP6,F7,CP2,FT8,P1,PO8,P9,P4,CPz,P6,FT7,AF8,Fp2,P2,CP5,Pz,O1,FC5,F8,P5,Oz,FC3,P3,PO7,F5,FC2,TP8,CP1,TP7,POz,CP3,T8,Fp1,FC1,F10,F1,C3,T7,C1,C2,C4,FC4,C6,C5,F2,F6,AF3,PO4,P10,P8,P7,PO3,Fz,AF7,FCz,CP4,F4,AF4,Cz,FC6,F9,F3,O2,AFz
-100,0.279,0.972,0.91,0.207,0.016,0.881,0.51,0.304,0.09,0.641,0.34,0.31,0.456,0.686,0.649,0.6,0.867,0.189,0.149,0.272,0.426,0.145,0.668,0.407,0.067,0.642,0.033,0.334,0.193,0.48,0.032,0.178,0.443,0.868,0.178,0.341,0.193,0.337,0.058,0.522,0.254,0.967,0.823,0.452,0.817,0.423,0.594,0.89,0.277,0.123,0.245,0.332,0.522,0.882,0.219,0.466,0.62,0.983,0.101,0.472,0.163,0.35,0.443,0.204
-98,0.69,0.496,0.66,0.07,0.89,0.053,0.877,0.621,0.1,0.057,0.645,0.337,0.25,0.796,0.136,0.029,0.255,0.271,0.786,0.097,0.413,0.766,0.395,0.056,0.861,0.713,0.914,0.097,0.765,0.452,0.173,0.133,0.622,0.724,0.809,0.649,0.581,0.373,0.743,0.892,0.195,0.635,0.647,0.153,0.117,0.47,0.302,0.154,0.902,0.591,0.68,0.85,0.118,0.893,0.983,0.598,0.206,0.872,0.531,0.159,0.322,0.101,0.553,0.456
-96,0.574,0.083,0.495,0.583,0.204,0.154,0.582,1.0,0.927,0.302,0.437,0.085,0.225,0.063,0.493,0.435,0.829,0.624,0.382,0.294,0.223,0.059,0.045,0.626,0.506,0.597,0.518,0.951,0.864,0.702,0.31,0.711,0.581,0.412,0.526,0.397,0.943,0.226,0.85,0.695,0.09,0.53,0.378,0.104,0.314,0.76,0.875,0.779,0.686,0.84,0.027,0.716,0.77,0.316,0.645,0.755,0.889,0.344,0.233,0.968,0.491,0.887,0.875,0.69
-94,0.866,0.327,0.641,0.437,0.492,0.176,0.744,0.423,0.202,0.793,0.625,0.506,0.557,0.455,0.215,0.31,0.926,0.183,0.418,0.67,0.821,0.028,0.428,0.01,0.193,0.001,0.522,0.457,0.454,0.092,0.84,0.478,0.173,0.171,0.415,0.101,0.211,0.917,0.582,0.508,0.695,0.244,0.539,0.312,0.326,0.128,0.569,0.331,0.088,0.291,0.242,0.316,0.343,0.556,0.777,0.258,0.721,0.089,0.414,0.64,0.441,0.568,0.414,0.287
-92,0.727,0.949,0.775,0.912,0.941,0.066,0.125,0.482,0.627,0.186,0.617,0.528,0.049,0.946,0.634,0.246,0.304,0.43,0.951,0.396,0.003,0.922,0.02,0.38,0.939,0.298,0.098,0.119,0.603,0.35,0.226,0.381,0.817,0.434,0.756,0.029,0.598,0.354,0.736,0.96,0.31,0.866,0.416,0.093,0.348,0.524,0.911,0.3,0.155,0.745,0.926,0.171,0.214,0.589,0.555,0.491,0.723,0.411,0.069,0.301,0.015,0.835,0.705,0.3
-90,0.305,0.993,0.05,0.639,0.896,0.381,0.603,0.782,0.951,0.417,0.461,0.857,0.936,0.256,0.12,0.846,0.956,0.945,0.383,0.74,0.569,0.266,0.151,0.427,0.938,0.084,0.79,0.849,0.702,0.277,0.964,0.486,0.574,0.605,0.912,0.835,0.187,0.72,0.857,0.162,0.847,0.29,0.477,0.495,0.387,0.854,0.043,0.624,0.268,0.307,0.757,0.195,0.814,0.013,0.78,0.224,0.135,0.718,0.221,0.608,0.277,0.961,0.001,0.538
-88,0.518,0.717,0.756,0.572,0.461,0.545,0.457,0.926,0.583,0.523,0.086,0.628,0.517,0.395,0.356,0.03,0.369,0.937,0.724,0.452,0.288,0.338,0.35,0.492,0.561,0.957,0.261,0.25,0.228,0.855,0.215,0.827,0.105,0.527,0.784,0.731,0.43,0.193,0.033,0.626,0.776,0.399,0.027,0.401,0.593,0.214,0.617,0.331,0.43,0.874,0.931,0.657,0.12,0.07,0.525,0.32,0.142,0.925,0.311,0.788,0.759,0.701,0.523,0.66
-86,0.09,0.172,0.833,0.741,0.931,0.018,0.631,0.344,0.879,0.94,0.749,0.299,0.911,0.717,0.009,0.928,0.666,0.781,0.664,0.071,0.366,0.578,0.418,0.869,0.231,0.098,0.185,0.826,0.952,0.385,0.314,0.812,0.438,0.151,0.047,0.111,0.541,0.747,0.17,0.174,0.558,0.822,0.545,0.994,0.376,0.575,0.95,0.307,0.244,0.889,0.861,0.718,0.196,0.423,0.516,0.38,0.655,0.348,0.823,0.974,0.007,0.905,0.622,0.673
-84,0.807,0.598,0.276,0.341,0.557,0.534,0.395,0.453,0.743,0.526,0.996,0.255,0.129,0.094,0.93,0.755,0.984,0.937,0.757,0.447,0.765,0.955,0.9,0.083,0.249,0.536,0.514,0.511,0.283,0.224,0.708,0.226,0.735,0.123,0.746,0.143,0.587,0.792,0.079,0.547,0.479,0.379,0.143,0.664,0.038,0.191,0.444,0.535,0.495,0.06,0.728,0.249,0.086,0.586,0.806,0.691,0.647,0.456,0.07,0.665,0.92,0.533,0.445,0.866
-82,0.95,0.543,0.252,0.348,0.435,0.289,0.428,0.45,0.387,0.851,0.043,0.717,0.62,0.537,0.801,0.537,0.514,0.057,0.17,0.868,0.167,0.98,0.153,0.878,0.551,0.825,0.84,0.204,0.517,0.424,0.249,0.146,0.182,0.612,0.039,0.752,0.695,0.709,0.544,0.675,0.431,0.385,0.462,0.839,0.611,0.323,0.692,0.389,0.496,0.31,0.888,0.423,0.278,0.362,0.544,0.347,0.787,0.906,0.319,0.939,0.591,0.677,0.794,0.109
-80,0.154,0.961,0.393,0.011,0.246,0.162,0.79,0.423,0.151,0.656,0.271,0.756,0.604,0.559,0.496,0.119,0.515,0.743,0.799,0.351,0.627,0.895,0.521,0.978,0.139,0.646,0.327,0.751,0.073,0.911,0.76,0.51,0.842,0.062,0.694,0.978,0.129,0.114,0.545,0.476,0.05,0.639,0.858,0.179,0.522,0.435,0.654,0.124,0.789,0.289,0.683,0.041,0.865,0.428,0.495,0.483,0.826,0.379,0.227,0.936,0.755,0.052,0.335,0.682
-78,0.618,0.919,0.634,0.875,0.368,0.599,0.309,0.605,0.959,0.928,0.611,0.259,0.164,0.265,0.043,0.189,0.67,0.518,0.468,0.328,0.735,0.108,0.79,0.341,0.131,0.971,0.329,0.282,0.924,0.693,0.843,0.648,0.101,0.33,0.217,0.643,0.963,0.023,0.25,0.801,0.52,0.447,0.714,0.456,0.271,0.53,0.156,0.284,0.585,0.428,0.155,0.694,0.23,0.29,0.882,0.21,0.378,0.828,0.873,0.664,0.334,0.707,0.27,0.205
-76,0.417,0.805,0.616,0.742,0.41,0.516,0.845,0.702,0.292,0.634,0.872,0.956,0.155,0.951,0.694,0.741,0.379,0.224,0.583,0.791,0.711,0.056,0.281,0.444,0.135,0.949,0.652,0.134,0.981,0.336,0.124,0.281,0.06,0.174,0.141,0.575,0.358,0.902,0.766,0.327,0.613,0.577,0.151,0.341,0.871,0.551,0.905,0.494,0.055,0.299,0.309,0.1,0.416,0.675,0.689,0.922,0.41,0.77,0.304,0.146,0.442,0.91,0.03,0.798
-74,0.359,0.938,0.603,0.483,0.863,0.697,0.372,0.438,0.026,0.314,0.274,0.368,0.971,0.776,0.588,0.658,0.719,0.787,0.975,0.364,0.71,0.365,0.802,0.042,0.897,0.851,0.655,0.89,0.206,0.375,0.866,0.738,0.264,0.091,0.3,0.633,0.33,0.397,0.655,0.139,0.975,0.869,0.361,0.392,0.829,0.918,0.503,0.921,0.467,0.877,0.684,0.402,0.516,0.549,0.346,0.977,0.685,0.58,0.523,0.337,0.039,0.086,0.659,0.559
-72,0.444,0.124,0.914,0.856,0.514,0.86,0.317,0.835,0.85,0.049,0.545,0.686,0.85,0.513,0.769,0.199,0.849,0.86,0.693,0.982,0.628,0.895,0.548,0.57,0.491,0.817,0.316,0.127,0.134,0.593,0.87,0.306,0.631,0.034,0.229,0.367,0.234,0.433,0.075,0.804,0.8,0.589,0.139,0.902,0.3,0.326,0.155,0.838,0.246,0.404,0.04,0.278,0.006,0.253,0.957,0.027,0.604,0.634,0.674,0.368,0.494,0.181,0.202,0.398
-70,0.969,0.024,0.8,0.771,0.991,0.268,0.438,0.422,0.568,0.64,0.664,0.975,0.488,0.686,0.677,0.939,0.513,0.693,0.187,0.415,0.531,0.708,0.725,0.98,0.721,0.724,0.728,0.257,0.828,0.149,0.309,0.751,0.432,0.875,0.528,0.205,0.818,0.294,0.266,0.608,0.451,0.956,0.815,0.31,0.992,0.804,0.812,0.734,0.229,0.495,0.747,0.46,0.167,0.16,0.565,0.743,0.497,0.699,0.883,0.67,0.637,0.009,0.197,0.731
-68,0.352,0.621,0.147,0.731,0.2,0.999,0.806,0.833,0.103,0.15,0.674,0.946,0.068,0.065,0.948,0.93,0.398,0.341,0.992,0.264,0.034,0.578,0.652,0.839,0.185,0.12,0.309,0.532,0.209,0.478,0.37,0.028,0.184,0.745,0.243,0.233,0.71,0.801,0.169,0.335,0.758,0.11,0.403,0.544,0.229,0.798,0.819,0.033,0.982,0.188,0.498,0.108,0.263,0.564,0.409,0.956,0.709,0.22,0.285,0.395,0.362,0.44,0.208,0.097
-66,0.271,0.722,0.437,0.618,0.781,0.479,0.654,0.081,0.618,0.027,0.921,0.418,0.4,0.77,0.459,0.235,0.69,0.029,0.686,0.95,0.226,0.096,0.14,0.272,0.506,0.665,0.181,0.538,0.453,0.807,0.833,0.031,0.753,0.826,0.686,0.535,0.108,0.644,0.522,0.982,0.052,0.198,0.654,0.418,0.379,0.493,0.065,0.169,0.716,0.466,0.033,0.876,0.761,0.103,0.338,0.965,0.915,0.42,0.571,0.793,0.752,0.693,0.466,0.891
-64,0.556,0.505,0.45,0.336,0.328,0.176,0.235,0.485,0.377,0.045,0.812,0.882,0.951,0.885,0.23,0.395,0.213,0.072,0.748,0.553,0.158,0.759,0.029,0.127,0.676,0.75,0.394,0.398,0.483,0.965,0.621,0.882,0.917,0.457,0.25,0.481,0.737,0.445,0.56,0.091,0.525,0.532,0.3,0.423,0.991,0.277,0.456,0.177,0.101,0.563,0.928,0.688,0.038,0.284,0.169,0.648,0.912,0.877,0.054,0.215,0.514,0.911,0.104,0.141
-62,0.966,0.784,0.201,0.076,0.007,0.421,0.383,0.507,0.012,0.208,0.289,0.508,0.198,0.057,0.008,0.435,0.224,0.894,0.02,0.882,0.363,0.328,0.754,0.848,0.394,0.627,0.381,0.507,0.95,0.576,0.298,0.064,0.537,0.607,0.529,0.054,0.382,0.893,0.995,0.105,0.888,0.831,0.882,0.724,0.404,0.812,0.248,0.512,0.04,0.074,0.661,0.607,0.562,0.921,0.05,0.803,0.507,0.798,0.123,0.89,0.227,0.975,0.868,0.222
-60,0.608,0.98,0.23,0.354,0.633,0.118,0.108,0.465,0.118,0.222,0.786,0.452,0.924,0.349,0.04,0.593,0.864,0.366,0.328,0.732,0.62,0.3,0.875,0.711,0.105,0.536,0.654,0.519,0.036,0.89,0.638,0.418,0.978,0.429,0.248,0.503,0.526,0.702,0.121,0.148,0.99,0.139,0.816,0.452,0.684,0.251,0.218,0.505,0.611,0.803,0.151,0.823,0.542,0.252,0.339,0.814,0.251,0.539,0.899,0.672,0.211,0.538,0.931,0.909
-58,0.906,0.232,0.356,0.037,0.266,0.266,0.616,0.626,0.442,0.441,0.637,0.368,0.157,0.425,0.063,0.227,0.698,0.242,0.339,0.091,0.335,0.649,0.694,0.362,0.128,0.545,0.471,0.521,0.52,0.459,0.951,0.992,0.149,0.907,0.07,0.802,0.363,0.809,0.027,0.055,0.375,0.355,0.622,0.199,0.06,0.395,0.451,0.384,0.684,0.07,0.789,0.542,0.037,0.577,0.09,0.407,0.951,0.5,0.1,0.954,0.388,0.893,0.967,0.524
-56,0.049,0.921,0.83,0.678,0.682,0.498,0.777,0.647,0.362,0.782,0.85,0.282,0.654,0.496,0.154,0.274,0.504,0.429,0.952,0.83,0.287,0.89,0.46,0.697,0.045,0.167,0.684,0.241,0.059,0.369,0.754,0.816,0.26,0.253,0.969,0.18,0.064,0.595,0.44,0.874,0.434,0.463,0.075,0.418,0.801,0.965,0.931,0.332,0.758,0.265,0.149,0.52,0.522,0.89,0.145,0.64,0.219,0.839,0.836,0.363,0.338,0.248,0.806,0.091
-54,0.007,0.652,0.911,0.54,0.716,0.442,0.791,0.279,0.155,0.56,0.018,0.315,0.813,0.597,0.087,0.001,0.456,0.071,0.442,0.381,0.115,0.783,0.05,0.254,0.775,0.362,0.492,0.787,0.395,0.368,0.6,0.408,0.127,0.727,0.864,0.91,0.616,0.042,0.634,0.517,0.94,0.923,0.551,0.697,0.411,0.629,0.444,0.739,0.604,0.626,0.196,0.727,0.469,0.554,0.715,0.68,0.169,0.603,0.569,0.028,0.995,0.779,0.699,0.747
-52,0.607,0.33,0.261,0.744,0.194,0.928,0.018,0.878,0.248,0.602,0.755,0.761,0.548,0.678,0.522,0.59,0.225,0.909,0.7,0.143,0.267,0.377,0.244,0.688,0.111,0.233,0.218,0.42,0.823,0.446,0.5,0.441,0.911,0.883,0.546,0.889,0.701,0.455,0.969,0.684,0.148,0.804,0.298,0.437,0.684,0.787,0.871,0.042,0.129,0.186,0.554,0.068,0.92,0.372,0.362,0.284,0.268,0.22,0.009,0.629,0.673,0.375,0.586,0.812
-50,0.871,0.753,0.875,0.821,0.648,0.432,0.465,0.708,0.681,0.903,0.725,0.697,0.797,0.369,0.878,0.382,0.785,0.833,0.926,0.88,0.994,0.044,0.268,0.642,0.52,0.364,0.776,0.64,0.152,0.123,0.16,0.313,0.946,0.341,0.489,0.23,0.005,0.621,0.391,0.718,0.011,0.64,0.074,0.973,0.851,0.448,0.043,0.603,0.032,0.863,0.447,0.103,0.145,0.291,0.346,0.412,0.522,0.027,0.572,0.376,0.274,0.469,0.777,0.874
-48,0.877,0.12,0.69,0.977,0.231,0.025,0.498,0.407,0.636,0.274,0.033,0.442,0.266,0.736,0.261,0.386,0.812,0.766,0.129,0.4,0.707,0.348,0.827,0.153,0.092,0.882,0.858,0.912,0.963,0.979,0.34,0.563,0.806,0.87,0.371,0.928,0.308,0.957,0.139,0.113,0.578,0.328,0.007,0.523,0.175,0.824,0.255,0.562,0.263,0.905,0.115,0.852,0.308,0.252,0.682,0.718,0.021,0.007,0.997,0.617,0.859,0.632,0.323,0.27
-46,0.328,0.495,0.928,0.601,0.872,0.192,0.781,0.95,0.457,0.071,0.428,0.423,0.179,0.045,0.865,0.348,0.346,0.081,0.565,0.371,0.847,0.754,0.067,0.174,0.464,0.314,0.263,0.456,0.977,0.084,0.608,0.586,0.977,0.2,0.128,0.864,0.091,0.992,0.411,0.594,0.295,0.262,0.84,0.172,0.103,0.095,0.165,0.665,0.501,0.09,0.024,0.703,0.845,0.043,0.695,0.759,0.787,0.409,0.935,0.205,0.887,0.128,0.022,0.61
-44,0.285,0.385,0.816,0.676,0.582,0.762,0.818,0.946,0.299,0.38,0.375,0.514,0.755,0.785,0.714,0.871,0.607,0.974,0.429,0.735,0.976,0.004,0.716,0.674,0.287,0.891,0.138,0.518,0.43,0.912,0.179,0.08,0.538,0.246,0.457,0.156,0.089,0.937,0.129,0.768,0.369,0.668,0.477,0.915,0.684,0.445,0.225,0.888,0.536,0.779,0.276,0.499,0.583,0.368,0.505,0.38,0.471,0.669,0.879,0.966,0.433,0.232,0.115,0.417
-42,0.672,0.672,0.727,0.008,0.266,0.317,0.948,0.475,0.705,0.958,0.943,0.219,0.306,0.046,0.362,0.059,0.563,0.372,0.37,0.163,0.786,0.708,0.166,0.429,0.696,0.992,0.375,0.722,0.178,0.754,0.428,0.22,0.086,0.126,0.489,0.143,0.146,0.374,0.834,0.637,0.361,0.037,0.607,0.711,0.321,0.662,0.479,0.921,0.988,0.978,0.029,0.335,0.75,0.81,0.49,0.775,0.926,0.97,0.196,0.017,0.734,0.723,0.002,0.079
-40,0.588,0.877,0.717,0.06,0.846,0.14,0.14,0.646,0.964,0.779,0.867,0.308,0.952,0.037,0.571,0.443,0.21,0.112,0.571,0.861,0.361,0.02,0.799,0.967,0.201,0.252,0.911,0.928,0.258,0.675,0.755,0.325,0.312,0.711,0.687,0.844,0.85,0.158,0.834,0.213,0.697,0.754,0.252,0.536,0.603,0.625,0.492,0.801,0.856,0.921,0.964,0.678,0.636,0.644,0.988,0.546,0.155,0.019,0.125,0.268,0.843,0.439,0.186,0.403
-38,0.691,0.192,0.192,0.858,0.298,0.336,0.235,0.208,0.385,0.542,0.931,0.362,0.092,0.282,0.887,0.079,0.458,0.675,0.043,0.447,0.435,0.639,0.749,0.392,0.526,0.868,0.988,0.431,0.096,0.657,0.911,0.479,0.234,0.725,0.039,0.124,0.342,0.801,0.121,0.329,0.382,0.693,0.265,0.233,0.155,0.533,0.213,0.875,0.796,0.826,0.259,0.141,0.992,0.161,0.739,0.168,0.359,0.63,0.927,0.314,0.772,0.082,0.714,0.622
-36,0.854,0.898,0.39,0.518,0.66,0.126,0.668,0.809,0.242,0.217,0.339,0.03,0.066,0.239,0.603,0.686,0.172,0.637,0.521,0.536,0.042,0.397,0.7,0.369,0.275,0.436,0.951,0.662,0.922,0.224,0.471,0.066,0.742,0.779,0.011,0.351,0.463,0.564,0.969,0.924,0.386,0.71,0.576,0.023,0.833,0.212,0.188,0.852,0.719,0.154,0.421,0.828,0.895,0.782,0.833,0.014,0.606,0.146,0.847,0.247,0.08,0.624,0.53,0.397
-34,0.09,0.547,0.119,0.273,0.403,0.617,0.465,0.268,0.955,0.84,0.303,0.059,0.755,0.079,0.23,0.299,0.02,0.555,0.314,0.283,0.161,0.288,0.612,0.394,0.665,0.485,0.971,0.862,0.055,0.736,0.022,0.876,0.008,0.849,0.153,0.161,0.128,0.809,0.38,0.771,0.338,0.728,0.346,0.038,0.114,0.177,0.264,0.211,0.708,0.514,0.005,0.378,0.124,0.601,0.411,0.398,0.993,0.891,0.993,0.812,0.568,0.985,0.479,0.948
-32,0.796,0.429,0.598,0.677,0.791,0.016,0.887,0.178,0.424,0.142,0.992,0.099,0.518,0.849,0.529,0.874,0.159,0.748,0.169,0.806,0.795,0.817,0.257,0.95,0.161,0.399,0.784,0.965,0.463,0.692,0.678,0.11,0.169,0.988,0.186,0.385,0.051,0.624,0.407,0.005,0.869,0.284,0.7,0.728,0.244,0.286,0.657,0.635,0.265,0.085,0.162,0.907,0.103,0.173,0.342,0.905,0.707,0.742,0.587,0.867,0.176,0.949,0.525,0.513
-30,0.254,0.581,0.384,0.327,0.123,0.077,0.162,0.621,0.589,0.932,0.378,0.04,0.282,0.729,0.623,0.508,0.523,0.827,0.194,0.099,0.495,0.531,0.233,0.978,0.863,0.337,0.429,0.035,0.693,0.488,0.837,0.507,0.639,0.524,0.032,0.168,0.98,0.235,0.806,0.033,0.046,0.384,0.821,0.65,0.643,0.554,0.097,0.873,0.553,0.427,0.614,0.967,0.607,0.613,0.268,0.052,0.063,0.78,0.35,0.083,0.517,0.035,0.956,0.254
-28,0.445,0.663,0.392,0.711,0.445,0.93,0.428,0.739,0.564,0.469,0.806,0.976,0.465,0.533,0.581,0.577,0.924,0.045,0.262,0.22,0.433,0.142,0.603,0.469,0.918,0.452,0.326,0.581,0.358,0.88,0.163,0.078,0.643,0.842,0.81,0.621,0.105,0.822,0.302,0.232,0.768,0.116,0.147,0.53,0.327,0.401,0.515,0.461,0.019,0.77,0.736,0.828,0.298,0.376,0.699,0.604,0.743,0.903,0.18,0.047,0.391,0.206,0.716,0.028
-26,0.771,0.805,0.674,0.103,0.558,0.637,0.625,0.231,0.423,0.493,0.702,0.933,0.548,0.084,0.484,0.613,0.384,0.647,0.215,0.62,0.738,0.041,0.032,0.062,0.97,0.858,0.617,0.786,0.873,0.028,0.84,0.669,0.553,0.323,0.17,0.705,0.117,0.162,0.204,0.189,0.157,0.699,0.612,0.77,0.332,0.612,0.375,0.061,0.457,0.666,0.482,0.591,0.421,0.311,0.79,0.602,0.392,0.18,0.651,0.661,0.002,0.466,0.081,0.632
-24,0.397,0.003,0.088,0.842,0.52,0.953,0.264,0.735,0.737,0.353,0.043,0.872,0.641,0.285,0.405,0.211,0.433,0.903,0.712,0.235,0.946,0.02,0.457,0.019,0.484,0.059,0.741,0.502,0.612,0.118,0.469,0.249,0.727,0.695,0.91,0.391,0.614,0.331,0.735,0.811,0.049,0.06,0.122,0.472,0.463,0.933,0.991,0.624,0.153,0.015,0.138,0.767,0.867,0.457,0.332,0.764,0.264,0.957,0.224,0.151,0.411,0.18,0.576,0.189
-22,0.294,0.727,0.146,0.864,0.429,0.203,0.588,0.932,0.377,0.885,0.843,0.66,0.974,0.644,0.124,0.322,0.131,0.71,0.307,0.856,0.865,0.446,0.643,0.517,0.68,0.876,0.892,0.326,0.547,0.284,0.15,0.345,0.072,0.493,0.762,0.108,0.012,0.185,0.981,0.596,0.12,0.816,0.188,0.813,0.397,0.645,0.031,0.111,0.77,0.416,0.664,0.895,0.82,0.343,0.262,0.155,0.667,0.817,0.682,0.294,0.435,0.483,0.43,0.831
-20,0.375,0.25,0.632,0.426,0.899,0.37,0.605,0.174,0.86,0.245,0.754,0.985,0.071,0.83,0.836,0.256,0.041,0.049,0.257,0.638,0.165,0.574,0.303,0.081,0.022,0.84,0.011,0.12,0.915,0.515,0.297,0.746,0.055,0.468,0.522,0.596,0.255,0.751,0.358,0.469,0.091,0.537,0.464,0.549,0.463,0.405,0.546,0.916,0.653,0.004,0.174,0.382,0.726,0.124,0.396,0.335,0.688,0.656,0.205,0.471,0.767,0.487,0.195,0.649
-18,0.354,0.41,0.821,0.462,0.707,0.385,0.235,0.681,0.852,0.418,0.414,0.236,0.876,0.742,0.018,0.184,0.119,0.51,0.007,0.499,0.235,0.188,0.921,0.479,0.124,0.922,0.89,0.399,0.765,0.987,0.344,0.692,0.049,0.103,0.454,0.391,0.393,0.935,0.955,0.704,0.77,0.556,0.44,0.473,0.428,0.41,0.36,0.719,0.947,0.489,0.534,0.914,0.768,0.978,0.67,0.92,0.179,0.612,0.892,0.615,0.593,0.223,0.996,0.245
-16,0.08,0.264,0.462,0.644,0.59,0.493,0.881,0.163,0.661,0.792,0.526,0.117,0.524,0.461,0.063,0.141,0.839,0.816,0.016,0.825,0.606,0.082,0.04,0.825,0.016,0.127,0.803,0.497,0.515,0.761,0.294,0.937,0.354,0.172,0.791,0.613,0.766,0.446,0.46,0.878,0.609,0.288,0.587,0.674,0.714,0.597,0.218,0.746,0.429,0.23,0.298,0.276,0.639,0.072,0.689,0.387,0.835,0.539,0.622,0.425,0.522,0.941,0.107,0.766
-14,0.084,0.723,0.053,0.855,0.975,0.456,0.497,0.675,0.069,0.666,0.191,0.11,0.277,0.142,0.419,0.794,0.551,0.886,0.179,0.388,0.266,0.054,0.921,0.78,0.679,0.057,0.187,0.297,0.234,0.109,0.112,0.703,0.43,0.554,0.435,0.746,0.144,0.969,0.253,0.236,0.016,0.231,0.013,0.842,0.798,0.379,0.962,0.392,0.714,0.385,0.298,0.132,0.729,0.632,0.849,0.334,0.025,0.38,0.104,0.943,0.739,0.045,0.161,0.397
-12,0.785,0.069,0.639,0.719,0.504,0.055,0.181,0.569,0.193,0.16,0.222,0.823,0.97,0.579,0.289,0.854,0.531,0.333,0.061,0.55,0.628,0.896,0.523,0.142,0.461,0.465,0.67,0.233,0.206,0.549,0.272,0.529,0.695,0.271,0.403,0.779,0.967,0.532,0.643,0.033,0.047,0.627,0.477,0.752,0.11,0.968,0.286,0.573,0.858,0.778,0.907,0.269,0.215,0.567,0.973,0.258,0.021,0.959,0.842,0.146,0.981,0.626,0.661,0.993
-10,0.891,0.103,0.053,0.929,0.484,0.182,0.567,0.266,0.656,0.03,0.071,0.825,0.974,0.822,0.184,0.351,0.494,0.138,0.484,0.622,0.272,0.073,0.158,0.434,0.469,0.843,0.489,0.191,0.317,0.851,0.191,0.973,0.728,0.323,0.407,0.717,0.165,0.61,0.273,0.289,0.273,0.795,0.475,0.498,0.542,0.095,0.239,0.904,0.04,0.629,0.935,0.002,0.663,0.765,0.864,0.337,0.032,0.6,0.307,0.852,0.392,0.986,0.069,0.05
-8,0.258,0.007,0.192,0.168,0.759,0.318,0.071,0.255,0.074,0.939,0.68,0.519,0.201,0.241,0.418,0.91,0.198,0.776,0.418,0.469,0.347,0.659,0.647,0.675,0.5,0.012,0.038,0.901,0.982,0.089,0.273,0.818,0.535,0.996,0.571,0.754,0.739,0.486,0.535,0.864,0.472,0.745,0.369,0.422,0.805,0.834,0.237,0.508,0.186,0.443,0.452,0.96,0.113,0.132,0.604,0.548,0.148,0.976,0.906,0.843,0.174,0.964,0.907,0.333
-6,0.099,0.854,0.122,0.741,0.178,0.014,0.81,0.917,0.205,0.369,0.366,0.432,0.362,0.834,0.213,0.659,0.131,0.334,0.371,0.958,0.596,0.204,0.219,0.102,0.048,0.445,0.491,0.767,0.632,0.82,0.852,0.309,0.402,0.946,0.17,0.675,0.083,0.525,0.764,0.331,0.332,0.967,0.16,0.346,0.354,0.96,0.072,0.055,0.075,0.397,0.521,0.755,0.306,0.505,0.129,0.49,0.597,0.16,0.696,0.583,0.192,0.142,0.35,0.978
-4,0.261,0.853,0.76,0.285,0.584,0.653,0.885,0.957,0.137,0.45,0.198,0.771,0.683,0.924,0.495,0.412,0.698,0.086,0.965,0.296,0.07,0.773,0.025,0.974,0.366,0.524,0.89,0.083,0.404,0.799,0.091,0.656,0.812,0.783,0.679,0.193,0.001,0.04,0.307,0.522,0.549,0.003,0.382,0.652,0.656,0.667,0.813,0.471,0.246,0.532,0.983,0.512,0.808,0.383,0.09,0.502,0.392,0.81,0.406,0.492,0.568,0.373,0.748,0.082
-2,0.972,0.551,0.958,0.848,0.117,0.306,0.687,0.348,0.922,0.685,0.535,0.468,0.588,0.288,0.273,0.913,0.503,0.43,0.087,0.217,0.006,0.959,0.688,0.201,0.426,0.131,0.168,0.453,0.93,0.927,0.87,0.449,0.024,0.702,0.283,0.985,0.05,0.632,0.57,0.37,0.427,0.653,0.231,0.478,0.609,0.459,0.812,0.134,0.878,0.507,0.348,0.118,0.207,0.77,0.679,0.32,0.087,0.481,0.504,0.041,0.69,0.787,0.15,0.444
0,0.575,0.702,0.841,0.406,0.174,0.241,0.136,0.804,0.291,0.236,0.333,0.757,0.248,0.503,0.208,0.053,0.976,0.162,0.836,0.498,0.024,0.936,0.798,0.171,0.274,0.374,0.625,0.099,0.593,0.438,0.771,0.016,0.2,0.861,0.416,0.107,0.298,0.223,0.64,0.971,0.153,0.227,0.349,0.056,0.98,0.376,0.301,0.498,0.63,0.32,0.457,0.876,0.882,0.462,0.071,0.865,0.011,0.402,0.433,0.955,0.636,0.474,0.003,0.167
2,0.933,0.038,0.148,0.912,0.804,0.886,0.218,0.654,0.146,0.388,0.855,0.906,0.957,0.719,0.71,0.602,0.23,0.204,0.688,0.259,0.275,0.311,0.193,0.579,0.234,0.974,0.011,0.951,0.43,0.014,0.158,0.746,0.982,0.134,0.012,0.661,0.748,0.176,0.822,0.735,0.384,0.823,0.694,0.869,0.46,0.544,0.503,0.353,0.373,0.346,0.152,0.102,0.453,0.468,0.415,0.965,0.217,0.723,0.843,0.736,0.943,0.347,0.16,0.076
4,0.965,0.846,0.183,0.257,0.821,0.913,0.918,0.503,0.599,0.372,0.605,0.445,0.376,0.241,0.565,0.57,0.137,0.319,0.212,0.452,0.249,0.649,0.713,0.449,0.036,0.844,0.539,0.813,0.734,0.242,0.449,0.788,0.697,0.02,0.788,0.534,0.068,0.77,0.965,0.198,0.824,0.677,0.249,0.522,0.604,0.446,0.662,0.231,0.876,0.201,0.569,0.889,0.241,0.31,0.172,0.329,0.815,0.468,0.817,0.973,0.69,0.565,0.855,0.109
6,0.586,0.036,0.741,0.388,0.471,0.711,0.712,0.177,0.969,0.217,0.599,0.016,0.54,0.46,0.229,0.261,0.346,0.844,0.589,0.772,0.008,0.847,0.024,0.362,0.044,0.287,0.903,0.358,0.557,0.837,0.05,0.46,0.767,0.502,0.274,0.387,0.678,0.388,0.432,0.2,0.362,0.948,0.33,0.484,0.766,0.971,0.139,0.566,0.617,0.435,0.073,0.684,0.082,0.834,0.775,0.555,0.167,0.15,0.393,0.968,0.868,0.644,0.476,0.144
8,0.08,0.201,0.534,0.717,0.001,0.307,0.212,0.38,0.11,0.427,0.618,0.756,0.649,0.903,0.457,0.583,0.253,0.367,0.211,0.808,0.049,0.145,0.918,0.025,0.278,0.717,0.569,0.094,0.619,0.19,0.546,0.103,0.415,0.408,0.689,0.634,0.275,0.613,0.454,0.014,0.085,0.107,0.64,0.934,0.518,0.964,0.685,0.561,0.912,0.771,0.709,0.155,0.766,0.782,0.862,0.692,0.13,0.866,0.98,0.346,0.488,0.332,0.879,0.273
10,0.296,0.603,0.151,0.01,0.657,0.712,0.602,0.54,0.641,0.594,0.182,0.029,0.698,0.908,0.504,0.954,0.164,0.688,0.817,0.798,0.745,0.332,0.514,0.722,0.827,0.85,0.294,0.625,0.117,0.95,0.911,0.286,0.735,0.213,0.517,0.453,0.79,0.505,0.906,0.188,0.162,0.236,0.228,0.256,0.385,0.23,0.76,0.601,0.014,0.579,0.639,0.988,0.284,0.723,0.536,0.545,0.227,0.87,0.133,0.83,0.142,0.143,0.673,0.108
12,0.328,0.021,0.987,0.629,0.806,0.548,0.771,0.347,0.016,0.392,0.348,0.377,0.011,0.552,0.003,0.9,0.998,0.527,0.76,0.157,0.612,0.051,0.966,0.011,0.466,0.648,0.222,0.62,0.28,0.261,0.145,0.143,0.214,0.8,0.645,0.788,0.543,0.397,0.115,0.355,0.809,0.885,0.516,0.555,0.964,0.22,0.874,0.25,0.94,0.589,0.259,0.091,0.505,0.953,0.389,0.152,0.46,0.945,0.298,0.811,0.878,0.229,0.191,0.667
14,0.977,0.729,0.615,0.182,0.306,0.605,0.195,0.312,0.94,0.464,0.054,0.907,0.351,0.651,0.002,0.623,0.703,0.175,0.206,0.526,0.315,0.777,0.301,0.231,0.613,0.991,0.385,0.505,0.072,0.012,0.052,0.117,0.666,0.368,0.872,0.644,0.691,0.518,0.773,0.73,0.413,0.521,0.049,0.419,0.639,0.136,0.376,0.131,0.897,0.778,0.742,0.298,0.953,0.745,0.46,0.523,0.893,0.569,0.587,0.178,0.052,0.222,0.302,0.964
16,0.927,0.76,0.839,0.426,0.779,0.217,0.594,0.043,0.773,0.138,0.879,0.313,0.962,0.021,0.813,0.819,0.146,0.808,0.192,0.109,0.518,0.494,0.905,0.463,0.984,0.825,0.621,0.091,0.721,0.919,0.324,0.567,0.428,0.474,0.613,0.76,0.686,0.825,0.346,0.279,0.893,0.175,0.424,0.377,0.792,0.029,0.837,0.227,0.859,0.076,0.823,0.123,0.574,0.158,0.356,0.208,0.737,0.416,0.888,0.745,0.711,0.066,0.135,0.696
18,0.021,0.585,0.609,0.56,0.263,0.182,0.713,0.232,0.905,0.303,0.394,0.348,0.588,0.401,0.332,0.832,0.265,0.827,0.312,0.591,0.821,0.486,0.991,0.688,0.069,0.647,0.996,0.728,0.024,0.12,0.717,0.229,0.578,0.869,0.77,0.229,0.972,0.713,0.982,0.12,0.054,0.533,0.648,0.172,0.23,0.497,0.059,0.928,0.11,0.974,0.278,0.435,0.556,0.196,0.316,0.576,0.515,0.324,0.745,0.876,0.893,0.339,0.655,0.258
20,0.693,0.276,0.273,0.818,0.208,0.026,0.346,0.413,0.731,0.358,0.672,0.338,0.365,0.75,0.637,0.994,0.083,0.901,0.886,0.723,0.531,0.453,0.956,0.432,0.087,0.959,0.752,0.509,0.762,0.936,0.157,0.446,0.046,0.261,0.714,0.133,0.317,0.839,0.353,0.231,0.578,0.714,0.237,0.207,0.724,0.036,0.626,0.169,0.471,0.471,0.088,0.858,0.457,0.225,0.036,0.001,0.827,0.449,0.931,0.129,0.447,0.15,0.838,0.597
22,0.253,0.402,0.443,0.537,0.984,0.129,0.996,0.528,0.935,0.775,0.069,0.99,0.761,0.205,0.038,0.357,0.436,0.861,0.622,0.308,0.05,0.797,0.56,0.442,0.617,0.938,0.905,0.304,0.368,0.47,0.215,0.151,0.927,0.272,0.977,0.194,0.609,0.672,0.511,0.634,0.342,0.36,0.897,0.978,0.525,0.554,0.841,0.552,0.824,0.189,0.85,0.344,0.96,0.022,0.623,1.0,0.27,0.458,0.188,0.014,0.67,0.992,0.245,0.123
24,0.131,0.216,0.844,0.588,0.357,0.962,0.867,0.735,0.753,0.571,0.817,0.574,0.31,0.359,0.123,0.806,0.329,0.7,0.87,0.53,0.5,0.013,0.724,0.095,0.181,0.403,0.857,0.883,0.993,0.286,0.414,0.114,0.076,0.806,0.32,0.085,0.319,0.846,0.051,0.654,0.026,0.299,0.254,0.675,0.735,0.068,0.639,0.993,0.969,0.487,0.502,0.874,0.638,0.423,0.761,0.108,0.351,0.108,0.092,0.068,0.209,0.789,0.032,0.437
26,0.664,0.279,0.149,0.563,0.216,0.399,0.438,0.311,0.925,0.0,0.165,0.456,0.605,0.914,0.144,0.306,0.48,0.304,0.863,0.641,0.038,0.131,0.51,0.033,0.346,0.811,0.953,0.828,0.776,0.29,0.718,0.46,0.154,0.775,0.514,0.67,0.514,0.617,0.365,0.48,0.116,0.854,0.034,0.188,0.624,0.924,0.728,0.007,0.708,0.797,0.568,0.322,0.914,0.271,0.405,0.281,0.493,0.906,0.115,0.348,0.305,0.35,0.822,0.071
28,0.673,0.198,0.136,0.773,0.722,0.003,0.788,0.386,0.575,0.101,0.14,0.054,0.682,0.778,0.881,0.668,0.859,0.056,0.007,0.37,0.755,0.486,0.347,0.57,0.586,0.302,0.502,0.48,0.503,0.925,0.711,0.521,0.595,0.8,0.199,0.272,0.083,0.585,0.919,0.261,0.913,0.478,0.139,0.184,0.183,0.771,0.359,0.876,0.996,0.96,0.041,0.224,0.104,0.538,0.312,0.847,0.75,0.804,0.366,0.741,0.183,0.268,0.493,0.219
30,0.053,0.967,0.996,0.576,0.338,0.73,0.118,0.223,0.161,0.071,0.942,0.322,0.777,0.921,0.659,0.937,0.782,0.402,0.546,0.712,0.31,0.72,0.008,0.578,0.325,0.271,0.193,0.853,0.268,0.722,0.732,0.136,0.145,0.213,0.816,0.769,0.104,0.539,0.897,0.461,0.37,0.61,0.822,0.065,0.591,0.371,0.268,0.658,0.362,0.903,0.185,0.557,0.751,0.69,0.442,0.551,0.413,0.006,0.047,0.663,0.75,0.738,0.527,0.417
32,0.975,0.897,0.19,0.703,0.437,0.321,0.442,0.385,0.859,0.468,0.414,0.169,0.182,0.269,0.727,0.328,0.214,0.069,0.353,0.903,0.964,0.054,0.324,0.52,0.133,0.193,0.678,0.635,0.502,0.745,0.519,0.893,0.241,0.23,0.454,0.204,0.973,0.3,0.45,0.443,0.773,0.407,0.037,0.793,0.486,0.744,0.234,0.17,0.254,0.921,0.731,0.697,0.969,0.281,0.409,0.805,0.403,0.757,0.471,0.286,0.55,0.048,0.732,0.856
34,0.127,0.233,0.679,0.524,0.37,0.142,0.783,0.956,0.114,0.173,0.351,0.933,0.223,0.547,0.633,0.297,0.583,0.858,0.364,0.229,0.256,0.622,0.572,0.657,0.552,0.584,0.622,0.045,0.633,0.47,0.602,0.076,0.802,0.634,0.143,0.987,0.729,0.048,0.053,0.162,0.528,0.27,0.551,0.875,0.87,0.073,0.117,0.415,0.135,0.391,0.335,0.733,0.261,0.592,0.304,0.92,0.183,0.892,0.178,0.667,0.971,0.582,0.316,0.582
36,0.66,0.134,0.235,0.854,0.335,0.828,0.226,0.746,0.686,0.627,0.128,0.24,0.142,0.004,0.24,0.848,0.127,0.036,0.147,0.226,0.492,0.882,0.314,0.566,0.836,0.424,0.109,0.308,0.117,0.766,0.766,0.995,0.703,0.858,0.54,0.826,0.039,0.207,0.604,0.277,0.461,0.061,0.847,0.253,0.922,0.511,0.541,0.353,0.53,0.241,0.73,0.478,0.659,0.902,0.364,0.661,0.185,0.22,0.817,0.981,0.022,0.982,0.611,0.203
38,0.405,0.656,0.515,0.87,0.331,0.935,0.882,0.918,0.583,0.191,0.596,0.032,0.761,0.549,0.616,0.03,0.423,0.922,0.799,0.235,0.515,0.875,0.878,0.837,0.05,0.185,0.691,0.939,0.529,0.409,0.649,0.685,0.928,0.956,0.479,0.37,0.07,0.986,0.085,0.097,0.181,0.171,0.588,0.205,0.488,0.535,0.028,0.85,0.662,0.516,0.989,0.492,0.481,0.065,0.007,0.894,0.781,0.84,0.322,0.726,0.519,0.172,0.811,0.289
40,0.348,0.898,0.596,0.265,0.752,0.642,0.338,0.872,0.837,0.164,0.568,0.42,0.988,0.282,0.588,0.352,0.037,0.317,0.377,0.274,0.838,0.831,0.93,0.273,0.071,0.744,0.114,0.347,0.363,0.34,0.654,0.434,0.327,0.204,0.948,0.477,0.265,0.754,0.189,0.723,0.034,0.533,0.376,0.989,0.596,0.78,0.741,0.047,0.729,0.229,0.814,0.58,0.577,0.069,0.728,0.356,0.091,0.396,0.225,0.15,0.885,0.074,0.083,0.377
42,0.832,0.952,0.509,0.233,0.388,0.965,0.016,0.83,0.6,0.242,0.822,0.967,0.265,0.113,0.787,0.601,0.956,0.658,0.145,0.073,0.908,0.445,0.241,0.118,0.241,0.965,0.122,0.427,0.282,0.518,0.69,0.37,0.618,0.63,0.442,0.518,0.986,0.53,0.311,0.763,0.298,0.481,0.198,0.995,0.796,0.706,0.954,0.667,0.371,0.257,0.536,0.618,0.829,0.531,0.636,0.207,0.059,0.101,0.921,0.155,0.969,0.444,0.751,0.938
44,0.259,0.874,0.839,0.555,0.327,0.626,0.367,0.921,0.451,0.391,0.257,0.222,0.38,0.47,0.034,0.486,0.664,0.689,0.415,0.873,0.577,0.521,0.761,0.96,0.732,0.211,0.929,0.047,0.5,0.853,0.928,0.216,0.603,0.445,0.915,0.774,0.023,0.786,0.656,0.685,0.411,0.835,0.426,0.254,0.533,0.27,0.222,0.286,0.573,0.618,0.525,0.413,0.021,0.141,0.465,0.631,0.577,0.131,0.555,0.679,0.388,0.946,0.766,0.739
46,0.498,0.189,0.984,0.437,0.594,0.464,0.672,0.56,0.763,0.431,0.3,0.653,0.071,0.989,0.786,0.782,0.238,0.126,0.863,0.04,0.608,0.937,0.177,0.674,0.447,0.607,0.077,0.394,0.442,0.621,0.365,0.762,0.025,0.84,0.439,0.153,0.269,0.017,0.274,0.546,0.28,0.02,0.622,0.93,0.616,0.426,0.89,0.192,0.473,0.012,0.261,0.608,0.813,0.257,0.219,0.964,0.184,0.02,0.144,0.504,0.833,0.357,0.999,0.536
48,0.303,0.182,0.959,0.727,0.334,0.955,0.373,0.021,0.427,0.575,0.262,0.221,0.665,0.212,0.985,0.431,0.555,0.853,0.373,0.413,0.062,0.288,0.42,0.999,0.147,0.686,0.823,0.903,0.011,0.296,0.701,0.986,0.539,0.401,0.364,0.979,0.651,0.341,0.131,0.031,0.692,0.257,0.351,0.176,0.267,0.973,0.521,0.955,0.026,0.603,0.713,0.529,0.85,0.203,0.346,0.374,0.123,0.02,0.406,0.464,0.598,0.518,0.906,0.772
50,0.716,0.117,0.062,0.787,0.014,0.998,0.124,0.933,0.977,0.675,0.787,0.239,0.39,0.668,0.752,0.081,0.797,0.968,0.339,0.847,0.325,0.071,0.638,0.614,0.332,0.671,0.387,0.628,0.58,0.285,0.052,0.299,0.343,0.825,0.451,0.934,0.111,0.514,0.31,0.173,0.372,0.596,0.457,0.067,0.017,0.14,0.407,0.699,0.028,0.527,0.507,0.186,0.184,0.918,0.314,0.434,0.142,0.701,0.604,0.834,0.901,0.944,0.497,0.782
52,0.751,0.291,0.114,0.514,0.751,0.343,0.793,0.725,0.257,0.743,0.922,0.448,0.175,0.467,0.258,0.177,0.436,0.182,0.11,0.57,0.317,0.903,0.628,0.642,0.956,0.727,0.408,0.519,0.491,0.577,0.578,0.919,0.419,0.782,0.94,0.583,0.438,0.809,0.332,0.389,0.341,0.69,0.082,0.907,0.091,0.055,0.526,0.18,0.442,0.201,0.76,0.723,0.973,0.104,0.11,0.646,0.452,0.24,0.382,0.587,0.232,0.379,0.188,0.186
54,0.753,0.658,0.194,0.121,0.711,0.732,0.357,0.919,0.569,0.909,0.435,0.619,0.61,0.106,0.725,0.674,0.177,0.908,0.117,0.166,0.094,0.182,0.782,0.639,0.711,0.206,0.625,0.267,0.279,0.521,0.008,0.216,0.061,0.189,0.616,0.788,0.632,0.73,0.711,0.595,0.322,0.003,0.96,0.264,0.848,0.382,0.749,0.683,0.426,0.876,0.752,0.775,0.642,0.136,0.492,0.856,0.022,0.925,0.227,0.744,0.482,0.459,0.088,0.184
56,0.555,0.608,0.325,0.0,0.204,0.232,0.368,0.965,0.142,0.062,0.381,0.185,0.943,0.294,0.878,0.289,0.299,0.578,0.678,0.78,0.859,0.679,0.478,0.793,0.38,0.728,0.958,0.616,0.177,0.74,0.113,0.147,0.93,0.62,0.239,0.613,0.771,0.014,0.179,0.38,0.906,0.496,0.492,0.209,0.953,0.928,0.595,0.579,0.324,0.779,0.14,0.668,0.074,0.248,0.467,0.103,0.339,0.988,0.251,0.865,0.949,0.903,0.777,0.153
58,0.907,0.575,0.333,0.367,0.666,0.737,0.084,0.704,0.651,0.588,0.814,0.625,0.558,0.572,0.12,0.371,0.858,0.154,0.305,0.479,0.172,0.975,0.646,0.587,0.697,0.676,0.395,0.637,0.911,0.373,0.117,0.11,0.558,0.481,0.509,0.282,0.247,0.731,0.805,0.891,0.986,0.468,0.45,0.721,0.082,0.484,0.379,0.423,0.954,0.785,0.561,0.27,0.914,0.211,0.14,0.071,0.338,0.271,0.26,0.095,0.053,0.599,0.585,0.362
60,0.485,0.824,0.845,0.405,0.173,0.2,0.751,0.092,0.661,0.549,0.47,0.416,0.422,0.14,0.03,0.604,0.328,0.129,0.148,0.876,0.589,0.554,0.637,0.391,0.632,0.649,0.99,0.545,0.991,0.299,0.201,0.685,0.024,0.56,0.455,0.179,0.719,0.152,0.504,0.122,0.895,0.468,0.505,0.344,0.25,0.217,0.358,0.896,0.042,0.387,0.398,0.773,0.603,0.462,0.435,0.326,0.112,0.654,0.169,0.756,0.176,0.672,0.641,0.969
62,0.55,0.09,0.554,0.897,0.722,0.608,0.83,0.001,0.27,0.607,0.689,0.035,0.17,0.216,0.906,0.716,0.645,0.127,0.233,0.313,0.642,0.07,0.966,0.481,0.504,0.095,0.81,0.861,0.653,0.605,0.446,0.369,0.327,0.394,0.667,0.251,0.605,0.947,0.233,0.859,0.972,0.167,0.02,0.385,0.197,0.2,0.083,0.079,0.657,0.027,0.351,0.376,0.977,0.388,0.707,0.14,0.598,0.525,0.993,0.334,0.28,0.388,0.228,0.007
64,0.286,0.488,0.377,0.42,0.082,0.977,0.896,0.811,0.882,0.886,0.864,0.005,0.6,0.58,0.241,0.589,0.897,0.368,0.28,0.572,0.538,0.278,0.058,0.967,0.173,0.564,0.515,0.625,0.004,0.066,0.828,0.22,0.125,0.902,0.368,0.514,0.631,0.333,0.81,0.652,0.753,0.679,0.419,0.687,0.513,0.749,0.652,0.624,0.548,0.043,0.237,0.218,0.038,0.669,0.769,0.901,0.065,0.492,0.859,0.867,0.195,0.121,0.24,0.811
66,0.424,0.782,0.522,0.809,0.177,0.427,0.815,0.491,0.695,0.191,0.346,0.93,0.84,0.197,0.578,0.576,0.318,0.792,0.465,0.199,0.439,0.335,0.749,0.271,0.427,0.973,0.044,0.404,0.757,0.431,0.525,0.967,0.895,0.826,0.882,0.753,0.0,0.109,0.808,0.464,0.712,0.888,0.764,0.534,0.294,0.215,0.381,0.021,0.652,0.371,0.356,0.606,0.049,0.111,0.36,0.044,0.079,0.552,0.363,0.241,0.165,0.344,0.299,0.728
68,0.853,0.054,0.675,0.19,0.027,0.178,0.003,0.72,0.628,0.917,0.975,0.787,0.069,0.214,0.175,0.133,0.282,0.922,0.43,0.739,0.745,0.841,0.796,0.427,0.663,0.954,0.153,0.808,0.821,0.455,0.72,0.257,0.23,0.644,0.023,0.202,0.148,0.86,0.479,0.138,1.0,0.931,0.257,0.984,0.229,0.215,0.681,0.636,0.71,0.861,0.513,0.21,0.806,0.362,0.661,0.671,0.292,0.916,0.413,0.32,0.524,0.358,0.917,0.113
70,0.947,0.546,0.782,0.432,0.478,0.48,0.743,0.757,0.709,0.498,0.641,0.638,0.336,0.078,0.816,0.263,0.606,0.221,0.822,0.627,0.704,0.271,0.713,0.051,0.966,0.535,0.704,0.834,0.604,0.865,0.25,0.026,0.739,0.718,0.816,0.245,0.711,0.43,0.575,0.91,0.713,0.704,0.72,0.567,0.238,0.982,0.19,0.816,0.2,0.562,0.843,0.995,0.535,0.539,0.63,0.761,0.487,0.557,0.232,0.466,0.804,0.35,0.072,0.08
72,0.822,0.692,0.395,0.652,0.56,0.266,0.341,0.233,0.534,0.388,0.621,0.101,0.519,0.942,0.514,0.236,0.532,0.003,0.465,0.475,0.277,0.631,0.259,0.276,0.335,0.754,0.34,0.709,0.376,0.553,0.845,0.189,0.663,0.594,0.338,0.984,0.117,0.56,0.914,0.809,0.859,0.111,0.496,0.001,0.321,0.537,0.841,0.569,0.81,0.646,0.281,0.58,0.592,0.109,0.515,0.418,0.123,0.759,0.093,0.905,0.813,0.625,0.268,0.411
74,0.054,0.878,0.292,0.151,0.282,0.783,0.152,0.361,0.445,0.001,0.079,0.148,0.323,0.952,0.878,0.404,0.597,0.679,0.788,0.644,0.696,0.54,0.581,0.212,0.124,0.801,0.92,0.445,0.522,0.429,0.796,0.399,0.999,0.432,0.325,0.863,0.022,0.164,0.519,0.444,0.23,0.139,0.28,0.467,0.532,0.249,0.824,0.79,0.797,0.009,0.411,0.171,0.611,0.428,0.882,0.153,0.495,0.198,0.886,0.854,0.019,0.634,0.522,0.913
76,0.952,0.908,0.491,0.733,0.435,0.682,0.064,0.117,0.505,0.192,0.424,0.365,0.911,0.614,0.709,0.201,0.045,0.159,0.189,0.838,0.55,0.169,0.314,0.399,0.978,0.474,0.585,0.357,0.545,0.383,0.737,0.9,0.153,0.546,0.059,0.287,0.954,0.972,0.289,0.766,0.519,0.111,0.161,0.621,0.107,0.787,0.294,0.782,0.247,0.66,0.577,0.096,0.935,0.546,0.892,0.11,0.278,0.741,0.224,0.649,0.037,0.62,0.534,0.091
78,0.621,0.126,0.847,0.669,0.862,0.906,0.07,0.31,0.331,0.791,0.129,0.923,0.521,0.568,0.414,0.694,0.855,0.236,0.255,0.778,0.321,0.71,0.044,0.023,0.019,0.331,0.503,0.664,0.928,0.422,0.556,0.534,0.422,0.723,0.832,0.103,0.218,0.243,0.758,0.514,0.394,0.341,0.294,0.142,0.657,0.191,0.478,0.528,0.121,0.656,0.665,0.959,0.276,0.885,0.413,0.383,0.948,0.386,0.953,0.305,0.052,0.996,0.235,0.994
80,0.486,0.728,0.751,0.57,0.506,0.492,0.072,0.85,0.933,0.066,0.616,0.076,0.146,0.006,0.93,0.126,0.208,0.242,0.921,0.091,0.066,0.942,0.633,0.928,0.747,0.958,0.231,0.521,0.254,0.124,0.693,0.507,0.798,0.608,0.279,0.509,0.356,0.476,0.388,0.711,0.177,0.94,0.037,0.003,0.62,0.454,0.142,0.815,0.16,0.655,0.615,0.075,0.807,0.942,0.146,0.523,0.238,0.633,0.163,0.699,0.496,0.659,0.114,0.98
82,0.947,0.815,0.987,0.283,0.041,0.392,0.214,0.062,0.25,0.474,0.774,0.794,0.756,0.878,0.143,0.842,0.032,0.297,0.023,0.232,0.933,0.056,0.696,0.376,0.498,0.484,0.531,0.738,0.975,0.959,0.336,0.617,0.407,0.547,0.801,0.621,0.08,0.55,0.744,0.9,0.157,0.91,0.44,0.17,0.031,0.664,0.389,0.171,0.504,0.738,0.424,0.689,0.149,0.991,0.499,0.789,0.813,0.091,0.09,0.977,0.659,0.358,0.787,0.933
84,0.772,0.051,0.17,0.179,0.578,0.951,0.138,0.774,0.16,0.832,0.119,0.61,0.653,0.719,0.922,0.511,0.678,0.06,0.856,0.144,0.704,0.665,0.626,0.675,0.349,0.506,0.195,0.257,0.389,0.796,0.605,0.185,0.24,0.37,0.911,0.399,0.009,0.671,0.536,0.479,0.21,0.035,0.418,0.638,0.348,0.267,0.544,0.076,0.433,0.197,0.937,0.441,0.321,0.749,0.981,0.948,0.8,0.461,0.529,0.677,0.425,0.695,0.494,0.66
86,0.131,0.095,0.388,0.022,0.519,0.069,0.619,0.251,0.646,0.317,0.902,0.57,0.46,0.465,0.99,0.46,0.866,0.25,0.863,0.47,0.63,0.273,0.14,0.904,0.955,0.893,0.973,0.646,0.426,0.191,0.271,0.404,0.395,0.06,0.792,0.856,0.567,0.674,0.004,0.502,0.601,0.302,0.084,0.376,0.76,0.79,0.668,0.471,0.75,0.681,0.201,0.068,0.021,0.046,0.927,0.241,0.457,0.163,0.939,0.811,0.393,0.241,0.559,0.207
88,0.702,0.123,0.641,0.109,0.769,0.244,1.0,0.479,0.772,0.584,0.571,0.144,0.019,0.156,0.025,0.185,0.996,0.134,0.229,0.823,0.215,0.885,0.086,0.505,0.822,0.948,0.712,0.899,0.594,0.625,0.522,0.663,0.411,0.855,0.461,0.286,0.388,0.307,0.543,0.652,0.891,0.097,0.036,0.093,0.381,0.94,0.543,0.732,0.684,0.191,0.963,0.826,0.733,0.489,0.647,0.094,0.972,0.053,0.086,0.693,0.541,0.445,0.594,0.703
90,0.52,0.929,0.35,0.963,0.417,0.628,0.83,0.164,0.906,0.979,0.926,0.502,0.928,0.26,0.562,0.947,0.511,0.453,0.261,0.046,0.347,0.308,0.536,0.146,0.52,0.002,0.421,0.654,0.787,0.729,0.222,0.618,0.166,0.588,0.726,0.606,0.93,0.739,0.452,0.734,0.276,0.676,0.93,0.435,0.096,0.568,0.58,0.553,0.777,0.669,0.132,0.225,0.312,0.804,0.293,0.644,0.516,0.5,0.248,0.739,0.157,0.142,0.338,0.435
92,0.53,0.531,0.776,0.59,0.223,0.019,0.376,0.894,0.893,0.989,0.889,0.899,0.015,0.752,0.428,0.816,0.813,0.477,0.222,0.695,0.942,0.994,0.364,0.177,0.285,0.55,0.956,0.934,0.659,0.307,0.973,0.99,0.544,0.609,0.687,0.694,0.757,0.553,0.925,0.803,0.21,0.52,0.803,0.102,0.29,0.6,0.744,0.018,0.082,0.311,0.097,0.062,0.751,0.54,0.194,0.033,0.807,0.928,0.983,0.639,0.374,0.866,0.807,0.028
94,0.653,0.42,0.56,0.184,0.907,0.959,0.209,0.891,0.538,0.053,0.228,0.57,0.209,0.615,0.272,0.08,0.566,0.268,0.56,0.381,0.996,0.298,0.491,0.246,0.925,0.131,0.896,0.737,0.384,0.841,0.713,0.723,0.315,0.663,0.644,0.946,0.966,0.832,0.554,0.666,0.692,0.006,0.41,0.447,0.591,0.807,0.586,0.194,0.719,0.495,0.645,0.118,0.385,0.59,0.02,0.772,0.964,0.273,0.436,0.821,0.099,0.324,0.749,0.1
96,0.482,0.424,0.462,0.368,0.422,0.172,0.202,0.623,0.385,0.41,0.789,0.138,0.947,0.581,0.966,0.582,0.262,0.724,0.837,0.82,0.952,0.255,0.604,0.007,0.44,0.697,0.975,0.74,0.381,0.278,0.795,0.972,0.095,0.805,0.138,0.564,0.244,0.55,0.196,0.764,0.694,0.566,0.658,0.433,0.56,0.566,0.035,0.981,0.421,0.003,0.224,0.534,0.908,0.868,0.433,0.159,0.36,0.784,0.48,0.604,0.305,0.275,0.003,0.62
98,0.763,0.045,0.844,0.773,0.852,0.605,0.07,0.446,0.324,0.059,0.034,0.92,0.508,0.841,0.247,0.479,0.165,0.724,0.39,0.833,0.953,0.54,0.386,0.838,0.362,0.44,0.997,0.558,0.758,0.54,0.68,0.099,0.316,0.367,0.597,0.813,0.349,0.637,0.682,0.896,0.869,0.135,0.201,0.136,0.668,0.767,0.026,0.816,0.974,0.281,0.15,0.048,0.146,0.861,0.657,0.076,0.558,0.2,0.136,0.211,0.097,0.706,0.216,0.888
100,0.039,0.965,0.071,0.534,0.95,0.549,0.364,0.943,0.593,0.309,0.998,0.455,0.435,0.246,0.675,0.582,0.64,0.753,0.214,0.465,0.237,0.295,0.881,0.519,0.772,0.763,0.58,0.566,0.858,0.517,0.444,0.405,0.392,0.948,0.96,0.725,0.634,0.221,0.739,0.965,0.588,0.328,0.54,0.903,0.892,0.182,0.566,0.904,0.209,0.448,0.078,0.613,0.482,0.775,0.345,0.973,0.892,0.943,0.907,0.715,0.201,0.139,0.352,0.855
102,0.07,0.004,0.292,0.471,0.215,0.597,0.488,0.564,0.71,0.341,0.444,0.407,0.88,0.324,0.033,0.666,0.417,0.518,0.859,0.306,0.492,0.072,0.058,0.298,0.302,0.668,0.079,0.186,0.411,0.312,0.41,0.977,0.595,0.407,0.073,0.44,0.602,0.908,0.109,0.217,0.894,0.188,0.501,0.82,0.366,0.537,0.462,0.5,0.252,0.774,0.41,0.942,0.754,0.566,0.309,0.556,0.221,0.054,0.217,0.137,0.511,0.24,0.213,0.603
104,0.563,0.427,0.053,0.826,0.965,0.065,0.071,0.655,0.504,0.052,0.201,0.19,0.914,0.916,0.569,0.885,0.041,0.197,0.49,0.145,0.816,0.584,0.649,0.991,0.848,0.899,0.054,0.708,0.402,0.85,0.403,0.402,0.259,0.728,0.984,0.439,0.708,0.093,0.257,0.097,0.447,0.98,0.63,0.353,0.915,0.66,0.864,0.057,0.398,0.515,0.575,0.8,0.338,0.183,0.138,0.088,0.007,0.283,0.78,0.786,0.219,0.093,0.639,0.983
106,0.246,0.339,0.341,0.808,0.747,0.527,0.376,0.558,0.73,0.939,0.274,0.708,0.078,0.335,0.782,0.803,0.147,0.344,0.129,0.828,0.708,0.623,0.989,0.521,0.553,0.219,0.266,0.083,0.139,0.011,0.755,0.187,0.037,0.645,0.203,0.517,0.238,0.152,0.496,0.863,0.347,0.672,0.203,0.246,0.383,0.397,0.478,0.731,0.941,0.601,0.218,0.928,0.941,0.184,0.575,0.889,0.986,0.02,0.38,0.272,0.23,0.531,0.055,0.928
108,0.161,0.473,0.014,0.396,0.572,0.581,0.615,0.951,0.466,0.067,0.335,0.173,0.584,0.441,0.983,0.721,0.079,0.623,0.261,0.335,0.176,0.562,0.405,0.372,0.748,0.911,0.81,0.162,0.212,0.126,0.149,0.964,0.987,0.967,0.968,0.336,0.67,0.56,0.612,0.669,0.289,0.238,0.702,0.887,0.46,0.188,0.611,0.198,0.663,0.674,0.149,0.848,0.071,0.759,0.448,0.965,0.4,0.776,0.966,0.075,0.581,0.429,0.463,0.824
110,0.985,0.747,0.091,0.607,0.481,0.571,0.684,0.233,0.774,0.046,0.499,0.691,0.347,0.86,0.303,0.275,0.597,0.522,0.141,0.638,0.576,0.335,0.839,0.133,0.725,0.446,0.584,0.139,0.736,0.128,0.864,0.566,0.713,0.684,0.776,0.022,0.829,0.811,0.086,0.801,0.762,0.274,0.444,0.346,0.265,0.076,0.946,0.385,0.449,0.976,0.902,0.539,0.531,0.566,0.249,0.872,0.114,0.284,0.094,0.603,0.389,0.263,0.92,0.158
112,0.393,0.854,0.561,0.854,0.406,0.244,0.869,0.346,0.319,0.4,0.044,0.837,0.868,0.368,0.911,0.187,0.469,0.216,0.276,0.623,0.212,0.091,0.407,0.77,0.18,0.396,0.482,0.089,0.997,0.486,0.665,0.431,0.314,0.456,0.816,0.686,0.622,0.231,0.177,0.014,0.535,0.376,0.606,0.504,0.743,0.897,0.976,0.686,0.548,0.317,0.257,0.293,0.329,0.572,0.99,0.231,0.931,0.993,0.957,0.867,0.307,0.494,0.051,0.585
114,0.824,0.527,0.764,0.013,0.293,0.511,0.541,0.007,0.639,0.846,0.9,0.429,0.755,0.846,0.922,0.182,0.116,0.3,0.313,0.785,0.298,0.781,0.441,0.523,0.332,0.117,0.213,0.925,0.429,0.256,0.244,0.528,0.407,0.891,0.882,0.974,0.101,0.89,0.426,0.12,0.728,0.716,0.864,0.042,0.703,0.998,0.428,0.154,0.447,0.883,0.536,0.078,0.408,0.806,0.488,0.438,0.41,0.068,0.099,0.182,0.933,0.362,0.336,0.317
116,0.69,0.631,0.815,0.433,0.388,0.745,0.284,0.17,0.378,0.835,0.89,0.041,0.292,0.61,0.709,0.463,0.799,0.204,0.025,0.962,0.199,0.424,0.34,0.258,0.546,0.003,0.09,0.902,0.653,0.558,0.705,0.221,0.277,0.016,0.134,0.543,0.329,0.921,0.456,0.258,0.783,0.56,0.95,0.66,0.819,0.523,0.114,0.316,0.327,0.597,0.272,0.838,0.136,0.84,0.137,0.451,0.403,0.935,0.984,0.714,0.404,0.815,0.455,0.469
118,0.275,0.715,0.09,0.394,0.59,0.004,0.024,0.34,0.949,0.34,0.05,0.789,0.211,0.462,0.641,0.5,0.73,0.357,0.272,0.453,0.73,0.633,0.866,0.501,0.131,0.208,0.183,0.503,0.077,0.772,0.56,0.998,0.96,0.066,0.241,0.953,0.721,0.663,0.395,0.267,0.161,0.572,0.018,0.521,0.534,0.732,0.854,0.823,0.531,0.483,0.465,0.911,0.082,0.148,0.818,0.646,0.215,0.524,0.852,0.582,0.204,0.738,0.715,0.426
120,0.096,0.387,0.026,0.1,0.893,0.397,0.14,0.158,0.915,0.046,0.184,0.218,0.734,0.152,0.096,0.114,0.887,0.296,0.262,0.438,0.194,0.759,0.713,0.63,0.041,0.836,0.298,0.097,0.651,0.726,0.616,0.308,0.434,0.012,0.436,0.455,0.579,0.95,0.484,0.418,0.206,0.993,0.502,0.621,0.324,0.39,0.541,0.208,0.656,0.449,0.777,0.658,0.785,0.995,0.923,0.225,0.609,0.243,0.847,0.757,0.581,0.77,0.209,0.488
122,0.311,0.826,0.344,0.723,0.191,0.417,0.611,0.74,0.041,0.418,0.794,0.382,0.737,0.517,0.856,0.382,0.492,0.744,0.28,0.16,0.7,0.533,0.714,0.185,0.677,0.769,0.324,0.746,0.244,0.622,0.09,0.531,0.428,0.319,0.633,0.672,0.272,0.348,0.828,0.942,0.565,0.946,0.051,0.888,0.391,0.025,0.733,0.288,0.967,0.516,0.701,0.189,0.952,0.847,0.332,0.251,0.726,0.352,0.06,0.385,0.717,0.751,0.748,0.914
124,0.869,0.252,0.523,0.545,0.513,0.951,0.593,0.35,0.716,0.136,0.24,0.131,0.669,0.946,0.133,0.498,0.132,0.04,0.827,0.915,0.456,0.758,0.772,0.766,0.213,0.325,0.271,0.391,0.543,0.116,0.394,0.258,0.965,0.09,0.458,0.926,0.461,0.848,0.64,0.59,0.658,0.834,0.181,0.037,0.928,0.988,0.161,0.518,0.521,0.615,0.933,0.448,0.769,0.015,0.134,0.257,0.792,0.013,0.683,0.603,0.921,0.902,0.868,0.651
126,0.52,0.081,0.59,0.575,0.935,0.393,0.307,0.404,0.964,0.906,0.658,0.332,0.024,0.435,0.998,0.421,0.399,0.993,0.055,0.269,0.456,0.412,0.488,0.305,0.343,0.571,0.38,0.626,0.315,0.139,0.446,0.938,0.669,0.235,0.121,0.046,0.229,0.015,0.128,0.365,0.131,0.611,0.812,0.302,0.621,0.514,0.477,0.241,0.425,0.166,0.588,0.861,0.507,0.316,0.171,0.683,0.492,0.408,0.212,0.934,0.025,0.163,0.813,0.086
128,0.528,0.776,0.148,0.993,0.064,0.713,0.852,0.152,0.952,0.116,0.717,0.448,0.07,0.924,0.152,0.596,0.308,0.766,0.582,0.469,0.963,0.731,0.522,0.927,0.03,0.043,0.841,0.199,0.865,0.577,0.17,0.051,0.621,0.786,0.408,0.318,0.785,0.374,0.427,0.075,0.152,0.923,0.416,0.759,0.053,0.709,0.541,0.803,0.26,0.087,0.271,0.441,0.809,0.34,0.796,0.082,0.945,0.138,0.297,0.942,0.454,0.801,0.404,0.484
130,0.934,0.033,0.894,0.16,0.887,0.256,0.456,0.97,0.718,0.84,0.78,0.079,0.234,0.825,0.256,0.74,0.452,0.903,0.376,0.191,0.692,0.198,0.028,0.637,0.849,0.903,0.45,0.671,0.917,0.124,0.157,0.128,0.213,0.415,0.448,0.585,0.742,0.716,0.896,0.811,0.543,0.731,0.093,0.758,0.02,0.102,0.17,0.235,0.124,0.799,0.001,0.958,0.605,0.525,0.36,0.682,0.164,0.851,0.693,0.428,0.034,0.15,0.6,0.27
132,0.876,0.746,0.298,0.075,0.348,0.976,0.719,0.851,0.194,0.466,0.675,0.381,0.296,0.85,0.61,0.844,0.915,0.818,0.499,0.8,0.542,0.389,0.346,0.236,0.104,0.555,0.004,0.325,0.787,0.396,0.013,0.677,0.246,0.012,0.131,0.099,0.609,0.862,0.504,0.489,0.512,0.124,0.033,0.849,0.145,0.06,0.1,0.91,0.888,0.409,0.37,0.83,0.763,0.082,0.039,0.045,0.986,0.76,0.497,0.321,0.417,0.136,0.015,0.51
134,0.196,0.78,0.303,0.057,0.689,0.262,0.359,0.479,0.207,0.186,0.57,0.132,0.421,0.531,0.108,0.439,0.249,0.224,0.976,0.975,0.727,0.54,0.731,0.149,0.44,0.252,0.3,0.498,0.961,0.581,0.144,0.274,0.421,0.315,0.324,0.887,0.827,0.039,0.645,0.128,0.787,0.602,0.077,0.447,0.56,0.209,0.17,0.833,0.956,0.446,0.398,0.407,0.234,0.648,0.458,0.108,0.923,0.808,0.463,0.697,0.191,0.58,0.333,0.366
136,0.606,0.577,0.542,0.196,0.513,0.717,0.227,0.564,0.615,0.948,0.659,0.005,0.001,0.63,0.1,0.41,0.541,0.982,0.37,0.399,0.57,0.878,0.78,0.189,0.747,0.798,0.511,0.419,0.213,0.097,0.711,0.181,0.972,0.703,0.25,0.257,0.706,0.189,0.024,0.968,0.933,0.038,0.626,0.945,0.566,0.147,0.656,0.188,0.073,0.389,0.478,0.836,0.823,0.625,0.711,0.442,0.542,0.71,0.622,0.333,0.021,0.476,0.784,0.88
138,0.546,0.144,0.669,0.913,0.813,0.141,0.778,0.46,0.527,0.39,0.718,0.745,0.565,0.774,0.811,0.638,0.759,0.073,0.818,0.743,0.141,0.248,0.312,0.277,0.545,0.562,0.468,0.504,0.488,0.614,0.123,0.881,0.208,0.518,0.099,0.542,0.272,0.943,0.02,0.82,0.908,0.402,0.636,0.298,0.104,0.824,0.524,0.357,0.576,0.707,0.404,0.594,0.317,0.29,0.113,0.706,0.394,0.996,0.663,0.196,0.381,0.685,0.276,0.407
140,0.068,0.37,0.748,0.271,0.278,0.646,0.043,0.207,0.758,0.81,0.374,0.953,0.221,0.729,0.342,0.791,0.634,0.903,0.843,0.758,0.79,0.463,0.392,0.878,0.428,0.547,0.683,0.749,0.869,0.594,0.546,0.578,0.626,0.011,0.703,0.226,0.771,0.686,0.995,0.285,0.738,0.185,0.431,0.547,0.624,0.143,0.478,0.299,0.501,0.517,0.155,0.993,0.85,0.442,0.564,0.886,0.841,0.062,0.8,0.596,0.641,0.085,0.967,0.989
142,0.169,0.217,0.951,0.341,0.0,0.061,0.494,0.334,0.052,0.152,0.424,0.214,0.618,0.752,0.331,0.272,0.72,0.038,0.671,0.036,0.076,0.855,0.911,0.275,0.596,0.792,0.132,0.25,0.206,0.674,0.751,0.387,0.424,0.563,0.976,0.151,0.282,0.877,0.176,0.72,0.411,0.794,0.033,0.184,0.676,0.366,0.552,0.896,0.719,0.07,0.85,0.086,0.078,0.244,0.44,0.255,0.196,0.491,0.432,0.209,0.954,0.397,0.634,0.539
144,0.796,0.325,0.929,0.692,0.459,0.999,0.017,0.44,0.179,0.574,0.911,0.84,0.659,0.267,0.98,0.373,0.551,0.296,0.154,0.087,0.677,0.788,0.303,0.854,0.004,0.919,0.101,0.669,0.488,0.142,0.273,0.752,0.634,0.346,0.371,0.283,0.764,0.281,0.858,0.586,0.277,0.862,0.327,0.938,0.891,0.082,0.776,0.815,0.739,0.819,0.22,0.812,0.993,0.786,0.499,0.493,0.667,0.571,0.975,0.921,0.547,0.114,0.88,0.208
146,0.545,0.336,0.122,0.128,0.519,0.252,0.293,0.788,0.848,0.483,0.803,0.597,0.409,0.394,0.768,0.112,0.383,0.498,0.151,0.49,0.493,0.873,0.586,0.969,0.317,0.539,0.641,0.086,0.138,0.947,0.389,0.196,0.703,0.949,0.631,0.799,0.75,0.148,0.543,0.07,0.24,0.503,0.034,0.338,0.4,0.374,0.312,0.11,0.156,0.899,0.332,0.498,0.372,0.495,0.055,0.991,0.154,0.835,0.915,0.107,0.87,0.969,0.412,0.238
148,0.987,0.358,0.219,0.948,0.761,0.136,0.551,0.664,0.552,0.873,0.345,0.549,0.621,0.803,0.746,0.621,0.799,0.093,0.19,0.01,0.138,0.418,0.374,0.381,0.149,0.075,0.785,0.554,0.799,0.047,0.508,0.859,0.779,0.893,0.551,0.453,0.924,0.78,0.156,0.206,0.748,0.014,0.916,0.498,0.354,0.981,0.092,0.708,0.431,0.837,0.448,0.261,0.397,0.081,0.667,0.573,0.462,0.445,0.278,0.252,0.133,0.98,0.754,0.132
150,0.372,0.055,0.183,0.476,0.501,0.442,0.974,0.886,0.317,0.746,0.35,0.697,0.98,0.312,0.494,0.466,0.905,0.624,0.555,0.079,0.84,0.2,0.093,0.51,0.471,0.847,0.398,0.504,0.858,0.323,0.674,0.266,0.092,0.866,0.093,0.095,0.867,0.252,0.368,0.201,0.453,0.527,0.861,0.892,0.099,0.494,0.074,0.66,0.771,0.179,0.479,0.042,0.546,0.928,0.2,0.991,0.024,0.826,0.071,0.383,0.666,0.358,0.557,0.837
152,0.756,0.13,0.747,0.52,0.419,0.173,0.527,0.673,0.128,0.045,0.122,0.348,0.591,0.756,0.737,0.044,0.935,0.743,0.938,0.215,0.586,0.219,0.71,0.548,0.325,0.166,0.818,0.099,0.03,0.985,0.485,0.721,0.473,0.934,0.111,0.912,0.038,0.773,0.335,0.117,0.466,0.311,0.034,0.99,0.827,0.545,0.679,0.33,0.254,0.489,0.973,0.052,0.138,0.155,0.55,0.043,0.195,0.808,0.944,0.121,0.266,0.353,0.764,0.575
154,0.35,0.806,0.502,0.462,0.201,0.382,0.965,0.278,0.401,0.778,0.355,0.783,0.796,0.217,0.435,0.649,0.343,0.016,0.08,0.748,0.098,0.125,0.96,0.57,0.049,0.222,0.406,0.442,0.111,0.747,0.654,0.235,0.196,0.82,0.582,0.695,0.552,0.985,0.632,0.67,0.419,0.419,0.621,0.593,0.199,0.097,0.653,0.085,0.647,0.495,0.997,0.174,0.28,0.293,0.698,0.282,0.109,0.408,0.304,0.893,0.615,0.476,0.557,0.907
156,0.949,0.082,0.948,0.831,0.478,0.329,0.015,0.105,0.3,0.817,0.511,0.308,0.572,0.626,0.456,0.62,0.752,0.105,0.011,0.174,0.875,0.407,0.38,0.662,0.524,0.373,0.087,0.132,0.681,0.987,0.291,0.818,0.327,0.597,0.632,0.687,0.119,0.312,0.129,0.208,0.85,0.746,0.681,0.798,0.994,0.376,0.576,0.233,0.141,0.525,0.911,0.993,0.669,0.978,0.768,0.007,0.611,0.239,0.843,0.174,0.814,0.414,0.905,0.8
158,0.583,0.897,0.163,0.532,0.2,0.095,0.131,0.582,0.818,0.841,0.381,0.332,0.573,0.668,0.051,0.208,0.513,0.598,0.183,0.256,0.819,0.767,0.503,0.264,0.714,0.183,0.525,0.547,0.415,0.377,0.535,0.532,0.879,0.05,0.467,0.412,0.504,0.535,0.706,0.31,0.552,0.578,0.548,0.622,0.641,0.438,0.09,0.192,0.679,0.859,0.293,0.427,0.39,0.268,0.69,0.345,0.0,0.227,0.396,0.399,0.092,0.322,0.772,0.069
160,0.046,0.432,0.015,0.936,0.225,0.346,0.272,0.102,0.072,0.521,0.272,0.472,0.085,0.804,0.069,0.469,0.597,0.058,0.822,0.122,0.521,0.524,0.732,0.738,0.79,0.528,0.531,0.034,0.193,0.72,0.663,0.523,0.885,0.836,0.291,0.724,0.456,0.164,0.715,0.28,0.797,0.625,0.002,0.589,0.851,0.371,0.991,0.369,0.179,0.567,0.1,0.705,0.877,0.137,0.452,0.047,0.921,0.925,0.039,0.528,0.446,0.187,0.778,0.141
162,0.718,0.242,0.421,0.918,0.952,0.858,0.571,0.226,0.834,0.787,0.663,0.629,0.668,0.393,0.787,0.357,0.526,0.286,0.334,0.16,0.008,0.218,0.891,0.256,0.764,0.729,0.75,0.671,0.118,0.998,0.114,0.926,0.424,0.219,0.452,0.199,0.639,0.97,0.545,0.313,0.784,0.301,0.899,0.036,0.116,0.214,0.35,0.691,0.303,0.692,0.197,0.79,0.594,0.378,0.887,0.218,0.768,0.636,0.887,0.854,0.205,0.521,0.582,0.905
164,0.919,0.524,0.032,0.653,0.164,0.771,0.211,0.537,0.366,0.01,0.432,0.237,0.312,0.43,0.738,0.017,0.887,0.577,0.918,0.653,0.992,0.997,0.436,0.456,0.497,0.622,0.773,0.684,0.708,0.738,0.102,0.944,0.589,0.669,0.336,0.549,0.996,0.082,0.031,0.74,0.616,0.817,0.922,0.665,0.093,0.281,0.114,0.039,0.345,0.28,0.492,0.377,0.447,0.387,0.047,0.806,0.604,0.158,0.656,0.372,0.993,0.243,0.505,0.476
166,0.85,0.417,0.383,0.531,0.878,0.286,0.207,0.708,0.917,0.181,0.096,0.291,0.08,0.167,0.263,0.143,0.566,0.287,0.747,0.512,0.785,0.504,0.254,0.572,0.577,0.863,0.128,0.147,0.7,0.726,0.951,0.004,0.655,0.816,0.517,0.251,0.701,0.466,0.048,0.431,0.662,0.679,0.846,0.838,0.637,0.568,0.219,0.071,0.867,0.615,0.734,0.491,0.436,0.632,0.761,0.274,0.096,0.011,0.402,0.744,0.463,0.527,0.241,0.587
168,0.198,0.048,0.308,0.187,0.414,0.558,0.178,0.026,0.813,0.557,0.072,0.745,0.751,0.319,0.478,0.785,0.583,0.005,0.21,0.253,0.686,0.718,0.593,0.801,0.151,0.956,0.396,0.326,0.192,0.037,0.895,0.678,0.203,0.996,0.736,0.818,0.11,0.704,0.114,0.487,0.156,0.579,0.676,0.142,0.067,0.873,0.489,0.789,0.806,0.42,0.858,0.901,0.329,0.15,0.627,0.187,0.44,0.499,0.337,0.682,0.317,0.437,0.836,0.858
170,0.324,0.152,0.052,0.703,0.33,0.593,0.468,0.738,0.824,0.694,0.022,0.973,0.851,0.618,0.947,0.909,0.974,0.791,0.864,0.545,0.903,0.266,0.127,0.232,0.55,0.721,0.69,0.124,0.287,0.941,0.807,0.168,0.609,0.346,0.302,0.32,0.085,0.728,0.07,0.209,0.241,0.223,0.936,0.339,0.219,0.284,0.265,0.179,0.336,0.308,0.639,0.303,0.922,0.883,0.037,0.656,0.374,0.141,0.673,0.604,0.969,0.793,0.55,0.017
172,0.292,0.203,0.288,0.061,0.441,0.018,0.705,0.413,0.231,0.891,0.638,0.469,0.218,0.203,0.607,0.573,0.551,0.577,0.288,0.375,0.992,0.559,0.026,0.555,0.277,0.357,0.531,0.377,0.1,0.243,0.186,0.184,0.644,0.817,0.797,0.284,0.251,0.343,0.807,0.076,0.006,0.475,0.308,0.042,0.155,0.331,0.308,0.269,0.117,0.431,0.593,0.426,0.078,0.552,0.551,0.936,0.59,0.859,0.335,0.086,0.846,0.499,0.016,0.178
174,0.944,0.658,0.417,0.122,0.693,0.452,0.056,0.22,0.518,0.043,0.548,0.084,0.793,0.329,0.766,0.361,0.242,0.792,0.569,0.184,0.345,0.393,0.76,0.002,0.661,0.743,0.859,0.361,0.556,0.563,0.948,0.812,0.822,0.838,0.236,0.348,0.184,0.182,0.562,0.366,0.689,0.074,0.103,0.598,0.34,0.904,0.737,0.212,0.476,0.855,0.516,0.968,0.614,0.645,0.792,0.077,0.034,0.177,0.108,0.043,0.588,0.587,0.948,0.67
176,0.83,0.848,0.238,0.991,0.274,0.182,0.826,0.825,0.358,0.976,0.792,0.511,0.679,0.344,0.439,0.875,0.355,0.06,0.79,0.945,0.426,0.274,0.941,0.524,0.243,0.54,0.954,0.13,0.562,0.123,0.982,0.544,0.005,0.198,0.397,0.987,0.188,0.961,0.622,0.793,0.846,0.083,0.62,0.795,0.96,0.061,0.952,0.072,0.001,0.569,0.174,0.087,0.996,0.735,0.613,0.451,0.144,0.904,0.554,0.873,0.397,0.839,0.498,0.016
178,0.033,0.03,0.812,0.564,0.783,0.771,0.088,0.91,0.651,0.289,0.597,0.365,0.724,0.391,0.225,0.207,0.976,0.67,0.526,0.566,0.212,0.753,0.876,0.89,0.373,0.318,0.492,0.857,0.863,0.852,0.884,0.054,0.744,0.208,0.173,0.167,0.748,0.395,0.313,0.289,0.67,0.105,0.247,0.548,0.011,0.179,0.359,0.675,0.004,0.92,0.104,0.915,0.771,0.455,0.924,0.429,0.197,0.171,0.41,0.824,0.58,0.453,0.189,0.62
180,0.141,0.527,0.868,0.98,0.43,0.935,0.868,0.298,0.566,0.018,0.47,0.961,0.631,0.84,0.448,0.685,0.178,0.44,0.292,0.099,0.185,0.076,0.463,0.031,0.909,0.995,0.305,0.9,0.947,0.976,0.691,0.568,0.249,0.818,0.07,0.428,0.935,0.179,0.594,0.581,0.611,0.431,0.546,0.073,0.359,0.631,0.497,0.716,0.76,0.17,0.115,0.552,0.029,0.721,0.651,0.544,0.244,0.227,0.351,0.173,0.269,0.538,0.471,0.243
182,0.554,0.319,0.609,0.646,0.922,0.467,0.439,0.276,0.129,0.035,0.684,0.532,0.453,0.738,0.297,0.385,0.95,0.048,0.513,0.323,0.879,0.955,0.417,0.524,0.004,0.979,0.363,0.508,0.92,0.106,0.392,0.257,0.341,0.461,0.681,0.981,0.393,0.625,0.382,0.505,0.745,0.047,0.565,0.276,0.27,0.635,0.995,0.996,0.186,0.5,0.297,0.888,0.271,0.24,0.16,0.831,0.178,0.691,0.766,0.721,0.932,0.038,0.616,0.162
184,0.586,0.793,0.227,0.573,0.828,0.8,0.787,0.054,0.777,0.156,0.67,0.438,0.296,0.017,0.973,0.948,0.043,0.676,0.287,0.513,0.929,0.467,0.992,0.382,0.079,0.748,0.918,0.834,0.54,0.312,0.68,0.562,0.357,0.747,0.258,0.191,0.316,0.758,0.018,0.986,0.895,0.199,0.797,0.211,0.675,0.263,0.777,0.752,0.156,0.454,0.855,0.129,0.8,0.429,0.276,0.238,0.784,0.593,0.846,0.547,0.785,0.192,0.779,0.941
186,0.152,0.272,0.777,0.581,0.029,0.52,0.937,0.461,0.444,0.576,0.299,0.257,0.035,0.796,0.312,0.934,0.199,0.396,0.479,0.569,0.034,0.915,0.677,0.319,0.659,0.37,0.043,0.051,0.263,0.109,0.058,0.483,0.668,0.013,0.413,0.904,0.136,0.218,0.535,0.022,0.492,0.567,0.29,0.469,0.949,0.367,0.642,0.881,0.861,0.323,0.38,0.433,0.945,0.419,0.337,0.535,0.728,0.382,0.517,0.056,0.2,0.315,0.91,0.942
188,0.104,0.987,0.943,0.037,0.916,0.924,0.493,0.391,0.453,0.447,0.285,0.306,0.409,0.273,0.96,0.183,0.498,0.347,0.755,0.14,0.587,0.32,0.698,0.106,0.411,0.86,0.943,0.321,0.1,0.989,0.487,0.918,0.491,0.554,0.006,0.612,0.257,0.318,0.689,0.542,0.39,0.558,0.145,0.625,0.484,0.766,0.725,0.808,0.975,0.548,0.588,0.817,0.588,0.961,0.058,0.693,0.599,0.322,0.274,0.544,0.72,0.479,0.392,0.133
190,0.198,0.41,0.825,0.737,0.244,0.466,0.395,0.831,0.596,0.277,0.006,0.479,0.34,0.982,0.881,0.352,0.547,0.987,0.372,0.529,0.779,0.196,0.746,0.504,0.315,0.833,0.027,0.327,0.303,0.536,0.212,0.526,0.316,0.417,0.523,0.353,0.583,0.592,0.038,0.579,0.485,0.409,0.629,0.249,0.8,0.741,0.026,0.056,0.673,0.493,0.834,0.876,0.408,0.948,0.615,0.6,0.134,0.492,0.825,0.899,0.33,0.887,0.439,0.738
192,0.457,0.194,0.357,0.624,0.121,0.813,0.769,0.705,0.41,0.837,0.711,0.447,0.22,0.562,0.628,0.039,0.148,0.969,0.547,0.209,0.968,0.572,0.975,0.281,0.71,0.358,0.887,0.798,0.614,0.067,0.621,0.084,0.474,0.234,0.224,0.162,0.249,0.625,0.439,0.781,0.609,0.97,0.273,0.93,0.575,0.754,0.1,0.984,0.715,0.968,0.603,0.462,0.228,0.528,0.87,0.522,0.931,0.967,0.703,0.219,0.71,0.779,0.127,0.24
194,0.262,0.899,0.071,0.021,0.407,0.832,0.308,0.59,0.003,0.574,0.871,0.034,0.617,0.557,0.205,0.732,0.576,0.068,0.294,0.64,0.943,0.636,0.962,0.686,0.875,0.73,0.464,0.221,0.664,0.496,0.733,0.772,0.84,0.027,0.899,0.341,0.751,0.239,0.041,0.938,0.757,0.698,0.813,0.871,0.904,0.194,0.646,0.236,0.481,0.996,0.298,0.862,0.137,0.912,0.775,0.413,0.57,0.87,0.557,0.381,0.437,0.09,0.256,0.707
196,0.935,0.814,0.478,0.117,0.305,0.118,0.113,0.26,0.894,0.016,0.332,0.718,0.136,0.639,0.801,0.743,0.67,0.509,0.043,0.837,0.062,0.66,0.335,0.845,0.039,0.523,0.0,0.72,0.712,0.108,0.341,0.712,0.249,0.923,0.994,0.512,0.938,0.909,0.256,0.47,0.21,0.352,0.744,0.668,0.58,0.074,0.084,0.22,0.387,0.431,0.392,0.258,0.691,0.632,0.869,0.125,0.6,0.247,0.528,0.168,0.142,0.449,0.582,0.773
198,0.878,0.022,0.369,0.04,0.109,0.305,0.532,0.494,0.336,0.112,0.145,0.563,0.005,0.223,0.266,0.963,0.828,0.913,0.808,0.54,0.548,0.326,0.859,0.467,0.629,0.013,0.219,0.963,0.793,0.423,0.614,0.494,0.905,0.519,0.804,0.484,0.407,0.402,0.939,0.918,0.192,0.415,0.249,0.577,0.738,0.135,0.589,0.41,0.665,0.271,0.294,0.67,0.083,0.939,0.104,0.051,0.361,0.837,0.511,0.991,0.639,0.835,0.126,0.991
200,0.823,0.575,0.449,0.486,0.506,0.473,0.816,0.268,0.842,0.46,0.401,0.52,0.419,0.677,0.172,0.402,0.47,0.89,0.165,0.765,0.605,0.195,0.277,0.223,0.414,0.236,0.318,0.665,0.094,0.73,0.59,0.257,0.014,0.731,0.571,0.415,0.346,0.826,0.282,0.594,0.067,0.286,0.274,0.995,0.004,0.058,0.748,0.173,0.155,0.907,0.834,0.223,0.279,0.82,0.766,0.524,0.432,0.757,0.271,0.753,0.951,0.787,0.597,0.396
202,0.564,0.358,0.644,0.318,0.231,0.594,0.4,0.725,0.437,0.574,0.494,0.907,0.202,0.97,0.355,0.96,0.038,0.665,0.117,0.792,0.946,0.606,0.789,0.472,0.019,0.786,0.23,0.595,0.72,0.253,0.904,0.264,0.713,0.348,0.269,0.462,0.245,0.229,0.649,0.807,0.49,0.075,0.523,0.628,0.189,0.09,0.5,0.268,0.229,0.373,0.44,0.882,0.983,0.675,0.258,0.756,0.535,0.195,0.84,0.139,0.981,0.253,0.952,0.4
204,0.963,0.995,0.388,0.871,0.177,0.719,0.687,0.368,0.905,0.719,0.318,0.419,0.449,0.092,0.408,0.01,0.278,0.277,0.034,0.22,0.417,0.279,0.889,0.879,0.433,0.773,0.321,0.17,0.928,0.84,0.513,0.478,0.635,0.565,0.215,0.761,0.526,0.836,0.975,0.178,0.176,0.716,0.572,0.058,0.77,0.3,0.61,0.367,0.463,0.436,0.345,0.852,0.475,0.936,0.821,0.424,0.599,0.213,0.387,0.541,0.914,0.26,0.686,0.822
206,0.051,0.639,0.045,0.463,0.26,0.299,0.313,0.07,0.646,0.609,0.461,0.629,0.071,0.156,0.684,0.397,0.248,0.666,0.041,0.466,0.926,0.765,0.317,0.814,0.726,0.978,0.472,0.477,0.666,0.63,0.91,0.685,0.262,0.59,0.649,0.506,0.729,0.722,0.215,0.222,0.81,0.242,0.127,0.079,0.001,0.361,0.592,0.77,0.478,0.437,0.079,0.331,0.851,0.945,0.711,0.064,0.372,0.832,0.093,0.167,0.975,0.733,0.822,0.593
208,0.645,0.816,0.641,0.627,0.793,0.236,0.701,0.527,0.088,0.667,0.634,0.793,0.725,0.192,0.359,0.621,0.731,0.634,0.563,0.05,0.745,0.514,0.801,0.579,0.247,0.874,0.652,0.292,0.649,0.255,0.225,0.302,0.852,0.43,0.35,0.088,0.601,0.366,1.0,0.287,0.737,0.777,0.247,0.058,0.212,0.36,0.412,0.423,0.769,0.212,0.529,0.39,0.691,0.717,0.706,0.905,0.13,0.388,0.601,0.531,0.178,0.116,0.992,0.506
210,0.312,0.235,0.596,0.517,0.213,0.359,0.219,0.693,0.859,0.611,0.852,0.99,0.488,0.092,0.5,0.63,0.956,0.082,0.107,0.832,0.996,0.311,0.371,0.593,0.926,0.19,0.988,0.343,0.645,0.863,0.22,0.831,0.993,0.239,0.765,0.133,0.877,0.547,0.684,0.779,0.515,0.279,0.954,0.322,0.156,0.026,0.904,0.047,0.962,0.865,0.313,0.144,0.899,0.872,0.93,0.067,0.372,0.218,0.978,0.808,0.999,0.282,0.728,0.8
212,0.345,0.916,0.931,0.284,0.474,0.482,0.588,0.427,0.544,0.439,0.381,0.667,0.819,0.791,0.084,0.715,0.717,0.759,0.24,0.568,0.216,0.287,0.713,0.973,0.168,0.866,0.643,0.166,0.747,0.183,0.124,0.319,0.97,0.226,0.866,0.741,0.294,0.726,0.246,0.962,0.157,0.742,0.359,0.875,0.981,0.369,0.518,0.185,0.727,0.522,0.673,0.094,0.103,0.164,0.232,0.206,0.068,0.92,0.988,0.285,0.648,0.169,0.91,0.985
214,0.209,0.0,0.938,0.492,0.792,0.947,0.361,0.356,0.413,0.355,0.997,0.701,0.041,0.736,0.106,0.32,0.048,0.935,0.2,0.743,0.966,0.563,0.996,0.984,0.469,0.78,0.715,0.358,0.231,0.027,0.913,0.54,0.422,0.429,0.302,0.641,0.471,0.848,0.184,0.938,0.512,0.494,0.232,0.773,0.537,0.748,0.714,0.106,0.392,0.565,0.467,0.037,0.311,0.864,0.791,0.383,0.044,0.025,0.09,0.661,0.142,0.776,0.889,0.701
216,0.663,0.293,0.531,0.099,0.682,0.402,0.569,0.001,0.045,0.023,0.969,0.174,0.512,0.516,0.825,0.831,0.672,0.919,0.427,0.783,0.074,0.081,0.938,0.13,0.378,0.144,0.218,0.056,0.607,0.212,0.31,0.603,0.136,0.538,0.221,0.703,0.822,0.969,0.367,0.75,0.089,0.895,0.864,0.361,0.194,0.332,0.884,0.102,0.998,0.224,0.593,0.244,0.644,0.98,0.82,0.531,0.972,0.131,0.868,0.822,0.979,0.261,0.983,0.031
218,0.543,0.369,0.459,0.003,0.351,0.113,0.8,0.011,0.158,0.158,0.471,0.324,0.452,0.677,0.801,0.286,0.279,0.237,0.927,0.654,0.985,0.142,0.798,0.778,0.404,0.265,0.176,0.016,0.728,0.695,0.316,0.142,0.7,0.921,0.739,0.162,0.795,0.319,0.864,0.724,0.722,0.459,0.205,0.923,0.249,0.188,0.412,0.809,0.957,0.459,0.546,0.221,0.462,0.228,0.664,0.472,0.995,0.517,0.213,0.035,0.859,0.235,0.543,0.546
220,0.462,0.812,0.284,0.734,0.754,0.399,0.86,0.095,0.684,0.685,0.909,0.607,0.232,0.633,0.884,0.325,0.005,0.899,0.884,0.74,0.142,0.31,0.301,0.691,0.281,0.974,0.162,0.934,0.708,0.341,0.868,0.993,0.355,0.409,0.049,0.929,0.134,0.074,0.619,0.954,0.285,0.758,0.438,0.245,0.056,0.484,0.79,0.95,0.114,0.19,0.409,0.231,0.073,0.458,0.155,0.102,0.421,0.177,0.825,0.573,0.692,0.761,0.965,0.664
222,0.37,0.147,0.738,0.687,0.338,0.847,0.468,0.235,0.099,0.602,0.104,0.006,0.459,0.562,0.531,0.238,0.425,0.434,0.108,0.71,0.768,0.808,0.991,0.916,0.463,0.868,0.038,0.465,0.528,0.792,0.073,0.137,0.883,0.519,0.726,0.768,0.847,0.057,0.263,0.648,0.655,0.022,0.71,0.616,0.395,0.55,0.777,0.27,0.829,0.226,0.899,0.038,0.246,0.115,0.547,0.621,0.767,0.351,0.011,0.514,0.173,0.583,0.368,0.839
224,0.247,0.938,0.374,0.119,0.513,0.888,0.172,0.648,0.91,0.431,0.283,0.15,0.512,0.882,0.933,0.998,0.481,0.507,0.737,0.06,0.095,0.564,0.453,0.456,0.853,0.415,0.962,0.304,0.957,0.429,0.209,0.57,0.604,0.443,0.188,0.297,0.107,0.73,0.548,0.676,0.65,0.177,0.039,0.37,0.928,0.322,0.119,0.472,0.8,0.585,0.483,0.2,0.533,0.671,0.355,0.908,0.603,0.044,0.701,0.238,0.326,0.572,0.727,0.829
226,0.264,0.394,0.236,0.234,0.452,0.806,0.983,0.38,0.918,0.626,0.322,0.327,0.411,0.241,0.424,0.044,0.108,0.445,0.336,0.714,0.123,0.219,0.748,0.007,0.054,0.249,0.477,0.933,0.89,0.819,0.493,0.261,0.636,0.742,0.317,0.144,0.315,0.907,0.308,0.734,0.15,0.566,0.492,0.749,0.218,0.399,0.845,0.28,0.848,0.65,0.03,0.832,0.739,0.905,0.197,0.72,0.778,0.749,0.411,0.362,0.254,0.388,0.355,0.207
228,0.293,0.104,0.079,0.91,0.189,0.588,0.865,0.42,0.067,0.658,0.319,0.54,0.941,0.539,0.686,0.102,0.678,0.324,0.712,0.255,0.925,0.666,0.442,0.773,0.565,0.06,0.138,0.508,0.043,0.615,0.101,0.091,0.293,0.33,0.828,0.449,0.972,0.889,0.199,0.251,0.098,0.761,0.037,0.725,0.226,0.192,0.274,0.633,0.187,0.559,0.218,0.513,0.321,0.877,0.542,0.119,0.312,0.293,0.902,0.123,0.592,0.941,0.622,0.328
230,0.846,0.119,0.377,0.013,0.899,0.852,0.831,0.953,0.015,0.451,0.006,0.68,0.258,0.801,0.15,0.369,0.282,0.7,0.637,0.078,0.454,0.356,0.145,0.602,0.048,0.6,0.065,0.789,0.42,0.764,0.051,0.736,0.143,0.341,0.118,0.33,0.589,0.83,0.768,0.636,0.884,0.484,0.316,0.9,0.518,0.641,0.515,0.965,0.513,0.699,0.882,0.965,0.556,0.332,0.787,0.853,0.822,0.375,0.742,0.66,0.134,0.089,0.99,0.602
232,0.597,0.624,0.346,0.889,0.723,0.111,0.676,0.033,0.679,0.902,0.215,0.737,0.079,0.819,0.834,0.272,0.01,0.954,0.067,0.902,0.304,0.796,0.548,0.44,0.439,0.726,0.422,0.185,0.594,0.367,0.375,0.098,0.11,0.41,0.051,0.523,0.639,0.216,0.545,0.619,0.058,0.59,0.6,0.093,0.661,0.638,0.423,0.774,0.748,0.463,0.661,0.88,0.283,0.96,0.857,0.524,0.196,0.372,0.254,0.641,0.602,0.267,0.52,0.545
234,0.314,0.455,0.155,0.353,0.917,0.587,0.094,0.55,0.567,0.488,0.93,0.688,0.497,0.809,0.429,0.236,0.825,0.522,0.363,0.483,0.888,0.547,0.321,0.587,0.385,0.884,0.225,0.096,0.972,0.634,0.802,0.821,0.826,0.806,0.032,0.408,0.344,0.326,0.319,0.741,0.604,0.704,0.437,0.941,0.722,0.097,0.046,0.642,0.966,0.248,0.077,0.503,0.047,0.283,0.992,0.499,0.634,0.504,0.474,0.364,0.263,0.526,0.159,0.753
236,0.984,0.181,0.254,0.186,0.238,0.061,0.205,0.777,0.388,0.663,0.794,0.219,0.612,0.493,0.171,0.534,0.353,0.902,0.084,0.241,0.42,0.603,0.945,0.357,0.032,0.638,0.119,0.218,0.151,0.764,0.965,0.903,0.148,0.755,0.818,0.397,0.509,0.89,0.477,0.461,0.813,0.517,0.767,0.697,0.247,0.107,0.747,0.304,0.026,0.526,0.175,0.692,0.786,0.24,0.145,0.029,0.016,0.382,0.313,0.035,0.151,0.022,0.227,0.794
238,0.781,0.55,0.392,0.292,0.588,0.651,0.884,0.829,0.896,0.259,0.748,0.988,0.291,0.741,0.46,0.192,0.032,0.748,0.478,0.487,0.899,0.951,0.522,0.643,0.44,0.669,0.797,0.532,0.729,0.939,0.506,0.483,0.201,0.294,0.889,0.722,0.614,0.543,0.782,0.003,0.84,0.062,0.434,0.713,0.566,0.365,0.562,0.316,0.771,0.194,0.306,0.77,0.108,0.999,0.097,0.663,0.088,0.33,0.374,0.92,0.195,0.061,0.666,0.005
240,0.113,0.409,0.644,0.593,0.248,0.643,0.079,0.27,0.98,0.592,0.556,0.076,0.531,0.9,0.723,0.372,0.26,0.174,0.607,0.492,0.89,0.322,0.861,0.679,0.657,0.72,0.728,0.378,0.413,0.289,0.94,0.091,0.316,0.716,0.678,0.277,0.773,0.577,0.858,0.125,0.344,0.275,0.399,0.824,0.827,0.706,0.087,0.592,0.762,0.109,0.136,0.771,0.074,0.172,0.732,0.263,0.158,0.661,0.341,0.295,0.118,0.844,0.239,0.838
242,0.479,0.028,0.333,0.379,0.741,0.113,0.837,0.658,0.324,0.362,0.049,0.382,0.74,0.619,0.985,0.703,0.57,0.519,0.532,0.189,0.265,0.671,0.501,0.208,0.179,0.396,0.407,0.398,0.036,0.818,0.705,0.306,0.851,0.835,0.415,0.366,0.994,0.797,0.933,0.652,0.335,0.539,0.037,0.964,0.908,0.329,0.011,0.503,0.031,0.85,0.245,0.22,0.87,0.549,0.647,0.513,0.343,0.928,0.648,0.552,0.254,0.764,0.313,0.62
244,0.17,0.579,0.593,0.714,0.065,0.659,0.481,0.797,0.636,0.039,0.311,0.136,0.498,0.608,0.943,0.575,0.495,0.933,0.005,0.135,0.3,0.461,0.51,0.68,0.212,0.989,0.1,0.19,0.431,0.329,0.541,0.477,0.525,0.405,0.768,0.121,0.809,0.352,0.666,0.702,0.52,0.647,0.211,0.984,0.442,0.106,0.34,0.549,0.208,0.93,0.494,0.588,0.379,0.967,0.326,0.866,0.878,0.621,0.456,0.879,0.785,0.551,0.183,0.087
246,0.582,0.022,0.362,0.762,0.811,0.995,0.285,0.746,0.461,0.274,0.791,0.539,0.067,0.164,0.975,0.316,0.953,0.287,0.26,0.779,0.874,0.448,0.106,0.179,0.45,0.439,0.39,0.423,0.358,0.774,0.542,0.053,0.039,0.403,0.284,0.219,0.649,0.913,0.382,0.584,0.792,0.655,0.051,0.949,0.345,0.066,0.584,0.08,0.239,0.76,0.565,0.202,0.155,0.105,0.555,0.188,0.022,0.761,0.665,0.503,0.367,0.367,0.934,0.154
248,0.086,0.399,0.902,0.674,0.556,0.58,0.104,0.093,0.777,0.255,0.413,0.732,0.042,0.767,0.533,0.452,0.173,0.182,0.529,0.554,0.917,0.572,0.345,0.155,0.64,0.544,0.922,0.804,0.959,0.039,0.059,0.254,0.916,0.866,0.046,0.639,0.759,0.601,0.424,0.759,0.727,0.093,0.125,0.937,0.619,0.695,0.011,0.901,0.991,0.952,0.446,0.755,0.636,0.484,0.198,0.851,0.602,0.956,0.045,0.304,0.496,0.887,0.815,0.568
250,0.679,0.063,0.265,0.56,0.058,0.761,0.958,0.752,0.465,0.798,0.726,0.496,0.434,0.112,0.19,0.62,0.485,0.303,0.038,0.912,0.401,0.117,0.897,0.036,0.711,0.467,0.622,0.145,0.085,0.588,0.836,0.87,0.517,0.662,0.44,0.556,0.137,0.263,0.92,0.69,0.493,0.027,0.544,0.141,0.114,0.313,0.945,0.971,0.666,0.414,0.473,0.945,0.279,0.473,0.655,0.211,0.859,0.367,0.336,0.058,0.336,0.332,0.995,0.094
252,0.871,0.554,0.604,0.302,0.933,0.593,0.351,0.061,0.865,0.899,0.095,0.143,0.304,0.385,0.102,0.371,0.314,0.369,0.689,0.685,0.78,0.428,0.154,0.504,0.302,0.756,0.221,0.134,0.834,0.71,0.485,0.919,0.167,0.41,0.448,0.249,0.138,0.504,0.365,0.772,0.444,0.493,0.81,0.836,0.992,0.391,0.913,0.37,0.463,0.581,0.86,0.954,0.992,0.688,0.102,0.393,0.391,0.007,0.462,0.715,0.364,0.807,0.679,0.132
254,0.169,0.395,0.532,0.299,0.823,0.123,0.934,0.155,0.809,0.313,0.166,0.182,0.141,0.427,0.743,0.109,0.524,0.168,0.615,0.796,0.364,0.112,0.7,0.48,0.824,0.869,0.77,0.664,0.387,0.107,0.783,0.269,0.991,0.775,0.794,0.475,0.332,0.641,0.863,0.657,0.769,0.589,0.265,0.724,0.432,0.797,0.203,0.64,0.906,0.496,0.389,0.415,0.636,0.354,0.83,0.418,0.149,0.316,0.328,0.553,0.468,0.573,0.008,0.963
256,0.344,0.553,0.877,0.609,0.363,0.732,0.849,0.343,0.238,0.61,0.708,0.677,0.636,0.389,0.007,0.01,0.996,0.648,0.494,0.014,0.799,0.274,0.563,0.807,0.796,0.245,0.871,0.736,0.753,0.489,0.82,0.712,0.789,0.479,0.59,0.065,0.761,0.091,0.039,0.513,0.225,0.754,0.849,0.147,0.235,0.422,0.478,0.372,0.873,0.712,0.425,0.914,0.228,0.399,0.3,0.196,0.98,0.162,0.662,0.629,0.089,0.093,0.515,0.389
258,0.207,0.751,0.49,0.141,0.082,0.866,0.459,0.159,0.928,0.516,0.311,0.973,0.912,0.847,0.559,0.161,0.889,0.769,0.609,0.162,0.696,0.477,0.807,0.278,0.918,0.177,0.02,0.845,0.25,0.819,0.537,0.824,0.444,0.692,0.244,0.708,0.442,0.816,0.145,0.763,0.751,0.895,0.162,0.91,0.792,0.583,0.521,0.295,0.51,0.252,0.391,0.169,0.081,0.604,0.416,0.847,0.842,0.48,0.142,0.248,0.794,0.821,0.16,0.006
260,0.384,0.211,0.099,0.036,0.753,0.427,0.139,0.069,0.655,0.043,0.474,0.52,0.7,0.591,0.164,0.596,0.795,0.915,0.279,0.601,0.274,0.364,0.228,0.702,0.832,0.093,0.469,0.568,0.947,0.456,0.372,0.179,0.232,0.801,0.956,0.81,0.327,0.712,0.942,0.268,0.647,0.522,0.565,0.666,0.727,0.749,0.499,0.47,0.242,0.039,0.062,0.416,0.981,0.017,0.437,0.78,0.309,0.392,0.314,0.737,0.156,0.925,0.846,0.413
262,0.83,0.551,0.78,0.739,0.243,0.401,0.921,0.621,0.545,0.322,0.832,0.66,0.41,0.033,0.177,0.168,0.747,0.934,0.672,0.752,0.858,0.615,0.262,0.279,0.71,0.609,0.74,0.418,0.488,0.201,0.501,0.951,0.609,0.344,0.587,0.277,0.978,0.172,0.692,0.256,0.407,0.559,0.383,0.555,0.049,0.075,0.015,0.738,0.361,0.262,0.419,0.633,0.493,0.48,0.984,0.176,0.6,0.844,0.685,0.563,0.88,0.745,0.911,0.517
264,0.896,0.257,0.869,0.853,0.289,0.548,0.329,0.243,0.385,0.17,0.444,0.962,0.652,0.331,0.946,0.48,0.85,0.384,0.205,0.003,0.117,0.615,0.199,0.66,0.481,0.795,0.287,0.234,0.339,0.573,0.9,0.967,0.172,0.604,0.412,0.131,0.08,0.985,0.261,0.19,0.544,0.019,0.849,0.82,0.164,0.27,0.064,0.375,0.132,0.868,0.189,0.733,0.971,0.826,0.46,0.192,0.012,0.144,0.067,0.3,0.562,0.978,0.435,0.371
266,0.608,0.24,0.123,0.018,0.257,0.553,0.816,0.06,0.529,0.201,0.514,0.3,0.619,0.851,0.19,0.961,0.684,0.777,0.224,0.053,0.865,0.004,0.098,0.37,0.059,0.722,0.89,0.3,0.865,0.713,0.701,0.986,0.862,0.553,0.998,0.803,0.435,0.341,0.804,0.583,0.243,0.631,0.785,0.572,0.502,0.367,0.007,0.875,0.245,0.716,0.786,0.229,0.501,0.491,0.019,0.946,0.73,0.57,0.127,0.739,0.626,0.113,0.302,0.974
268,0.459,0.947,0.952,0.961,0.771,0.129,0.688,0.08,0.072,0.807,0.857,0.11,0.559,0.073,0.542,0.438,0.517,0.578,0.824,0.202,0.901,0.251,0.098,0.321,0.883,0.642,0.673,0.79,0.881,0.016,0.016,0.813,0.256,0.517,0.938,0.483,0.953,0.089,0.232,0.986,0.574,0.481,0.123,0.306,0.2,0.368,0.338,0.851,0.138,0.959,0.329,0.634,0.96,0.782,0.947,0.311,0.376,0.841,0.045,0.364,0.604,0.91,0.808,0.82
270,0.13,0.85,0.226,0.19,0.175,0.549,0.712,0.829,0.349,0.873,0.241,0.4,0.404,0.647,0.104,0.775,0.961,0.965,0.035,0.023,0.887,0.233,0.652,0.398,0.959,0.17,0.567,0.335,0.83,0.672,0.877,0.856,0.253,0.025,0.588,0.656,0.701,0.998,0.452,0.954,0.672,0.835,0.041,0.963,0.065,0.76,0.757,0.118,0.973,0.614,0.513,0.733,0.844,0.81,0.797,0.875,0.21,0.984,0.784,0.679,0.736,0.209,0.342,0.301
272,0.426,0.303,0.394,0.767,0.154,0.652,0.425,0.98,0.793,0.73,0.388,0.808,0.202,0.3,0.229,0.926,0.288,0.513,0.023,0.503,0.253,0.829,0.868,0.396,0.37,0.846,0.991,0.826,0.147,0.341,0.729,0.597,0.947,0.254,0.773,0.396,0.907,0.54,0.269,0.293,0.525,0.531,0.199,0.022,0.011,0.488,0.471,0.492,0.733,0.103,0.181,0.163,0.894,0.082,0.997,0.992,0.602,0.815,0.107,0.747,0.474,0.669,0.989,0.705
274,0.309,0.296,0.682,0.547,0.932,0.525,0.966,0.412,0.629,0.114,0.524,0.469,0.554,0.613,0.106,0.192,0.876,0.207,0.919,0.041,0.971,0.328,0.908,0.518,0.405,0.937,0.426,0.847,0.857,0.088,0.133,0.099,0.451,0.103,0.571,0.96,0.598,0.009,0.416,0.496,0.945,0.592,0.36,0.626,0.945,0.2,0.079,0.932,0.583,0.828,0.373,0.958,0.408,0.878,0.857,0.206,0.399,0.777,0.932,0.521,0.596,0.457,0.03,0.309
276,0.847,0.17,0.311,0.146,0.842,0.451,0.548,0.481,0.243,0.594,0.144,0.69,0.64,0.546,0.993,0.795,0.514,0.279,0.608,0.701,0.426,0.774,0.657,0.423,0.882,0.125,0.26,0.846,0.981,0.933,0.49,0.889,0.59,0.004,0.721,0.618,0.639,0.432,0.866,0.3,0.535,0.264,0.296,0.155,0.87,0.845,0.378,0.26,0.36,0.349,0.718,0.309,0.795,0.038,0.568,0.07,0.224,0.015,0.556,0.855,0.924,0.865,0.235,0.832
278,0.086,0.325,0.259,0.837,0.903,0.691,0.084,0.111,0.987,0.299,0.605,0.296,0.229,0.126,0.997,0.914,0.224,0.748,0.693,0.333,0.926,0.456,0.338,0.518,0.381,0.675,0.431,0.215,0.42,0.535,0.624,0.184,0.013,0.975,0.203,0.862,0.883,0.715,0.987,0.092,0.837,0.308,0.769,0.788,0.242,0.165,0.577,0.933,0.966,0.885,0.883,0.516,0.162,0.164,0.517,0.515,0.974,0.805,0.988,0.427,0.374,0.705,0.884,0.048
280,0.1,0.365,0.304,0.948,0.196,0.009,0.466,0.788,0.207,0.477,0.947,0.893,0.889,0.532,0.466,0.886,0.398,0.147,0.807,0.261,0.574,0.008,0.621,0.235,0.522,0.74,0.702,0.595,0.039,0.918,0.432,0.509,0.835,0.159,0.636,0.646,0.594,0.763,0.222,0.22,0.857,0.7,0.324,0.259,0.07,0.393,0.046,0.055,0.281,0.691,0.946,0.92,0.718,0.091,0.033,0.568,0.435,0.354,0.736,0.531,0.002,0.728,0.424,0.146
282,0.785,0.936,0.594,0.6,0.729,0.566,0.916,0.82,0.144,0.85,0.381,0.506,0.377,0.78,0.48,0.469,0.424,0.941,0.506,0.675,0.004,0.761,0.894,0.444,0.442,0.993,0.86,0.988,0.314,0.614,0.76,0.131,0.88,0.837,0.284,0.341,0.35,0.537,0.892,0.068,0.361,0.284,0.017,0.234,0.224,0.408,0.787,0.902,0.006,0.697,0.732,0.439,0.106,0.526,0.878,0.696,0.386,0.906,0.275,0.737,0.014,0.222,0.464,0.61
284,0.664,0.294,0.478,0.824,0.596,0.013,0.282,0.151,0.266,0.411,0.489,0.225,0.189,0.005,0.846,0.687,0.86,0.502,0.293,0.897,0.705,0.426,0.362,0.578,0.678,0.792,0.777,0.881,0.496,0.653,0.834,0.068,0.784,0.53,0.327,0.375,0.389,0.111,0.264,0.146,0.467,0.093,0.783,0.178,0.97,0.008,0.171,0.473,0.426,0.922,0.795,1.0,0.027,0.646,0.318,0.16,0.91,0.099,0.254,0.906,0.44,0.434,0.153,0.659
286,0.956,0.646,0.162,0.038,0.58,0.532,0.364,0.953,0.156,0.332,0.152,0.932,0.063,0.506,0.176,0.47,0.035,0.51,0.88,0.366,0.191,0.648,0.253,0.605,0.639,0.16,0.764,0.753,0.923,0.568,0.593,0.669,0.249,0.94,0.011,0.135,0.386,0.268,0.077,0.475,0.507,0.904,0.223,0.842,0.704,0.239,0.064,0.855,0.199,0.845,0.956,0.454,0.932,0.497,0.359,0.881,0.127,0.153,0.013,0.792,0.849,0.736,0.647,0.013
288,0.514,0.053,0.656,0.633,0.308,0.017,0.433,0.854,0.136,0.679,0.835,0.837,0.675,0.869,0.233,0.932,0.243,0.737,0.097,0.807,0.306,0.339,0.414,0.987,0.585,0.359,0.187,0.374,0.91,0.575,0.805,0.085,0.059,0.488,0.045,0.802,0.657,0.171,0.953,0.197,0.526,0.243,0.56,0.962,0.942,0.624,0.157,0.783,0.086,0.98,0.947,0.838,0.382,0.721,0.921,0.558,0.552,0.261,0.658,0.083,0.144,0.023,0.274,0.63
290,0.855,0.794,0.136,0.786,0.649,0.633,0.719,0.403,0.134,0.818,0.411,0.986,0.641,0.701,0.525,0.868,0.23,0.963,0.766,0.104,0.593,0.045,0.425,0.79,0.355,0.847,0.283,0.023,0.791,0.328,0.087,0.864,0.165,0.381,0.184,0.166,0.804,0.025,0.96,0.734,0.213,0.769,0.805,0.48,0.671,0.044,0.897,0.838,0.898,0.639,0.915,0.604,0.845,0.245,0.937,0.887,0.31,0.031,0.296,0.87,0.88,0.603,0.532,0.119
292,0.918,0.754,0.985,0.147,0.682,0.712,0.41,0.279,0.035,0.212,0.951,0.692,0.52,0.403,0.645,0.981,0.453,0.305,0.895,0.654,0.472,0.105,0.111,0.286,0.77,0.774,0.186,0.969,0.954,0.099,0.027,0.548,0.942,0.414,0.493,0.6,0.703,0.413,0.511,0.776,0.434,0.303,0.756,0.565,0.127,0.886,0.653,0.851,0.339,0.294,0.746,0.504,0.593,0.284,0.609,0.518,0.477,0.232,0.8,0.487,0.749,0.451,0.562,0.109
294,0.633,0.22,0.102,0.182,0.92,0.602,0.933,0.029,0.884,0.339,0.837,0.06,0.764,0.136,0.676,0.454,0.918,0.162,0.744,0.445,0.863,0.802,0.711,0.028,0.629,0.956,0.567,0.171,0.464,0.115,0.035,0.457,0.045,0.199,0.57,0.221,0.789,0.664,0.536,0.32,0.621,0.292,0.009,0.924,0.282,0.442,0.396,0.298,0.711,0.611,0.972,0.44,0.497,0.571,0.024,0.653,0.559,0.844,0.947,0.725,0.012,0.179,0.364,0.998
296,0.379,0.831,0.811,0.095,0.378,0.743,0.532,0.897,0.142,0.257,0.019,0.51,0.477,0.737,0.359,0.813,0.055,0.325,0.149,0.884,0.287,0.772,0.646,0.931,0.644,0.153,0.606,0.467,0.392,0.26,0.685,0.816,0.161,0.018,0.773,0.68,0.455,0.225,0.806,0.485,0.206,0.83,0.078,0.841,0.181,0.28,0.865,0.404,0.717,0.096,0.909,0.656,0.431,0.463,0.204,0.103,0.078,0.898,0.991,0.479,0.861,0.333,0.944,0.31
298,0.597,0.864,0.791,0.527,0.908,0.887,0.705,0.221,0.314,0.298,0.686,0.98,0.214,0.679,0.921,0.083,0.849,0.669,0.785,0.443,0.269,0.366,0.134,0.346,0.394,0.821,0.015,0.459,0.047,0.025,0.046,0.423,0.972,0.645,0.955,0.492,0.373,0.127,0.986,0.467,0.026,0.513,0.394,0.603,0.864,0.283,0.955,0.372,0.431,0.836,0.48,0.729,0.36,0.864,0.788,0.458,0.779,0.843,0.635,0.612,0.261,0.039,0.298,0.06
300,0.514,0.782,0.928,0.213,0.462,0.822,0.815,0.034,0.285,0.917,0.991,0.418,0.962,0.764,0.642,0.926,0.168,0.482,0.239,0.251,0.664,0.143,0.483,0.435,0.47,0.422,0.934,0.727,0.496,0.07,0.895,0.471,0.589,0.979,0.215,0.554,0.009,0.577,0.213,0.682,0.316,0.037,0.586,0.313,0.197,0.064,0.815,0.973,0.626,0.152,0.202,0.016,0.403,0.821,0.071,0.004,0.622,0.024,0.872,0.882,0.541,0.711,0.594,0.133
302,0.383,0.365,0.384,0.002,0.338,0.122,0.546,0.111,0.48,0.792,0.157,0.618,0.213,0.356,0.467,0.913,0.79,0.227,0.455,0.088,0.104,0.335,0.721,0.866,0.863,0.33,0.251,0.338,0.103,0.841,0.605,0.513,0.267,0.357,0.843,0.407,0.9,0.799,0.883,0.387,0.462,0.41,0.537,0.984,0.49,0.58,0.136,0.051,0.048,0.297,0.859,0.297,0.257,0.951,0.059,0.698,0.602,0.91,0.805,0.618,0.921,0.795,0.189,0.651
304,0.455,0.66,0.177,0.471,0.053,0.668,0.083,0.376,0.404,0.701,0.346,0.253,0.934,0.845,0.55,0.367,0.054,0.024,0.144,0.044,0.451,0.528,0.536,0.151,0.144,0.65,0.173,0.332,0.973,0.972,0.62,0.258,0.024,0.69,0.8,0.433,0.404,0.025,0.175,0.716,0.15,0.73,0.688,0.868,0.224,0.324,0.024,0.474,0.304,0.187,0.684,0.062,0.31,0.584,0.445,0.964,0.058,0.374,0.125,0.952,0.627,0.592,0.303,0.38
306,0.011,0.775,0.294,0.625,0.343,0.259,0.964,0.352,0.223,0.353,0.348,0.793,0.888,0.088,0.479,0.087,0.623,0.35,0.798,0.401,0.978,0.331,0.16,0.448,0.797,0.746,0.592,0.557,0.532,0.699,0.466,0.479,0.662,0.734,0.541,0.592,0.581,0.772,0.659,0.929,0.203,0.791,0.603,0.237,0.299,0.448,0.04,0.4,0.582,0.502,0.044,0.648,0.076,0.197,0.776,0.74,0.524,0.303,0.942,0.313,0.122,0.385,0.618,0.072
308,0.072,0.059,0.283,0.521,0.413,0.542,0.865,0.523,0.088,0.622,0.831,0.399,0.785,0.933,0.564,0.509,0.859,0.844,0.586,0.06,0.417,0.296,0.044,0.938,0.304,0.68,0.538,0.217,0.753,0.833,0.284,0.047,0.868,0.382,0.107,0.075,0.584,0.564,0.585,0.437,0.351,0.84,0.262,0.529,0.717,0.832,0.637,0.669,0.578,0.475,0.218,0.932,0.037,0.597,0.554,0.006,0.089,0.555,0.591,0.031,0.254,0.184,0.672,0.158
310,0.772,0.489,0.119,0.457,0.376,0.904,0.959,0.892,0.557,0.865,0.3,0.436,0.336,0.552,0.868,0.456,0.319,0.329,0.445,0.287,0.316,0.583,0.647,0.004,0.645,0.904,0.615,0.741,0.721,0.214,0.21,0.952,0.344,0.547,0.29,0.857,0.879,0.997,0.817,0.237,0.839,0.846,0.25,0.48,0.902,0.355,0.664,0.852,0.385,0.564,0.155,0.186,0.674,0.931,0.039,0.871,0.78,0.069,0.416,0.334,0.184,0.295,0.716,0.871
312,0.611,0.708,0.058,0.749,0.792,0.812,0.74,0.242,0.341,0.207,0.697,0.376,0.726,0.696,0.897,0.249,0.327,0.149,0.252,0.531,0.732,0.262,0.2,0.508,0.494,0.744,0.728,0.959,0.772,0.969,0.845,0.939,0.776,0.343,0.578,0.891,0.329,0.461,0.697,0.576,0.716,0.213,0.522,0.7,0.585,0.249,0.151,0.838,0.123,0.663,0.889,0.913,0.796,0.591,0.224,0.051,0.942,0.887,0.618,0.776,0.881,0.528,0.479,0.255
314,0.643,0.43,0.986,0.408,0.806,0.056,0.831,0.884,0.199,0.755,0.463,0.074,0.969,0.997,0.4,0.242,0.445,0.371,0.469,0.634,0.484,0.053,0.992,0.791,0.629,0.762,0.273,0.136,0.022,0.373,0.87,0.606,0.08,0.267,0.943,0.702,0.693,0.524,0.519,0.806,0.849,0.327,0.401,0.438,0.89,0.501,0.448,0.768,0.015,0.8,0.352,0.401,0.526,0.686,0.199,0.978,0.405,0.838,0.898,0.784,0.02,0.828,0.43,0.012
316,0.02,0.699,0.996,0.624,0.004,0.728,0.111,0.205,0.684,0.734,0.072,0.894,0.492,0.204,0.932,0.508,0.476,0.071,0.887,0.816,0.941,0.313,0.152,0.35,0.219,0.203,0.157,0.269,0.082,0.737,0.604,0.734,0.963,0.571,0.743,0.556,0.847,0.938,0.489,0.958,0.664,0.409,0.938,0.312,0.374,0.786,0.216,0.021,0.499,0.711,0.951,0.755,0.794,0.134,0.742,0.497,0.789,0.745,0.858,0.055,0.833,0.102,0.082,0.57
318,0.486,0.274,0.874,0.724,0.905,0.538,0.814,0.695,0.562,0.706,0.981,0.76,0.81,0.642,0.385,0.523,0.122,0.954,0.377,0.338,0.735,0.562,0.371,0.089,0.414,0.212,0.449,0.798,0.815,0.619,0.867,0.699,0.13,0.151,0.041,0.781,0.595,0.462,0.114,0.023,0.456,0.065,0.71,0.851,0.84,0.227,0.354,0.254,0.403,0.517,0.416,0.64,0.029,0.447,0.572,0.968,0.325,0.177,0.082,0.213,0.996,0.902,0.42,0.834
320,0.704,0.869,0.276,0.97,0.458,0.35,0.123,0.583,0.616,0.208,0.579,0.414,0.399,0.258,0.802,0.911,0.291,0.179,0.712,0.027,0.854,0.365,0.019,0.533,0.002,0.586,0.904,0.026,0.047,0.312,0.414,0.529,0.58,0.28,0.393,0.329,0.719,0.092,0.124,0.824,0.275,0.489,0.619,0.498,0.452,0.113,0.441,0.701,0.995,0.699,0.779,0.977,0.004,0.727,0.52,0.333,0.613,0.583,0.579,0.251,0.872,0.432,0.536,0.492
322,0.926,0.807,0.377,0.674,0.39,0.922,0.16,0.827,0.69,0.184,0.451,0.45,0.53,0.463,0.824,0.167,0.25,0.096,0.026,0.549,0.5,0.448,0.421,0.501,0.229,0.108,0.075,0.983,0.522,0.096,0.68,0.383,0.417,0.031,0.394,0.099,0.892,0.723,0.113,0.7,0.607,0.563,0.589,0.321,0.494,0.495,0.289,0.99,0.817,0.025,0.492,0.673,0.776,0.659,0.181,0.773,0.256,0.314,0.94,0.753,0.256,0.722,0.708,0.159
324,0.89,0.41,0.387,0.253,0.091,0.68,0.496,0.076,0.807,0.64,0.861,0.783,0.349,0.343,0.76,0.33,0.378,0.863,0.593,0.97,0.963,0.756,0.477,0.58,0.039,0.155,0.457,0.265,0.863,0.926,0.134,0.943,0.147,0.395,0.241,0.404,0.844,0.988,0.98,0.102,0.219,0.173,0.748,0.105,0.597,0.591,0.673,0.279,0.009,0.821,0.249,0.288,0.068,0.356,0.379,0.601,0.395,0.21,0.633,0.966,0.239,0.794,0.373,0.713
326,0.942,0.904,0.476,0.428,0.077,0.786,0.805,0.981,0.509,0.676,0.875,0.163,0.769,0.397,0.182,0.311,0.318,0.368,0.593,0.313,0.469,0.505,0.455,0.572,0.948,0.472,0.273,0.536,0.976,0.204,0.533,0.328,0.204,0.036,0.749,0.777,0.037,0.442,0.832,0.644,0.338,0.515,0.456,0.424,0.408,0.12,0.538,0.954,0.389,0.822,0.371,0.997,0.838,0.305,0.488,0.627,0.567,0.61,0.394,0.693,0.704,0.161,0.526,0.402
328,0.123,0.872,0.348,0.748,0.921,0.306,0.006,0.593,0.0,0.092,0.411,0.922,0.98,0.401,0.908,0.158,0.965,0.627,0.212,0.007,0.216,0.116,0.611,0.308,0.044,0.434,0.414,0.205,0.717,0.248,0.993,0.605,0.683,0.634,0.814,0.022,0.112,0.279,0.832,0.622,0.91,0.986,0.935,0.88,0.549,0.554,0.209,0.588,0.079,0.848,0.315,0.328,0.732,0.075,0.736,0.359,0.912,0.711,0.991,0.361,0.342,0.106,0.44,0.321
330,0.569,0.666,0.523,0.297,0.621,0.21,0.058,0.835,0.084,0.674,0.186,0.162,0.084,0.432,0.372,0.907,0.138,0.662,0.442,0.627,0.611,0.832,0.414,0.335,0.182,0.193,0.048,0.299,0.092,0.463,0.32,0.673,0.973,0.828,0.22,0.696,0.813,0.203,0.921,0.945,0.626,0.747,0.785,0.562,0.4,0.146,0.31,0.344,0.337,0.058,0.767,0.12,0.95,0.127,0.39,0.736,0.878,0.555,0.078,0.041,0.573,0.534,0.385,0.054
332,0.163,0.139,0.319,0.233,0.75,0.12,0.643,0.168,0.632,0.74,0.213,0.279,0.519,0.586,0.622,0.582,0.04,0.108,0.593,0.122,0.256,0.338,0.849,0.693,0.165,0.885,0.141,0.2,0.291,0.294,0.498,0.178,0.182,0.207,0.998,0.803,0.754,0.733,0.842,0.131,0.036,0.864,0.522,0.191,0.514,0.012,0.104,0.334,0.423,0.848,0.13,0.305,0.93,0.274,0.879,0.909,0.97,0.747,0.83,0.666,0.815,0.955,0.704,0.74
334,0.785,0.517,0.141,0.206,0.687,0.489,0.445,0.939,0.29,0.176,0.112,0.553,0.843,0.025,0.558,0.843,0.611,0.397,0.601,0.256,0.635,0.138,0.839,0.314,0.96,0.888,0.348,0.384,0.047,0.202,0.48,0.502,0.869,0.628,0.096,0.55,0.159,0.865,0.37,0.065,0.937,0.549,0.959,0.257,0.269,0.712,0.467,0.98,0.789,0.378,0.118,0.665,0.487,0.603,0.93,0.87,0.265,0.847,0.565,0.494,0.373,0.395,0.027,0.244
336,0.831,0.326,0.44,0.823,0.457,0.615,0.161,0.518,0.326,0.071,0.586,0.976,0.625,0.604,0.601,0.03,0.968,0.286,0.639,0.892,0.906,0.047,0.077,0.373,0.843,0.594,0.184,0.538,0.401,0.14,0.197,0.498,0.688,0.225,0.239,0.866,0.055,0.567,0.638,0.648,0.64,0.853,0.263,0.925,0.188,0.292,0.333,0.787,0.958,0.409,0.121,0.53,0.744,0.547,0.156,0.952,0.161,0.471,0.54,0.388,0.162,0.862,0.092,0.165
338,0.851,0.439,0.188,0.806,0.369,0.896,0.561,0.692,0.18,0.615,0.816,0.992,0.939,0.644,0.398,0.175,0.161,0.931,0.661,0.87,0.641,0.577,0.136,0.943,0.611,0.542,0.882,0.77,0.845,0.212,0.279,0.011,0.863,0.508,0.538,0.347,0.301,0.896,0.645,0.09,0.381,0.498,0.04,0.729,0.0,0.876,0.156,0.246,0.67,0.726,0.056,0.061,0.02,0.173,0.348,0.985,0.009,0.383,0.184,0.671,0.473,0.197,0.144,0.375
340,0.093,0.677,0.786,0.342,0.145,0.21,0.729,0.615,0.614,0.771,0.631,0.356,0.544,0.719,0.888,0.104,0.566,0.748,0.042,0.254,0.537,0.827,0.026,0.368,0.373,0.375,0.37,0.306,0.441,0.51,0.943,0.877,0.107,0.634,1.0,0.524,0.856,0.9,0.699,0.323,0.066,0.069,0.787,0.509,0.95,0.731,0.572,0.071,0.365,0.685,0.311,0.17,0.661,0.513,0.998,0.725,0.413,0.79,0.124,0.975,0.541,0.226,0.934,0.096
342,0.239,0.952,0.808,0.687,0.566,0.673,0.2,0.326,0.42,0.87,0.205,0.717,0.831,0.056,0.255,0.03,0.438,0.395,0.55,0.517,0.792,0.234,0.07,0.676,0.717,0.001,0.967,0.1,0.945,0.995,0.844,0.275,0.889,0.708,0.604,0.08,0.734,0.564,0.432,0.928,0.611,0.599,0.268,0.435,0.941,0.689,0.729,0.649,0.517,0.686,0.53,0.964,0.856,0.092,0.321,0.186,0.839,0.9,0.131,0.944,0.815,0.287,0.301,0.903
344,0.427,0.761,0.531,0.825,0.127,0.763,0.888,0.756,0.441,0.193,0.859,0.44,0.887,0.338,0.784,0.577,0.348,0.3,0.746,0.57,0.098,0.929,0.206,0.948,0.964,0.976,0.705,0.57,0.414,0.871,0.287,0.625,0.598,0.824,0.315,0.693,0.142,0.989,0.373,0.283,0.011,0.146,0.201,0.688,0.016,0.859,0.952,0.192,0.224,0.574,0.031,0.408,0.187,0.872,0.316,0.853,0.156,0.783,0.738,0.533,0.405,0.37,0.229,0.242
346,0.463,0.63,0.722,0.584,0.217,0.158,0.576,0.552,0.911,0.718,0.362,0.147,0.191,0.115,0.721,0.946,0.247,0.106,0.509,0.648,0.073,0.746,0.617,0.08,0.385,0.375,0.117,0.244,0.003,0.052,0.349,0.004,0.162,0.841,0.458,0.349,0.9,0.06,0.023,0.458,0.101,0.265,0.539,0.448,0.928,0.726,0.906,0.848,0.926,0.95,0.912,0.643,0.135,0.896,0.439,0.434,0.635,0.923,0.831,0.685,0.383,0.642,0.743,0.196
348,0.362,0.456,0.605,0.176,0.341,0.128,0.332,0.846,0.232,0.214,0.889,0.787,0.173,0.246,0.605,0.982,0.276,0.861,0.808,0.549,0.254,0.669,0.937,0.702,0.713,0.303,0.18,0.014,0.686,0.587,0.783,0.451,0.375,0.662,0.084,0.776,0.672,0.635,0.513,0.04,0.808,0.785,0.465,0.72,0.477,0.505,0.293,0.876,0.453,0.937,0.77,0.747,0.224,0.89,0.067,0.178,0.144,0.547,0.762,0.504,0.086,0.224,0.271,0.319
350,0.641,0.518,0.153,0.034,0.54,0.441,0.763,0.047,0.257,0.591,0.309,0.943,0.973,0.181,0.184,0.007,0.146,0.787,0.387,0.654,0.62,0.608,0.182,0.835,0.701,0.536,0.16,0.53,0.166,0.194,0.543,0.212,0.054,0.816,0.239,0.435,0.783,0.509,0.375,0.143,0.011,0.815,0.074,0.623,0.886,0.392,0.297,0.321,0.783,0.194,0.783,0.344,0.889,0.59,0.039,0.401,0.067,0.511,0.062,0.816,0.019,0.289,0.195,0.367
352,0.508,0.876,0.868,0.529,0.674,0.824,0.046,0.089,0.018,0.488,0.072,0.869,0.278,0.674,0.751,0.365,0.309,0.034,0.813,0.357,0.968,0.068,0.851,0.358,0.317,0.416,0.779,0.9,0.242,0.72,0.696,0.691,0.658,0.692,0.567,0.19,0.595,0.067,0.407,0.265,0.923,0.379,0.45,0.459,0.363,0.335,0.294,0.801,0.005,0.886,0.779,0.691,0.369,0.63,0.349,0.726,0.78,0.498,0.599,0.156,0.786,0.481,0.143,0.77
354,0.407,0.453,0.804,0.837,0.829,0.503,0.695,0.22,0.149,0.513,0.057,0.436,0.683,0.095,0.755,0.206,0.329,0.95,0.23,0.302,0.421,0.534,0.107,0.387,0.034,0.945,0.329,0.042,0.34,0.15,0.221,0.052,0.926,0.444,0.843,0.091,0.738,0.072,0.284,0.38,0.993,0.837,0.074,0.16,0.114,0.728,0.022,0.126,0.081,0.458,0.745,0.119,0.473,0.551,0.61,0.857,0.129,0.144,0.578,0.273,0.034,0.426,0.577,0.917
356,0.713,0.428,0.043,0.34,0.052,0.049,0.968,0.91,0.381,0.068,0.851,0.431,0.251,0.88,0.173,0.06,0.817,0.638,0.971,0.588,0.836,0.796,0.988,0.566,0.134,0.133,0.183,0.691,0.047,0.932,0.194,0.37,0.007,0.305,0.423,0.123,0.515,0.709,0.815,0.696,0.888,0.453,0.161,0.068,0.437,0.425,0.274,0.431,0.033,0.166,0.909,0.462,0.934,0.322,0.866,0.297,0.892,0.002,0.584,0.105,0.574,0.681,0.755,0.516
358,0.53,0.257,0.046,0.838,0.447,0.82,0.77,0.16,0.206,0.327,0.051,0.434,0.691,0.171,0.821,0.55,0.653,0.337,0.923,0.67,0.0,0.014,0.302,0.269,0.052,0.197,0.643,0.779,0.554,0.21,0.184,0.324,0.463,0.444,0.579,0.806,0.909,0.261,0.38,0.246,0.305,0.339,0.924,0.104,0.956,0.331,0.89,0.154,0.22,0.873,0.285,0.236,0.98,0.392,0.435,0.534,0.372,0.801,0.443,0.441,0.16,0.695,0.186,0.927
360,0.949,0.828,0.892,0.777,0.401,0.16,0.871,0.1,0.951,0.756,0.368,0.081,0.85,0.5,0.845,0.355,0.352,0.697,0.137,0.413,0.687,0.705,0.303,0.273,0.003,0.885,0.071,0.171,0.125,0.367,0.656,0.08,0.478,0.043,0.581,0.09,0.855,0.018,0.584,0.056,0.221,0.292,0.732,0.425,0.433,0.675,0.909,0.877,0.379,0.656,0.846,0.265,0.007,0.083,0.678,0.614,0.297,0.072,0.931,0.158,0.364,0.321,0.268,0.562
362,0.129,0.169,0.022,0.16,0.243,0.442,0.288,0.444,0.958,0.042,0.71,0.561,0.821,0.006,0.832,0.903,0.708,0.971,0.727,0.671,0.252,0.959,0.912,0.474,0.577,0.045,0.953,0.685,0.946,0.158,0.865,0.61,0.242,0.564,0.508,0.287,0.221,0.661,0.115,0.677,0.688,0.137,0.382,0.177,0.322,0.82,0.855,0.484,0.726,0.271,0.909,0.761,0.082,0.476,0.777,0.516,0.261,0.38,0.85,0.765,0.51,0.936,0.97,0.224
364,0.429,0.037,0.423,0.403,0.009,0.954,0.486,0.805,0.443,0.222,0.462,0.235,0.855,0.68,0.878,0.771,0.544,0.811,0.691,0.591,0.413,0.774,0.03,0.039,0.884,0.821,0.092,0.896,0.635,0.96,0.566,0.678,0.305,0.297,0.255,0.87,0.255,0.189,0.341,0.844,0.156,0.797,0.95,0.929,0.317,0.795,0.27,0.826,0.923,0.261,0.014,0.932,0.312,0.686,0.389,0.498,0.072,0.482,0.868,0.666,0.686,0.416,0.117,0.408
366,0.897,0.619,0.237,0.762,0.042,0.266,0.102,0.297,0.365,0.219,0.918,0.273,0.275,0.139,0.956,0.069,0.31,0.607,0.98,0.445,0.646,0.825,0.413,0.647,0.226,0.757,0.248,0.961,0.474,0.676,0.64,0.3,0.938,0.002,0.903,0.584,0.798,0.557,0.894,0.368,0.99,0.95,0.271,0.608,0.525,0.645,0.502,0.913,0.112,0.92,0.542,0.518,0.033,0.306,0.264,0.095,0.011,0.614,0.51,0.1,0.132,0.422,0.661,0.431
368,0.874,0.26,0.94,0.056,0.121,0.393,0.145,0.598,0.867,0.291,0.772,0.055,0.574,0.144,0.808,0.861,0.55,0.661,0.464,0.692,0.074,0.807,0.273,0.239,0.07,0.151,0.265,0.311,0.532,0.452,0.225,0.285,0.746,0.459,0.274,0.283,0.528,0.52,0.681,0.18,0.113,0.332,0.761,0.527,0.088,0.362,0.849,0.824,0.778,0.283,0.26,0.627,0.575,0.008,0.57,0.504,0.878,0.897,0.435,0.983,0.044,0.364,0.384,0.985
370,0.867,0.331,0.962,0.481,0.72,0.846,0.55,0.009,0.078,0.279,0.036,0.027,0.868,0.233,0.934,0.802,0.981,0.398,0.585,0.375,0.676,0.859,0.064,0.652,0.307,0.801,0.764,0.736,0.778,0.342,0.659,0.4,0.865,0.195,0.289,0.018,0.397,0.612,0.988,0.627,0.233,0.59,0.274,0.527,0.355,0.345,0.718,0.894,0.356,0.535,0.81,0.663,0.308,0.134,0.512,0.679,0.564,0.693,0.444,0.331,0.546,0.761,0.196,0.797
372,0.573,0.741,0.933,0.469,0.197,0.376,0.998,0.434,0.515,0.017,0.646,0.722,0.815,0.63,0.554,0.137,0.63,0.69,0.682,0.163,0.42,0.728,0.365,0.845,0.693,0.975,0.654,0.73,0.957,0.882,0.893,0.658,0.359,0.76,0.944,0.432,0.768,0.508,0.221,0.617,0.868,0.396,0.466,0.47,0.948,0.083,0.124,0.719,0.972,0.195,0.041,0.613,0.847,0.711,0.528,0.197,0.328,0.799,0.215,0.603,0.675,0.911,0.664,0.839
374,0.977,0.528,0.076,0.422,0.182,0.526,0.04,0.217,0.666,0.711,0.306,0.219,0.394,0.359,0.493,0.217,0.252,0.41,0.553,0.912,0.668,0.321,0.415,0.686,0.903,0.578,0.523,0.32,0.434,0.058,0.751,0.864,0.637,0.34,0.934,0.93,0.743,0.732,0.242,0.538,0.713,0.09,0.008,0.185,0.884,0.552,0.586,0.711,0.644,0.444,0.055,0.256,0.22,0.709,0.631,0.387,0.911,0.811,0.635,0.415,0.76,0.173,0.195,0.416
376,0.903,0.822,0.273,0.321,0.506,0.504,0.21,0.986,0.175,0.432,0.585,0.867,0.645,0.594,0.479,0.133,0.276,0.95,0.967,0.139,0.125,0.138,0.885,0.774,0.916,0.928,0.485,0.349,0.745,0.516,0.85,0.434,0.483,0.54,0.89,0.253,0.801,0.299,0.32,0.381,0.829,0.755,0.935,0.362,0.091,0.871,0.321,0.787,0.888,0.931,0.196,0.353,0.71,0.598,0.707,0.216,0.164,0.622,0.411,0.201,0.688,0.82,0.812,0.38
378,0.849,0.532,0.162,0.495,0.545,0.558,0.473,0.015,0.993,0.855,0.384,0.152,0.431,0.454,0.817,0.128,0.874,0.39,0.182,0.451,0.76,0.494,0.729,0.037,0.593,0.392,0.757,0.528,0.586,0.237,0.778,0.579,0.118,0.725,0.916,0.498,0.937,0.745,0.515,0.19,0.143,0.844,0.703,0.619,0.561,0.947,0.782,0.541,0.696,0.799,0.704,0.466,0.787,0.084,0.431,0.457,0.704,0.705,0.074,0.933,0.325,0.373,0.759,0.15
380,0.772,0.903,0.77,0.217,0.56,0.214,0.791,0.69,0.549,0.18,0.188,0.185,0.774,0.245,0.402,0.901,0.635,0.257,0.932,0.661,0.48,0.388,0.073,0.748,0.923,0.342,0.376,0.043,0.497,0.468,0.687,0.867,0.35,0.078,0.744,0.174,0.168,0.033,0.298,0.806,0.729,0.435,0.33,0.955,0.901,0.381,0.031,0.074,0.703,0.144,0.027,0.684,0.777,0.976,0.803,0.325,0.811,0.85,0.331,0.749,0.012,0.079,0.965,0.004
382,0.694,0.058,0.318,0.408,0.074,0.832,0.768,0.291,0.078,0.195,0.457,0.445,0.24,0.249,0.027,0.224,0.334,0.188,0.656,0.58,0.115,0.343,0.108,0.534,0.838,0.418,0.077,0.014,0.253,0.705,0.154,0.394,0.523,0.46,0.577,0.878,0.769,0.843,0.757,0.314,0.461,0.224,0.605,0.88,0.007,0.884,0.744,0.392,0.523,0.263,0.388,0.822,0.431,0.96,0.334,0.033,0.234,0.469,0.841,0.591,0.578,0.589,0.309,0.378
384,0.515,0.901,0.731,0.58,0.15,0.775,0.3,0.121,0.445,0.711,0.455,0.467,0.706,0.654,0.444,0.708,0.664,0.078,0.669,0.281,0.218,0.29,0.506,0.462,0.315,0.378,0.425,0.825,0.534,0.916,0.988,0.236,0.147,0.006,0.761,0.886,0.674,0.2,0.08,0.253,0.58,0.391,0.9,0.574,0.929,0.27,0.292,0.893,0.246,0.464,0.267,0.838,0.916,0.506,0.719,0.064,0.016,0.884,0.81,0.621,0.611,0.972,0.812,0.821
386,0.737,0.92,0.968,0.212,0.266,0.654,0.9,0.57,0.99,0.475,0.879,0.807,0.354,0.079,0.993,0.251,0.536,0.0,0.488,0.559,0.532,0.074,0.92,0.075,0.364,0.633,0.756,0.075,0.566,0.939,0.353,0.159,0.848,0.051,0.484,0.035,0.998,0.497,0.299,0.19,0.26,0.247,0.214,0.451,0.758,0.404,0.8,0.861,0.426,0.406,0.428,0.609,0.799,0.131,0.504,0.034,0.391,0.752,0.61,0.318,0.134,0.95,0.921,0.656
388,0.61,0.56,0.934,0.371,0.653,0.712,0.101,0.701,0.388,0.731,0.365,0.738,0.465,0.644,0.809,0.48,0.003,0.536,0.348,0.671,0.39,0.486,0.649,0.959,0.285,0.56,0.668,0.057,0.453,0.896,0.419,0.525,0.998,0.676,0.574,0.874,0.925,0.43,0.014,0.84,0.934,0.785,0.678,0.646,0.082,0.337,0.131,0.501,0.916,0.362,0.148,0.696,0.51,0.913,0.888,0.123,0.901,0.754,0.305,0.711,0.57,0.767,0.723,0.002
390,0.791,0.118,0.583,0.763,0.151,0.285,0.376,0.675,0.086,0.413,0.619,0.623,0.776,0.522,0.05,0.827,0.247,0.047,0.934,0.296,0.833,0.193,0.055,0.495,0.88,0.131,0.202,0.98,0.088,0.478,0.679,0.123,0.198,0.571,0.411,0.444,0.311,0.822,0.869,0.662,0.268,0.686,0.103,0.916,0.625,0.758,0.957,0.183,0.44,0.679,0.929,0.189,0.26,0.339,0.259,0.213,0.916,0.252,0.424,0.05,0.086,0.69,0.759,0.728
392,0.8,0.297,0.219,0.506,0.357,0.567,0.043,0.181,0.822,0.768,0.288,0.164,0.314,0.243,0.882,0.886,0.127,0.422,0.605,0.614,0.108,0.833,0.531,0.939,0.75,1.0,0.564,0.137,0.552,0.88,0.471,0.509,0.028,0.825,0.446,0.984,0.529,0.35,0.038,0.495,0.526,0.772,0.869,0.283,0.293,0.821,0.819,0.357,0.774,0.481,0.658,0.771,0.435,0.577,0.816,0.114,0.851,0.437,0.404,0.789,0.974,0.193,0.539,0.117
394,0.794,0.187,0.822,0.514,0.083,0.688,0.339,0.854,0.311,0.536,0.743,0.357,0.318,0.166,0.946,0.684,0.374,0.601,0.592,0.003,0.441,0.148,0.656,0.625,0.127,0.234,0.583,0.064,0.149,0.919,0.323,0.548,0.741,0.396,0.28,0.952,0.044,0.615,0.742,0.081,0.736,0.161,0.323,0.619,0.203,0.712,0.581,0.46,0.934,0.659,0.207,0.757,1.0,0.124,0.669,0.413,0.291,0.467,0.751,0.407,0.885,0.823,0.238,0.917
396,0.857,0.15,0.037,0.874,0.732,0.02,0.428,0.664,0.226,0.785,0.393,0.648,0.632,0.937,0.29,0.097,0.975,0.71,0.022,0.912,0.712,0.344,0.799,0.024,0.347,0.191,0.118,0.843,0.29,0.565,0.526,0.668,0.748,0.674,0.86,0.544,0.055,0.019,0.09,0.779,0.785,0.941,0.484,0.475,0.147,0.381,0.188,0.068,0.333,0.893,0.463,0.636,0.198,0.239,0.35,0.043,0.544,0.983,0.138,0.172,0.328,0.993,0.257,0.217
398,0.678,0.652,0.754,0.277,0.358,0.783,0.525,0.618,0.266,0.897,0.227,0.363,0.708,0.415,0.836,0.081,0.025,0.925,0.55,0.855,0.282,0.26,0.492,0.521,0.259,0.864,0.048,0.366,0.644,0.096,0.215,0.549,0.83,0.682,0.512,0.467,0.864,0.504,0.081,0.721,0.947,0.44,0.118,0.862,0.615,0.374,0.011,0.856,0.253,0.04,0.664,0.155,0.443,0.639,0.515,0.203,0.782,0.17,0.86,0.315,0.017,0.013,0.176,0.707
