time,CP6,F7,CP2,FT8,P1,PO8,P9,P4,CPz,P6,FT7,AF8,Fp2,P2,CP5,Pz,O1,FC5,F8,P5,Oz,FC3,P3,PO7,F5,FC2,TP8,CP1,TP7,POz,CP3,T8,Fp1,FC1,F10,F1,C3,T7,C1,C2,C4,FC4,C6,C5,F2,F6,AF3,PO4,P10,P8,P7,PO3,Fz,AF7,FCz,CP4,F4,AF4,Cz,FC6,F9,F3,O2,AFz
-100,0.783,0.116,0.194,0.12,0.623,0.535,0.534,0.541,0.135,0.226,0.313,0.44,0.018,0.769,0.075,0.676,0.318,0.491,0.097,0.906,0.302,0.689,0.267,0.61,0.774,0.185,0.936,0.362,0.345,0.733,0.815,0.062,0.371,0.023,0.076,0.954,0.216,0.96,0.896,0.812,0.077,0.666,0.171,0.465,0.763,0.203,0.212,0.174,0.461,0.313,0.731,0.648,0.318,0.671,0.622,0.944,0.319,0.611,0.48,0.737,0.232,0.651,0.377,0.016
-98,0.819,0.588,0.732,0.403,0.321,0.7,0.974,0.695,0.806,0.062,0.285,1.0,0.983,0.948,0.413,0.95,0.404,0.479,0.088,0.602,0.904,0.157,0.026,0.165,0.192,0.674,0.429,0.815,0.442,0.004,0.994,0.282,0.128,0.306,0.079,0.524,0.989,0.894,0.223,0.245,0.479,0.233,0.361,0.513,0.35,0.677,0.568,0.43,0.051,0.14,0.46,0.847,0.261,0.842,0.804,0.641,0.374,0.153,0.08,0.61,0.922,0.399,0.835,0.646
-96,0.601,0.492,0.244,0.796,0.96,0.951,0.448,0.824,0.676,0.434,0.674,0.915,0.333,0.653,0.697,0.422,0.292,0.183,0.137,0.471,0.186,0.482,0.481,0.354,0.035,0.104,0.297,0.502,0.735,0.815,0.759,0.613,0.588,0.263,0.106,0.146,0.735,0.565,0.924,0.06,0.792,0.51,0.991,0.972,0.045,0.855,0.811,0.198,0.251,0.818,0.996,0.193,0.368,0.424,0.22,0.286,0.946,0.485,0.38,0.044,0.089,0.4,0.726,0.65
-94,0.482,0.554,0.629,0.64,0.962,0.89,0.007,0.555,0.118,0.633,0.801,0.523,0.23,0.038,0.663,0.404,0.008,0.093,0.291,0.217,0.575,0.12,0.42,0.216,0.929,0.427,0.641,0.725,0.699,0.448,0.758,0.762,0.104,0.477,0.477,0.63,0.899,0.125,0.733,0.386,0.921,0.404,0.161,0.71,0.185,0.757,0.884,0.148,0.917,0.442,0.311,0.971,0.517,0.35,0.494,0.766,0.495,0.212,0.432,0.621,0.556,0.518,0.719,0.665
-92,0.349,0.383,0.569,0.781,0.912,0.185,0.875,0.79,0.143,0.409,0.74,0.619,0.465,0.548,0.863,0.976,0.867,0.141,0.894,0.819,0.492,0.593,0.603,0.647,0.174,0.902,0.736,0.542,0.138,0.564,0.675,0.619,0.815,0.077,0.938,0.777,0.748,0.65,0.251,0.031,0.094,0.529,0.813,0.574,0.996,0.983,0.199,0.657,0.745,0.26,0.381,0.479,0.478,0.433,0.472,0.282,0.89,0.785,0.71,0.24,0.08,0.679,0.751,0.375
-90,0.967,0.767,0.308,0.581,0.93,0.373,0.5,0.45,0.346,0.919,0.93,0.933,0.862,0.307,0.104,0.597,0.294,0.097,0.207,0.401,0.907,0.248,0.773,0.966,0.233,0.005,0.371,0.623,0.474,0.252,0.583,0.067,0.2,0.483,0.168,0.001,0.181,0.383,0.885,0.002,0.717,0.204,0.991,0.835,0.785,0.747,0.482,0.742,0.621,0.451,0.819,0.515,0.751,0.012,0.513,0.016,0.947,0.823,0.988,0.183,0.628,0.338,0.551,0.605
-88,0.5,0.392,0.74,0.876,0.94,0.543,0.444,0.945,0.239,0.853,0.916,0.883,0.16,0.945,0.504,0.22,0.024,0.571,0.819,0.337,0.473,0.321,0.478,0.66,0.55,0.932,0.926,0.0,0.158,0.041,0.256,0.381,0.313,0.788,0.78,0.935,0.769,0.305,0.349,0.509,0.408,0.733,0.767,0.02,0.536,0.155,0.309,0.163,0.985,0.364,0.655,0.933,0.071,0.826,0.066,0.975,0.628,0.232,0.321,0.292,0.122,0.229,0.143,0.955
-86,0.846,0.374,0.862,0.711,0.222,0.688,0.483,0.835,0.261,0.546,0.584,0.342,0.256,0.292,0.017,0.133,0.517,0.839,0.094,0.889,0.289,0.326,0.161,0.281,0.496,0.121,0.705,0.25,0.923,0.756,0.79,0.036,0.593,0.902,0.706,0.33,0.433,0.312,0.1,0.271,0.743,0.366,0.051,0.048,0.401,0.619,0.398,0.309,0.897,0.314,0.688,0.271,0.237,0.228,0.811,0.275,0.933,0.519,0.989,0.791,0.772,0.141,0.961,0.914
-84,0.799,0.549,0.666,0.146,0.406,0.264,0.984,0.623,0.139,0.419,0.253,0.235,0.987,0.297,0.165,0.814,0.883,0.835,0.754,0.42,0.745,0.653,0.073,0.043,0.25,0.377,0.243,0.911,0.309,0.312,0.731,0.636,0.26,0.237,0.268,0.949,0.995,0.739,0.571,0.088,0.579,0.35,0.747,0.763,0.981,0.232,0.05,0.708,0.505,0.998,0.487,0.571,0.14,0.673,0.333,0.167,0.829,0.644,0.175,0.094,0.03,0.141,0.678,0.826
-82,0.809,0.256,0.508,0.621,0.661,0.108,0.867,0.174,0.619,0.79,0.088,0.332,0.831,0.152,0.93,0.928,0.808,0.283,0.194,0.518,0.275,0.626,0.761,0.492,0.977,0.866,0.795,0.329,0.031,0.934,0.409,0.869,0.049,0.575,0.043,0.435,0.691,0.948,0.28,0.403,0.207,0.319,0.98,0.089,0.479,0.222,0.592,0.941,0.211,0.929,0.926,0.722,0.076,0.192,0.311,0.587,0.153,0.609,0.3,0.957,0.027,0.513,0.454,0.373
-80,0.411,0.319,0.478,0.814,0.799,0.993,0.366,0.305,0.899,0.178,0.105,0.67,0.826,0.96,0.273,0.129,0.474,0.519,0.227,0.384,0.295,0.616,0.037,0.613,0.959,0.961,0.7,0.598,0.596,0.62,0.328,0.743,0.518,0.821,0.405,0.451,0.571,0.777,0.31,0.303,0.303,0.953,0.337,0.053,0.812,0.667,0.988,0.289,0.944,0.445,0.417,0.806,0.737,0.668,0.973,0.929,0.644,0.66,0.342,0.994,0.393,0.913,0.022,0.992
-78,0.651,0.034,0.893,0.389,0.628,0.798,0.463,0.176,0.245,0.185,0.59,0.963,0.891,0.115,0.835,0.004,0.149,0.102,0.121,0.058,0.272,0.389,0.174,0.153,0.271,0.618,0.685,0.051,0.5,0.876,0.098,0.628,0.096,0.831,0.363,0.832,0.892,0.57,0.617,0.84,0.657,0.053,0.288,0.122,0.633,0.023,0.814,0.219,0.301,0.427,0.96,0.374,0.392,0.127,0.749,0.873,0.122,0.151,0.458,0.136,0.788,0.334,0.377,0.5
-76,0.577,0.044,0.968,0.987,0.464,0.617,0.902,0.505,0.646,0.532,0.461,0.837,0.803,0.967,0.446,0.047,0.26,0.764,0.302,0.785,0.955,0.837,0.43,0.733,0.994,0.378,0.135,0.517,0.815,0.711,0.582,0.948,0.823,0.537,0.405,0.888,0.536,0.811,0.228,0.558,0.938,0.629,0.225,0.408,0.846,0.012,0.539,0.994,0.164,0.752,0.75,0.436,0.789,0.927,0.693,0.939,0.642,0.395,0.801,0.571,0.087,0.469,0.88,0.173
-74,0.93,0.606,0.001,0.236,0.495,0.939,0.306,0.926,0.113,0.588,0.64,0.484,0.122,0.449,0.14,0.676,0.094,0.272,0.537,0.642,0.567,0.403,0.055,0.19,0.103,0.309,0.148,0.723,0.759,0.404,0.552,0.279,0.322,0.919,0.224,0.377,0.493,0.082,0.25,0.322,0.209,0.266,0.895,0.32,0.12,0.743,0.888,0.717,0.961,0.036,0.876,0.198,0.094,0.751,0.926,0.366,0.743,0.619,0.305,0.026,0.385,0.713,0.563,0.241
-72,0.645,0.748,0.207,0.532,0.032,0.704,0.182,0.245,0.636,0.866,0.932,0.286,0.566,0.914,0.961,0.916,0.599,0.289,0.097,0.853,0.104,0.124,0.212,0.151,0.97,0.415,0.523,0.956,0.488,0.569,0.372,0.719,0.473,0.102,0.614,0.772,0.327,0.652,0.277,0.113,0.355,0.316,0.381,0.479,0.538,0.459,0.806,0.748,0.669,0.706,0.366,0.935,0.58,0.916,0.955,0.258,0.569,0.566,0.691,0.036,0.548,0.108,0.162,0.411
-70,0.208,0.014,0.702,0.642,0.334,0.746,0.548,0.678,0.151,0.453,0.057,0.148,0.151,0.238,0.683,0.389,0.246,0.482,0.27,0.782,0.639,0.75,0.035,0.083,0.16,0.177,0.186,0.489,0.042,0.39,0.467,0.266,0.507,0.224,0.162,0.148,0.274,0.434,0.688,0.629,0.965,0.475,0.02,0.76,0.998,0.557,0.662,0.13,0.333,0.476,0.525,0.226,0.227,0.613,0.825,0.157,0.948,0.976,0.164,0.774,0.555,0.571,0.177,0.448
-68,0.407,0.004,0.729,0.06,0.147,0.399,0.73,0.01,0.209,0.7,0.022,0.479,0.423,0.609,0.066,0.763,0.26,0.366,0.128,0.03,0.189,0.135,0.301,0.975,0.053,0.163,0.249,0.696,0.922,0.003,0.575,0.214,0.307,0.022,0.033,0.84,0.474,0.138,0.063,0.565,0.26,0.174,0.156,0.909,0.31,0.495,0.396,0.366,0.322,0.001,0.548,0.076,0.108,0.333,0.475,0.681,0.907,0.475,0.775,0.173,0.728,0.705,0.065,0.004
-66,0.609,0.437,0.488,0.949,0.4,0.857,0.151,0.442,0.751,0.403,0.34,0.577,0.195,0.628,0.797,0.363,0.847,0.755,0.145,0.444,0.19,0.191,0.372,0.791,0.152,0.392,0.323,0.152,0.588,0.436,0.804,0.224,0.271,0.606,0.864,0.89,0.274,0.563,0.283,0.514,0.875,0.561,0.866,0.628,0.902,0.672,0.85,0.072,0.703,0.937,0.422,0.29,0.306,0.568,0.25,0.229,0.481,0.57,0.148,0.423,0.273,0.534,0.738,0.581
-64,0.996,0.223,0.863,0.52,0.92,0.48,0.476,0.11,0.566,0.125,0.747,0.643,0.122,0.361,0.814,0.651,0.904,0.278,0.689,0.24,0.708,0.935,0.152,0.771,0.941,0.11,0.975,0.298,0.788,0.031,0.743,0.465,0.451,0.405,0.225,0.465,0.911,0.949,0.1,0.906,0.337,0.066,0.198,0.034,0.831,0.741,0.289,0.366,0.576,0.051,0.488,0.209,0.193,0.536,0.478,0.764,0.444,0.313,0.872,0.747,0.077,0.381,0.363,0.255
-62,0.628,0.186,0.277,0.456,0.95,0.378,0.464,0.13,0.793,0.496,0.156,0.687,0.545,0.023,0.932,0.793,0.575,0.903,0.769,0.908,0.332,0.569,0.435,0.152,0.578,0.968,0.117,0.201,0.423,0.581,0.662,0.212,0.331,0.972,0.404,0.146,0.123,0.755,0.793,0.696,0.249,0.4,0.137,0.663,0.687,0.333,0.329,0.569,0.109,0.939,0.577,0.518,0.743,0.025,0.706,0.023,0.121,0.095,0.684,0.249,0.121,0.101,0.836,0.741
-60,0.597,0.998,0.486,0.815,0.185,0.516,0.417,0.844,0.107,0.704,0.051,0.328,0.492,0.278,0.073,0.507,0.558,0.747,0.96,0.276,0.303,0.004,0.789,0.172,0.956,0.315,0.281,0.688,0.943,0.801,0.92,0.858,0.923,0.026,0.45,0.243,0.708,0.543,0.165,0.792,0.475,0.156,0.373,0.857,0.97,0.136,0.36,0.046,0.914,0.335,0.32,0.257,0.652,0.34,0.422,0.871,0.585,0.349,0.63,0.718,0.744,0.502,0.557,0.199
-58,0.473,0.481,0.762,0.212,0.987,0.65,0.466,0.071,0.073,0.621,0.908,0.676,0.629,0.029,0.683,0.134,0.379,0.792,0.379,0.591,0.366,0.929,0.496,0.69,0.824,0.147,0.555,0.879,0.443,0.243,0.667,0.72,0.831,0.556,0.957,0.307,0.264,0.794,0.355,0.705,0.49,0.359,0.255,0.764,0.064,0.548,0.618,0.035,0.525,0.17,0.388,0.473,0.755,0.428,0.869,0.924,0.565,0.28,0.318,0.539,0.27,0.836,0.889,0.223
-56,0.875,0.437,0.163,0.658,0.696,0.538,0.602,0.579,0.967,0.16,0.508,0.906,0.58,0.166,0.641,0.612,0.159,0.931,0.687,0.793,0.629,0.809,0.256,0.989,0.923,0.447,0.724,0.338,0.061,0.786,0.181,0.109,0.283,0.51,0.141,0.261,0.48,0.735,0.942,0.667,0.151,0.75,0.047,0.254,0.259,0.594,0.735,0.657,0.544,0.429,0.05,0.937,0.368,0.857,0.383,0.382,0.333,0.551,0.629,0.091,0.778,0.022,0.099,0.312
-54,0.59,0.977,0.306,0.995,0.684,0.369,0.977,0.952,0.564,0.967,0.376,0.466,0.9,0.837,0.073,0.91,0.432,0.804,0.898,0.604,0.071,0.192,0.509,0.708,0.826,0.153,0.777,0.384,0.474,0.474,0.139,0.531,0.665,0.361,0.55,0.543,0.554,0.761,0.373,0.491,0.449,0.872,0.115,0.652,0.822,0.4,0.025,0.855,0.056,0.047,0.215,0.222,0.655,0.367,0.567,0.345,0.577,0.942,0.306,0.135,0.754,0.609,0.742,0.123
-52,0.703,0.963,0.06,0.487,0.021,0.402,0.323,0.06,0.965,0.116,0.152,0.704,0.461,0.41,0.636,0.206,0.76,0.85,0.473,0.148,0.35,0.609,0.621,0.675,0.139,0.257,0.873,0.176,0.206,0.539,0.039,0.614,0.376,0.843,0.519,0.118,0.791,0.308,0.588,0.785,0.427,0.702,0.026,0.382,0.014,0.167,0.157,0.655,0.55,0.696,0.953,0.62,0.904,0.499,0.686,0.517,0.77,0.736,0.611,0.269,0.998,0.137,0.122,0.958
-50,0.275,0.317,0.816,0.679,0.359,0.976,0.342,0.256,0.568,0.988,0.409,0.612,0.214,0.923,0.21,0.224,0.766,0.406,0.258,0.729,0.421,0.688,0.683,0.754,0.78,0.945,0.175,0.607,0.367,0.604,0.13,0.894,0.586,0.052,0.047,0.203,0.203,0.237,0.446,0.029,0.116,0.5,0.956,0.691,0.001,0.601,0.016,0.483,0.037,0.244,0.238,0.877,0.975,0.687,0.523,0.89,0.064,0.79,0.161,0.05,0.802,0.129,0.868,0.567
-48,0.014,0.529,0.623,0.313,0.623,0.469,0.357,0.788,0.727,0.149,0.054,0.379,0.708,0.018,0.437,0.853,0.32,0.826,0.071,0.902,0.129,0.255,0.644,0.799,0.056,0.569,0.017,0.679,0.156,0.956,0.006,0.471,0.141,0.937,0.142,0.745,0.688,0.891,0.251,0.72,0.389,0.011,0.604,0.849,0.378,0.658,0.026,0.599,0.505,0.607,0.247,0.562,0.914,0.452,0.685,0.321,0.01,0.03,0.176,0.422,0.002,0.954,0.87,0.521
-46,0.702,0.454,0.971,0.49,0.625,0.013,0.802,0.706,0.906,0.442,0.842,0.88,0.289,0.112,0.505,0.899,0.953,0.355,0.153,0.726,0.851,0.358,0.469,0.521,0.097,0.518,0.983,0.597,0.498,0.943,0.849,0.776,0.603,0.416,0.684,0.419,0.883,0.477,0.379,0.967,0.739,0.552,0.287,0.436,0.498,0.565,0.428,0.329,0.035,0.167,0.978,0.01,0.149,0.366,0.217,0.673,0.584,0.665,0.228,0.469,0.409,0.737,0.019,0.842
-44,0.246,0.304,0.631,0.882,0.678,0.163,0.443,0.839,0.675,0.366,0.355,0.36,0.904,0.638,0.764,0.024,0.085,0.768,0.057,0.505,0.8,0.643,0.938,0.457,0.385,0.675,0.197,0.34,0.939,0.382,0.039,0.528,0.4,0.141,0.21,0.386,0.515,0.801,0.0,0.925,0.264,0.142,0.486,0.401,0.242,0.363,0.834,0.082,0.855,0.205,0.859,0.676,0.918,0.101,0.772,0.627,0.637,0.686,0.063,0.16,0.078,0.388,0.861,0.302
-42,0.408,0.875,0.535,0.682,0.993,0.911,0.789,0.621,0.968,0.836,0.312,0.533,0.988,0.572,0.935,0.633,0.808,0.375,0.752,0.382,0.245,0.547,0.829,0.604,0.06,0.827,0.413,0.995,0.995,0.068,0.583,0.807,0.202,0.41,0.36,0.543,0.12,0.888,0.437,0.303,0.996,0.774,0.869,0.931,0.465,0.173,0.07,0.578,0.846,0.0,0.879,0.83,0.76,0.325,0.68,0.227,0.169,0.515,0.754,0.5,0.073,0.084,0.373,0.494
-40,0.764,0.271,0.336,0.816,0.387,0.838,0.806,0.99,0.301,0.984,0.274,0.892,0.585,0.513,0.535,0.93,0.557,0.154,0.936,0.806,0.386,0.964,0.385,0.973,0.896,0.046,0.673,0.553,0.744,0.326,0.409,0.426,0.666,0.12,0.684,0.175,0.826,0.455,0.783,0.463,0.246,0.225,0.784,0.245,0.257,0.065,0.416,0.44,0.225,0.962,0.169,0.539,0.367,0.905,0.128,0.049,0.203,0.407,0.653,0.742,0.859,0.266,0.115,0.349
-38,0.151,0.018,0.224,0.24,0.308,0.117,0.848,0.648,0.677,0.863,0.259,0.833,0.243,0.243,0.034,0.346,0.052,0.001,0.455,0.676,0.544,0.831,0.757,0.554,0.844,0.425,0.61,0.278,0.654,0.192,0.797,0.756,0.144,0.452,0.725,0.379,0.08,0.921,0.784,0.813,0.711,0.893,0.184,0.129,0.883,0.566,0.937,0.155,0.636,0.1,0.403,0.301,0.802,0.635,0.491,0.491,0.311,0.071,0.243,0.573,0.335,0.465,0.012,0.346
-36,0.743,0.836,0.628,0.154,0.087,0.003,0.545,0.264,0.627,0.777,0.159,0.211,0.887,0.614,0.803,0.644,0.126,0.348,0.433,0.197,0.185,0.184,0.523,0.199,0.851,0.093,0.419,0.831,0.502,0.93,0.702,0.974,0.099,0.904,0.17,0.606,0.763,0.84,0.195,0.054,0.541,0.877,0.038,0.323,0.879,0.347,0.941,0.83,0.17,0.017,0.551,0.323,0.249,0.436,0.849,0.848,0.071,0.735,0.609,0.517,0.959,0.331,0.632,0.5
-34,0.25,0.697,0.141,0.288,0.606,0.152,0.125,0.645,0.474,0.404,0.603,0.85,0.987,0.448,0.407,0.07,0.679,0.78,0.618,0.277,0.488,0.413,0.681,0.401,0.411,0.37,0.683,0.719,0.876,0.027,0.61,0.523,0.904,0.836,0.007,0.58,0.138,0.81,0.874,0.884,0.365,0.3,0.201,0.329,0.598,0.89,0.118,0.744,0.164,0.543,0.526,0.504,0.28,0.6,0.873,0.918,0.528,0.769,0.897,0.801,0.878,0.869,0.497,0.33
-32,0.262,0.853,0.746,0.578,0.1,0.459,0.3,0.414,0.546,0.165,0.964,0.628,0.134,0.983,0.729,0.962,0.395,0.443,0.464,0.025,0.651,0.846,0.805,0.246,0.353,0.123,0.706,0.833,0.835,0.683,0.094,0.028,0.435,0.24,0.621,0.839,0.032,0.701,0.951,0.744,0.632,0.676,0.126,0.722,0.179,0.425,0.667,0.151,0.892,0.784,0.475,0.358,0.945,0.862,0.348,0.437,0.462,0.703,0.598,0.531,0.805,0.475,0.33,0.023
-30,0.764,0.318,0.94,0.444,0.727,0.691,0.033,0.933,0.416,0.708,0.084,0.791,0.596,0.375,0.991,0.313,0.37,0.888,0.244,0.203,0.533,0.843,0.777,0.374,0.159,0.789,0.285,0.25,0.731,0.126,0.289,0.269,0.716,0.982,0.546,0.842,0.13,0.753,0.577,0.83,0.499,0.635,0.126,0.233,0.217,0.838,0.953,0.492,0.838,0.564,0.424,0.741,0.947,0.231,0.909,0.267,0.028,0.201,0.103,0.306,0.633,0.977,0.867,0.41
-28,0.61,0.35,0.616,0.345,0.76,0.859,0.949,0.792,0.189,0.76,0.466,0.884,0.197,0.448,0.785,0.393,0.58,0.372,0.696,0.671,0.653,0.489,0.961,0.354,0.02,0.176,0.447,0.324,0.484,0.765,0.327,0.465,0.934,0.287,0.744,0.038,0.674,0.376,0.424,0.231,0.886,0.256,0.09,0.715,0.339,0.366,0.914,0.191,0.888,0.635,0.683,0.515,0.559,0.834,0.233,0.015,0.127,0.606,0.499,0.918,0.036,0.409,0.465,0.808
-26,0.914,0.99,0.678,0.434,0.735,0.651,0.362,0.278,0.489,0.788,0.549,0.959,0.679,0.73,0.776,0.522,0.62,0.557,0.85,0.917,0.605,0.626,0.241,0.821,0.331,0.028,0.022,0.348,0.896,0.452,0.677,0.373,0.251,0.902,0.727,0.626,0.715,0.218,0.778,0.945,0.267,0.038,0.955,0.319,0.721,0.448,0.882,0.923,0.227,0.619,0.258,0.01,0.34,0.401,0.233,0.529,0.954,0.287,0.109,0.904,0.602,0.475,0.459,0.416
-24,0.421,0.852,0.785,0.596,0.944,0.342,0.037,0.304,0.488,0.858,0.331,0.604,0.36,0.476,0.297,0.103,0.358,0.177,0.222,0.826,0.639,0.132,0.385,0.12,0.881,0.845,0.19,0.157,0.74,0.118,0.555,0.365,0.738,0.985,0.482,0.449,0.856,0.607,0.418,0.157,0.617,0.111,0.929,0.575,0.168,0.194,0.944,0.889,0.26,0.325,0.089,0.685,0.647,0.045,0.26,0.761,0.8,0.426,0.728,0.214,0.446,0.578,0.917,0.152
-22,0.183,0.019,0.927,0.35,0.503,0.281,0.136,0.568,0.256,0.971,0.189,0.137,0.986,0.359,0.162,0.05,0.551,0.78,0.826,0.456,0.782,0.392,0.869,0.272,0.055,0.571,0.034,0.976,0.807,0.349,0.879,0.575,0.843,0.138,0.805,0.05,0.737,0.912,0.533,0.167,0.703,0.318,0.901,0.022,0.973,0.349,0.367,0.837,0.868,0.19,0.06,0.524,0.559,0.854,0.511,0.706,0.683,0.129,0.216,0.541,0.28,0.655,0.46,0.349
-20,0.118,0.522,0.843,0.969,0.663,0.307,0.449,0.167,0.817,0.152,0.366,0.41,0.059,0.867,0.885,0.445,0.152,0.145,0.59,0.585,0.112,0.168,0.362,0.602,0.994,0.721,0.647,0.987,0.739,0.706,0.992,0.249,0.333,0.036,0.173,0.262,0.249,0.088,0.834,0.214,0.226,0.206,0.591,0.706,0.213,0.992,0.192,0.837,0.564,0.427,0.609,0.2,0.112,0.35,0.771,0.122,0.209,0.56,0.148,0.575,0.802,0.675,0.255,0.586
-18,0.851,0.504,0.161,0.577,0.256,0.926,0.368,0.788,0.78,0.739,0.09,0.052,0.888,0.832,0.928,0.386,0.66,0.306,0.628,0.495,0.297,0.052,0.061,0.64,0.302,0.441,0.285,0.733,0.587,0.599,0.469,0.03,0.017,0.226,0.076,0.987,0.057,0.797,0.934,0.424,0.802,0.256,0.766,0.346,0.992,0.295,0.117,0.695,0.338,0.238,0.457,0.964,0.332,0.047,0.319,0.966,0.667,0.13,0.938,0.485,0.795,0.462,0.845,0.223
-16,0.762,0.679,0.791,0.903,0.488,0.562,0.718,0.64,0.142,0.456,0.943,0.915,0.726,0.869,0.636,0.363,0.079,0.007,0.105,0.714,0.74,0.518,0.078,0.037,0.073,0.87,0.726,0.174,0.389,0.465,0.223,0.062,0.467,0.469,0.892,0.857,0.794,0.46,0.547,0.022,0.82,0.494,0.154,0.781,0.286,0.019,0.322,0.754,0.485,0.007,0.452,0.521,0.509,0.834,0.125,0.795,0.018,0.545,0.271,0.513,0.457,0.524,0.664,0.919
-14,0.108,0.029,0.164,0.45,0.816,0.412,0.324,0.55,0.597,0.684,0.024,0.515,0.187,0.772,0.032,0.576,0.578,0.814,0.256,0.911,0.579,0.999,0.228,0.235,0.395,0.92,0.506,0.597,0.074,0.242,0.727,0.088,0.004,0.933,0.291,0.95,0.102,0.173,0.367,0.611,0.618,0.29,0.556,0.19,0.293,0.191,0.41,0.553,0.499,0.882,0.025,0.823,0.024,0.692,0.473,0.224,0.961,0.447,0.702,0.525,0.667,0.989,0.438,0.48
-12,0.272,0.181,0.494,0.13,0.674,0.385,0.339,0.615,0.37,0.088,0.054,0.274,0.596,0.47,0.467,0.629,0.132,0.316,0.107,0.925,0.816,0.037,0.086,0.028,0.833,0.475,0.751,0.76,0.299,0.185,0.2,0.32,0.975,0.541,0.68,0.228,0.527,0.811,0.483,0.648,0.281,0.68,0.694,0.758,0.074,0.069,0.326,0.137,0.212,0.233,0.574,0.402,0.364,0.482,0.148,0.35,0.27,0.454,0.729,0.569,0.163,0.796,0.149,0.784
-10,0.73,0.338,0.209,0.543,0.199,0.426,0.891,0.067,0.515,0.746,0.889,0.036,0.91,0.791,0.597,0.969,0.027,0.583,0.479,0.697,0.553,0.416,0.584,0.577,0.624,0.047,0.325,0.111,0.356,0.399,0.584,0.581,0.774,0.598,0.24,0.188,0.672,0.844,0.887,0.214,0.886,0.969,0.627,0.977,0.639,0.816,0.27,0.974,0.474,0.698,0.508,0.437,0.237,0.789,0.81,0.743,0.555,0.871,0.782,0.52,0.146,0.82,0.569,0.03
-8,0.636,0.161,0.836,0.17,0.468,0.177,0.174,0.665,0.502,0.307,0.3,0.622,0.28,0.694,0.906,0.294,0.834,0.914,0.463,0.574,0.302,0.182,0.8,0.529,0.893,0.142,0.547,0.497,0.439,0.754,0.602,0.145,0.418,0.223,0.023,0.092,0.608,0.717,0.964,0.739,0.012,0.962,0.956,0.12,0.783,0.699,0.887,0.968,0.536,0.734,0.987,0.827,0.883,0.807,0.681,0.662,0.941,0.893,0.405,0.23,0.424,0.169,0.79,0.528
-6,0.212,0.938,0.503,0.356,0.624,0.491,0.198,0.234,0.269,0.491,0.51,0.95,0.949,0.413,0.15,0.408,0.065,0.32,0.699,0.191,0.411,0.776,0.497,0.773,0.517,0.996,0.586,0.101,0.941,0.615,0.208,0.967,0.422,0.824,0.538,0.344,0.271,0.411,0.093,0.545,0.996,0.187,0.055,0.104,0.87,0.045,0.077,0.049,0.329,0.411,0.776,0.925,0.953,0.249,0.85,0.137,0.547,0.305,0.014,0.552,0.988,0.291,0.524,0.063
-4,0.242,0.811,0.59,0.54,0.076,0.432,0.437,0.603,0.438,0.594,0.24,0.174,0.505,0.734,0.65,0.113,0.061,0.812,0.027,0.084,0.788,0.331,0.124,0.672,0.599,0.442,0.495,0.896,0.837,0.51,0.055,0.701,0.909,0.291,0.743,0.263,0.769,0.14,0.309,0.898,0.635,0.501,0.117,0.357,0.283,0.016,0.599,0.502,0.652,0.852,0.329,0.29,0.446,0.162,0.2,0.897,0.139,0.839,0.943,0.671,0.917,0.681,0.038,0.546
-2,0.603,0.89,0.549,0.227,0.555,0.857,0.125,0.909,0.818,0.481,0.673,0.272,0.77,0.113,0.53,0.582,0.404,0.456,0.619,0.611,0.199,0.93,0.697,0.877,0.764,0.965,0.88,0.774,0.789,0.635,0.083,0.369,0.687,0.961,0.392,0.245,0.692,0.118,0.254,0.806,0.235,0.511,0.082,0.326,0.067,0.117,0.269,0.285,0.47,0.783,0.247,0.172,0.038,0.537,0.182,0.261,0.127,0.017,0.039,0.588,0.037,0.999,0.548,0.808
0,0.881,0.388,0.994,0.441,0.088,0.52,0.17,0.699,0.134,0.876,0.859,0.08,0.683,0.521,0.518,0.781,0.911,0.978,0.068,0.331,0.802,0.459,0.941,0.787,0.52,0.272,0.415,0.404,0.635,0.546,0.362,0.212,0.979,0.338,0.691,0.603,0.959,0.925,0.173,0.556,0.73,0.663,0.865,0.65,0.717,0.031,0.172,0.414,0.456,0.564,0.367,0.012,0.334,0.047,0.696,0.718,0.445,0.404,0.558,0.847,0.526,0.667,0.539,0.568
2,0.826,0.281,0.052,0.092,0.582,0.124,0.122,0.599,0.112,0.675,0.066,0.379,0.228,0.569,0.861,0.601,0.92,0.915,0.12,0.813,0.366,0.627,0.962,0.644,0.459,0.896,0.598,0.832,0.133,0.991,0.226,0.42,0.986,0.988,0.339,0.652,0.461,0.574,0.341,0.569,0.138,0.723,0.079,0.582,0.288,0.831,0.145,0.436,0.902,0.473,0.631,0.525,0.595,0.707,0.818,0.945,0.504,0.66,0.394,0.989,0.908,0.9,0.047,0.134
4,0.24,0.109,0.944,0.033,0.16,0.962,0.027,0.885,0.966,0.359,0.881,0.403,0.871,0.047,0.268,0.534,0.163,0.781,0.561,0.821,0.982,0.378,0.895,0.952,0.688,0.602,0.822,0.221,0.727,0.187,0.258,0.704,0.278,0.758,0.409,0.682,0.944,0.31,0.454,0.285,0.962,0.991,0.549,0.458,0.005,0.239,0.501,0.59,0.145,0.22,0.026,0.931,0.667,0.572,0.426,0.055,0.671,0.911,0.162,0.98,0.147,0.291,0.461,0.536
6,0.139,0.543,0.531,0.258,0.461,0.986,0.017,0.703,0.869,0.979,0.8,0.801,0.008,0.748,0.001,0.601,0.533,0.874,0.934,0.04,0.121,0.123,0.462,0.16,0.367,0.862,0.32,0.765,0.562,0.517,0.581,0.461,0.922,0.796,0.218,0.318,0.774,0.103,0.761,0.922,0.863,0.207,0.402,0.898,0.609,0.189,0.122,0.865,0.324,0.256,0.039,0.671,0.192,0.144,0.877,0.888,0.992,0.116,0.51,0.155,0.911,0.902,0.012,0.751
8,0.136,0.454,0.578,0.883,0.843,0.482,0.636,0.423,0.684,0.183,0.345,0.533,0.138,0.146,0.915,0.491,0.485,0.183,0.578,0.529,0.853,0.942,0.848,0.305,0.852,0.628,0.108,0.053,0.883,0.334,0.16,0.129,0.776,0.036,0.47,0.788,0.137,0.775,0.51,0.233,0.465,0.835,0.48,0.926,0.152,0.203,0.016,0.742,0.057,0.656,0.046,0.676,0.741,0.688,0.334,0.033,0.157,0.021,0.537,0.003,0.612,0.327,0.912,0.722
10,0.061,0.382,0.157,0.355,0.06,0.781,0.984,0.136,0.146,0.618,0.925,0.182,0.89,0.166,0.713,0.247,0.879,0.504,0.092,0.373,0.23,0.34,0.953,0.134,0.681,0.455,0.34,0.125,0.805,0.228,0.4,0.504,0.17,0.686,0.723,0.695,0.055,0.901,0.764,0.161,0.212,0.378,0.029,0.865,0.326,0.222,0.548,0.21,0.839,0.241,0.595,0.267,0.026,0.945,0.954,0.802,0.552,0.572,0.12,0.264,0.854,0.251,0.273,0.927
12,0.425,0.737,0.58,0.354,0.743,0.75,0.565,0.93,0.417,0.036,0.896,0.893,0.754,0.977,0.23,0.759,0.304,0.492,0.271,0.801,0.805,0.905,0.311,0.079,0.353,0.186,0.589,0.045,0.514,0.044,0.779,0.906,0.386,0.683,0.813,0.761,0.813,0.958,0.433,0.65,0.117,0.863,0.327,0.917,0.775,0.828,0.39,0.507,0.866,0.524,0.417,0.955,0.684,0.917,0.69,0.175,0.593,0.108,0.907,0.861,0.385,0.805,0.416,0.158
14,0.286,0.851,0.737,0.745,0.146,0.108,0.735,0.858,0.459,0.29,0.21,0.395,0.855,0.517,0.192,0.044,0.103,0.534,0.365,0.478,0.714,0.584,0.736,0.719,0.21,0.807,0.016,0.869,0.541,0.386,0.121,0.661,0.708,0.95,0.814,0.386,0.89,0.495,0.519,0.77,0.663,0.458,0.423,0.297,0.983,0.12,0.322,0.349,0.818,0.458,0.574,0.674,0.326,0.665,0.567,0.903,0.067,0.751,0.375,0.442,0.727,0.11,0.599,0.789
16,0.631,0.805,0.761,0.002,0.764,0.683,0.55,0.079,0.341,0.553,0.13,0.38,0.715,0.766,0.594,0.505,0.284,0.257,0.62,0.606,0.097,0.183,0.651,0.609,0.156,0.763,0.486,0.957,0.971,0.954,0.308,0.339,0.375,0.649,0.377,0.044,0.941,0.83,0.697,0.129,0.398,0.731,0.002,0.764,0.611,0.757,0.469,0.135,0.49,0.716,0.502,0.072,0.788,0.497,0.953,0.54,0.626,0.379,0.62,0.046,0.806,0.043,0.666,0.023
18,0.035,0.758,0.101,0.578,0.907,0.033,0.821,0.458,0.54,0.117,0.058,0.73,0.612,0.737,0.028,0.47,0.365,0.739,0.122,0.466,0.215,0.798,0.877,0.355,0.557,0.237,0.201,0.732,0.059,0.531,0.109,0.239,0.483,0.354,0.106,0.835,0.284,0.463,0.146,0.875,0.772,0.02,0.655,0.916,0.516,0.67,0.444,0.867,0.226,0.549,0.664,0.667,0.316,0.955,0.587,0.009,0.858,0.57,0.584,0.192,0.655,0.513,0.12,0.056
20,0.728,0.389,0.954,0.261,0.101,0.757,0.655,0.577,0.469,0.604,0.905,0.783,0.859,0.193,0.285,0.703,0.233,0.345,0.817,0.236,0.487,0.534,0.064,0.453,0.862,0.398,0.624,0.193,0.546,0.485,0.704,0.89,0.553,0.228,0.621,0.444,0.545,0.113,0.981,0.699,0.558,0.917,0.468,0.15,0.738,0.019,0.719,0.424,0.733,0.997,0.89,0.804,0.682,0.587,0.685,0.22,0.396,0.348,0.434,0.385,0.281,0.346,0.979,0.621
22,0.225,0.226,0.131,0.226,0.606,0.65,0.008,0.836,0.466,0.341,0.553,0.435,0.705,0.504,0.161,0.18,0.618,0.865,0.592,0.891,0.315,0.237,0.703,0.255,0.482,0.947,0.057,0.506,0.816,0.764,0.313,0.138,0.522,0.547,0.937,0.72,0.788,0.999,0.946,0.26,0.679,0.13,0.691,0.033,0.615,0.582,0.641,0.814,0.079,0.299,0.358,0.418,0.123,0.568,0.08,0.989,0.596,0.869,0.082,0.825,0.211,0.398,0.357,0.592
24,0.083,0.623,0.027,0.017,0.93,0.992,0.129,0.869,0.957,0.969,0.235,0.736,0.607,0.288,0.339,0.029,0.506,0.636,0.466,0.687,0.063,0.223,0.231,0.812,0.954,0.172,0.985,0.893,0.541,0.641,0.533,0.816,0.386,0.665,0.026,0.157,0.748,0.66,0.892,0.071,0.998,0.796,0.183,0.58,0.479,0.754,0.701,0.881,0.351,0.82,0.245,0.103,0.401,0.837,0.784,0.966,0.767,0.474,0.503,0.431,0.561,0.356,0.221,0.769
26,0.604,0.595,0.448,0.65,0.603,0.996,0.92,0.585,0.451,0.582,0.01,0.902,0.688,0.484,0.108,0.722,0.59,0.913,0.474,0.669,0.685,0.754,0.909,0.717,0.79,0.628,0.398,0.566,0.068,0.923,0.896,0.333,0.903,0.317,0.42,0.553,0.918,0.989,0.142,0.662,0.633,0.915,0.687,0.299,0.415,0.617,0.828,0.481,0.651,0.551,0.261,0.871,0.488,0.016,0.203,0.255,0.237,0.495,0.092,0.108,0.666,0.969,0.446,0.186
28,0.686,0.33,0.834,0.737,0.892,0.993,0.133,0.59,0.095,0.597,0.843,0.894,0.034,0.517,0.851,0.426,0.786,0.699,0.091,0.359,0.247,0.151,0.846,0.828,0.041,0.554,0.249,0.52,0.519,0.802,0.591,0.72,0.313,0.895,0.362,0.116,0.587,0.587,0.31,0.124,0.482,0.5,0.481,0.814,0.049,0.002,0.277,0.837,0.072,0.726,0.535,0.351,0.241,0.61,0.757,0.55,0.317,0.658,0.042,0.523,0.231,0.494,0.601,0.816
30,0.028,0.148,0.684,0.646,0.646,0.924,0.051,0.644,0.253,0.987,0.705,0.664,0.755,0.147,0.547,0.762,0.079,0.454,0.87,0.409,0.591,0.29,0.623,0.808,0.871,0.527,0.953,0.145,0.765,0.428,0.947,0.237,0.168,0.141,0.062,0.933,0.03,0.893,0.015,0.463,0.185,0.273,0.93,0.725,0.702,0.95,0.55,0.107,0.022,0.696,0.165,0.077,0.446,0.277,0.075,0.493,0.43,0.172,0.23,0.959,0.303,0.155,0.433,0.175
32,0.329,0.846,0.22,0.359,0.532,0.328,0.68,0.708,0.38,0.895,0.877,0.908,0.14,0.917,0.342,0.453,0.598,0.025,0.421,0.675,0.411,0.435,0.065,0.396,0.816,0.145,0.206,0.147,0.495,0.447,0.66,0.844,0.62,0.276,0.945,0.091,0.289,0.495,0.106,0.205,0.605,0.931,0.308,0.453,0.102,0.317,0.261,0.735,0.473,0.011,0.877,0.481,0.91,0.909,0.994,0.316,0.485,0.027,0.57,0.884,0.456,0.953,0.487,1.0
34,0.964,0.956,0.648,0.102,0.867,0.839,0.252,0.59,0.565,0.723,0.887,0.836,0.241,0.623,0.273,0.327,0.544,0.388,0.147,0.614,0.35,0.887,0.231,1.0,0.971,0.062,0.357,0.38,0.693,0.629,0.88,0.864,0.201,0.737,0.891,0.748,0.877,0.092,0.574,0.813,0.279,0.556,0.284,0.333,0.362,0.249,0.127,0.071,0.387,0.555,0.067,0.227,0.178,0.947,0.908,0.679,0.683,0.659,0.423,0.769,0.877,0.276,0.798,0.399
36,0.943,0.916,0.61,0.315,0.904,0.651,0.735,0.442,0.382,0.488,0.057,0.802,0.657,0.579,0.052,0.387,0.435,0.118,0.985,0.63,0.409,0.224,0.041,0.929,0.403,0.726,0.517,0.263,0.581,0.224,0.442,0.426,0.722,0.892,0.525,0.472,0.025,0.29,0.327,0.662,0.651,0.363,0.694,0.645,0.714,0.044,0.654,0.594,0.821,0.333,0.395,0.619,0.737,0.062,0.861,0.178,0.902,0.961,0.941,0.971,0.881,0.847,0.571,0.323
38,0.431,0.52,0.739,0.404,0.152,0.717,0.946,0.631,0.292,0.377,0.54,0.6,0.083,0.937,0.339,0.72,0.6,0.216,0.328,0.613,0.418,0.62,0.788,0.776,0.781,0.808,0.897,0.505,0.914,0.968,0.019,0.956,0.056,0.655,0.021,0.848,0.181,0.897,0.608,0.784,0.45,0.528,0.259,0.63,0.45,0.178,0.213,0.102,0.883,0.429,0.496,0.44,0.55,0.159,0.228,0.949,0.069,0.589,0.427,0.862,0.859,0.225,0.153,0.759
40,0.052,0.823,0.09,0.827,0.383,0.821,0.698,0.07,0.292,0.52,0.942,0.735,0.251,0.194,0.785,0.872,0.889,0.694,0.023,0.926,0.63,0.598,0.491,0.479,0.108,0.201,0.227,0.289,0.408,0.626,0.642,0.213,0.815,0.063,0.703,0.508,0.481,0.52,0.998,0.131,0.428,0.126,0.754,0.818,0.5,0.639,0.942,0.497,0.174,0.331,0.276,0.647,0.77,0.937,0.392,0.358,0.583,0.773,0.032,0.2,0.003,0.382,0.102,0.429
42,0.329,0.858,0.163,0.794,0.473,0.734,0.304,0.805,0.971,0.259,0.299,0.722,0.868,0.621,0.099,0.985,0.983,0.114,0.178,0.684,0.417,0.172,0.434,0.033,0.187,0.571,0.153,0.331,0.72,0.742,0.303,0.861,0.721,0.37,0.792,0.331,0.087,0.329,0.38,0.424,0.921,0.435,0.463,0.129,0.016,0.483,0.428,0.023,0.583,0.81,0.008,0.207,0.501,0.901,0.265,0.235,0.621,0.403,0.376,0.921,0.472,0.775,0.848,0.161
44,0.781,0.016,0.526,0.082,0.728,0.369,0.876,0.576,0.018,0.277,0.519,0.202,0.38,0.302,0.23,0.437,0.497,0.547,0.035,0.348,0.787,0.376,0.033,0.536,0.449,0.791,0.663,0.709,0.616,0.277,0.434,0.181,0.85,0.821,0.624,0.215,0.57,0.564,0.584,0.528,0.808,0.124,0.317,0.346,0.112,0.85,0.825,0.622,0.167,0.723,0.439,0.61,0.21,0.101,0.26,0.423,0.866,0.085,0.159,0.834,0.225,0.406,0.42,0.528
46,0.791,0.321,0.274,0.395,0.388,0.193,0.558,0.758,0.091,0.931,0.75,0.542,0.566,0.673,0.222,0.095,0.653,0.461,0.158,0.322,0.437,0.935,0.172,0.924,0.742,0.952,0.888,0.078,0.579,0.685,0.027,0.668,0.508,0.062,0.436,0.004,0.269,0.61,0.199,0.988,0.191,0.567,0.936,0.8,0.315,0.511,0.79,0.824,0.879,0.349,0.127,0.247,0.961,0.512,0.057,0.19,0.381,0.749,0.873,0.006,0.442,0.995,0.398,0.078
48,0.522,0.873,0.116,0.719,0.981,0.852,0.777,0.711,0.157,0.288,0.22,0.397,0.421,0.995,0.48,0.291,0.217,0.209,0.887,0.308,0.933,0.559,0.955,0.435,0.103,0.999,0.646,0.213,0.828,0.87,0.531,0.732,0.111,0.957,0.471,0.06,0.275,0.992,0.214,0.477,0.203,0.632,0.648,0.096,0.223,0.013,0.589,0.855,0.016,0.976,0.704,0.237,0.591,0.096,0.534,0.162,0.132,0.714,0.363,0.146,0.781,0.975,0.736,0.615
50,0.769,0.956,0.483,0.517,0.723,0.086,0.88,0.604,0.009,0.04,0.197,0.315,0.91,0.29,0.904,0.085,0.875,0.004,0.107,0.792,0.845,0.883,0.946,0.919,0.418,0.195,0.502,0.252,0.544,0.844,0.575,0.964,0.351,0.715,0.768,0.248,0.416,0.734,0.185,0.17,0.076,0.124,0.322,0.585,0.577,0.355,0.267,0.444,0.2,0.985,0.904,0.435,0.814,0.761,0.118,0.828,0.637,0.296,0.416,0.573,0.294,0.15,0.398,0.242
52,0.674,0.725,0.966,0.126,0.6,0.942,0.729,0.771,0.373,0.496,0.903,0.552,0.111,0.56,0.774,0.315,0.612,0.901,0.386,0.809,0.187,0.05,0.142,0.836,0.04,0.134,0.783,0.8,0.665,0.015,0.713,0.926,0.298,0.952,0.52,0.833,0.964,0.388,0.151,0.38,0.598,0.491,0.354,0.148,0.373,0.871,0.032,0.664,0.929,0.733,0.42,0.795,0.228,0.597,0.864,0.075,0.726,0.137,0.136,0.547,0.796,0.941,0.51,0.204
54,0.974,0.271,0.849,0.355,0.174,0.131,0.434,0.256,0.41,0.28,0.598,0.506,0.749,0.537,0.262,0.917,0.062,0.849,0.747,0.475,0.383,0.327,0.699,0.282,0.198,0.958,0.265,0.294,0.07,0.407,0.662,0.768,0.355,0.772,0.39,0.448,0.414,0.62,0.317,0.845,0.129,0.759,0.851,0.313,0.051,0.768,0.827,0.488,0.323,0.208,0.314,0.646,0.023,0.833,0.198,0.505,0.297,0.744,0.591,0.877,0.063,0.473,0.204,0.58
56,0.023,0.173,0.708,0.166,0.58,0.929,0.89,0.533,0.342,0.059,0.552,0.229,0.482,0.585,0.654,0.769,0.132,0.905,0.377,0.158,0.484,0.706,0.632,0.397,0.992,0.111,0.885,0.923,0.644,0.3,0.559,0.978,0.032,0.854,0.391,0.886,0.401,0.802,0.382,0.82,0.72,0.023,0.847,0.774,0.762,0.074,0.105,0.012,0.314,0.318,0.489,0.288,0.065,0.634,0.045,0.311,0.084,0.604,0.48,0.09,0.454,0.047,0.245,0.803
58,0.318,0.458,0.272,0.702,0.26,0.65,0.603,0.093,0.044,0.658,0.492,0.696,0.422,0.128,0.233,0.095,0.389,0.284,0.335,0.06,0.211,0.247,0.36,0.137,0.233,0.88,0.107,0.127,0.566,0.769,0.715,0.65,0.007,0.597,0.708,0.905,0.294,0.766,0.594,0.623,0.441,0.37,0.83,0.038,0.712,0.834,0.232,0.689,0.274,0.978,0.411,0.317,0.991,0.235,0.783,0.719,0.653,0.492,0.553,0.276,0.29,0.59,0.349,0.646
60,0.084,0.568,0.408,0.926,0.981,0.035,0.2,0.249,0.37,0.031,0.232,0.107,0.481,0.102,0.717,0.65,0.193,0.984,0.826,0.93,0.758,0.07,0.159,0.193,0.64,0.269,0.73,0.677,0.565,0.087,0.834,0.926,0.358,0.577,0.864,0.326,0.585,0.56,0.633,0.719,0.617,0.905,0.553,0.226,0.217,0.691,0.299,0.458,0.448,0.28,0.22,0.701,0.096,0.708,0.816,0.724,0.001,0.011,0.961,0.2,0.11,0.5,0.79,0.479
62,0.747,0.41,0.503,0.504,0.864,0.961,0.121,0.794,0.8,0.924,0.806,0.928,0.556,0.251,0.958,0.627,0.68,0.749,0.95,0.575,0.293,0.77,0.134,0.759,0.44,0.227,0.844,0.54,0.973,0.727,0.159,0.825,0.696,0.075,0.339,0.911,0.428,0.236,0.833,0.739,0.713,0.972,0.424,0.896,0.029,0.367,0.855,0.088,0.691,0.232,0.518,0.157,0.327,0.136,0.479,0.431,0.904,0.718,0.489,0.432,0.235,0.295,0.244,0.252
64,0.234,0.27,0.299,0.123,0.831,0.018,0.181,0.866,0.709,0.227,0.491,0.115,0.925,0.368,0.451,0.272,0.817,0.766,0.427,0.654,0.942,0.812,0.823,0.635,0.687,0.866,0.308,0.701,0.244,0.723,0.679,0.729,0.757,0.824,0.423,0.793,0.258,0.922,0.207,0.295,0.009,0.49,0.001,0.299,0.425,0.192,0.437,0.194,0.614,0.651,0.429,0.219,0.265,0.799,0.194,0.624,0.022,0.011,0.615,0.429,0.855,0.123,0.718,0.132
66,0.361,0.225,0.924,0.48,0.566,0.858,0.519,0.473,0.257,0.158,0.213,0.433,0.964,0.335,0.172,0.451,0.775,0.836,0.151,0.521,0.638,0.283,0.813,0.757,0.061,0.12,0.72,0.767,0.494,0.82,0.955,0.078,0.386,0.762,0.02,0.0,0.567,0.857,0.354,0.832,0.796,0.129,0.596,0.551,0.957,0.745,0.257,0.56,0.774,0.401,0.511,0.604,0.35,0.261,0.599,0.897,0.583,0.022,0.888,0.446,0.235,0.811,0.649,0.338
68,0.504,0.348,0.309,0.066,0.203,0.732,0.108,0.188,0.225,0.083,0.938,0.78,0.45,0.109,0.623,0.71,0.931,0.955,0.218,0.423,0.874,0.552,0.217,0.219,0.227,0.93,0.665,0.025,0.292,0.414,0.826,0.317,0.741,0.933,0.248,0.043,0.513,0.807,0.5,0.853,0.193,0.379,0.615,0.057,0.055,0.751,0.85,0.416,0.325,0.32,0.041,0.915,0.749,0.486,0.873,0.442,0.683,0.322,0.754,0.974,0.614,0.694,0.837,0.352
70,0.997,0.612,0.97,0.705,0.841,0.185,0.012,0.59,0.831,0.068,0.369,0.468,0.122,0.399,0.866,0.124,0.282,0.765,0.603,0.784,0.178,0.817,0.226,0.001,0.732,0.99,0.29,0.505,0.726,0.764,0.225,0.709,0.971,0.706,0.686,0.986,0.733,0.674,0.392,0.044,0.439,0.549,0.285,0.003,0.544,0.329,0.033,0.445,0.537,0.33,0.56,0.795,0.106,0.585,0.358,0.873,0.124,0.132,0.114,0.54,0.406,0.061,0.707,0.968
72,0.864,0.01,0.164,0.574,0.566,0.267,0.906,0.923,0.953,0.995,0.403,0.327,0.802,0.818,0.335,0.502,0.46,0.615,0.33,0.907,0.69,0.442,0.336,0.784,0.01,0.602,0.078,0.155,0.492,0.238,0.434,0.65,0.479,0.269,0.58,0.182,0.662,0.31,0.085,0.636,0.989,0.548,0.869,0.092,0.218,0.48,0.969,0.159,0.493,0.451,0.732,0.974,0.965,0.49,0.484,0.871,0.162,0.114,0.982,0.423,0.93,0.605,0.96,0.907
74,0.563,0.985,0.181,0.582,0.135,0.115,0.5,0.115,0.518,0.647,0.803,0.651,0.802,0.567,0.683,0.257,0.819,0.342,0.358,0.343,0.812,0.094,0.896,0.592,0.928,0.85,0.233,0.08,0.934,0.246,0.394,0.584,0.098,0.566,0.323,0.157,0.978,0.344,0.661,0.512,0.679,0.976,0.447,0.451,0.911,0.178,0.229,0.477,0.336,0.28,0.716,0.896,0.142,0.605,0.558,0.658,0.343,0.185,0.061,0.977,0.118,0.05,0.738,0.035
76,0.128,0.42,0.795,0.486,0.164,0.843,0.436,0.234,0.413,0.992,0.209,0.532,0.632,0.811,0.682,0.453,0.366,0.133,0.533,0.39,0.072,0.589,0.451,0.417,0.422,0.226,0.203,0.197,0.928,0.646,0.449,0.009,0.999,0.82,0.817,0.529,0.962,0.063,0.659,0.006,0.581,0.345,0.743,0.169,0.46,0.701,0.553,0.419,0.924,0.977,0.706,0.898,0.864,0.708,0.762,0.918,0.109,0.802,0.8,0.148,0.889,0.98,0.123,0.186
78,0.434,0.588,0.522,0.568,0.9,0.942,0.703,0.45,0.203,0.949,0.977,0.399,0.066,0.806,0.38,0.825,0.723,0.058,0.506,0.282,0.711,0.598,0.674,0.461,0.046,0.223,0.787,0.319,0.175,0.674,0.238,0.864,0.818,0.575,0.536,0.595,0.026,0.584,0.559,0.233,0.179,0.506,0.387,0.701,0.691,0.73,0.32,0.832,0.371,0.275,0.024,0.549,0.087,0.746,0.01,0.288,0.425,0.349,0.712,0.618,0.157,0.525,0.672,0.725
80,0.769,0.647,0.193,0.237,0.663,0.788,0.879,0.725,0.221,0.26,0.46,0.128,0.673,0.701,0.806,0.34,0.321,0.193,0.911,0.058,0.872,0.65,0.583,0.179,0.141,0.393,0.996,0.591,0.147,0.649,0.062,0.304,0.581,0.461,0.855,0.061,0.057,0.926,0.24,0.314,0.149,0.004,0.293,0.966,0.762,0.968,0.968,0.959,0.175,0.405,0.531,0.778,0.937,0.779,0.162,0.681,0.821,0.859,0.698,0.069,0.952,0.585,0.97,0.082
82,0.901,0.696,0.133,0.329,0.392,0.048,0.957,0.498,0.831,0.662,0.582,0.684,0.182,0.135,0.078,0.641,0.431,0.038,0.922,0.838,0.663,0.911,0.059,0.86,0.387,0.542,0.022,0.117,0.864,0.905,0.752,0.517,0.063,0.23,0.151,0.266,0.739,0.836,0.735,0.904,0.863,0.16,0.715,0.72,0.305,0.092,0.679,0.543,0.22,0.354,0.735,0.84,0.718,0.354,0.48,0.872,0.973,0.357,0.906,0.621,0.596,0.37,0.767,0.943
84,0.187,0.486,0.155,0.633,0.952,0.511,0.743,0.274,0.296,0.855,0.551,0.646,0.861,0.83,0.981,0.75,0.018,0.625,0.681,0.402,0.974,0.196,0.752,0.25,0.73,0.739,0.782,0.769,0.189,0.545,0.018,0.864,0.241,0.988,0.453,0.035,0.467,0.51,0.733,0.576,0.917,0.11,0.432,0.724,0.029,0.792,0.037,0.769,0.18,0.691,0.757,0.039,0.271,0.98,0.473,0.652,0.798,0.665,0.305,0.69,0.372,0.766,0.152,0.78
86,0.193,0.537,0.588,0.598,0.472,0.117,0.751,0.668,0.735,0.988,0.946,0.104,0.264,0.435,0.979,0.629,0.001,0.033,0.942,0.677,0.474,0.314,0.082,0.997,0.398,0.485,0.448,0.653,0.402,0.142,0.084,0.488,0.869,0.191,0.735,0.287,0.344,0.072,0.928,0.994,0.714,0.336,0.506,0.331,0.843,0.212,0.218,0.642,0.101,0.058,0.981,0.87,0.204,0.956,0.689,0.506,0.652,0.269,0.406,0.289,0.498,0.007,0.295,0.112
88,0.39,0.531,0.646,0.913,0.107,0.439,0.982,0.09,0.869,0.585,0.577,0.886,0.491,0.148,0.016,0.249,0.34,0.787,0.342,0.768,0.651,0.907,0.841,0.431,0.762,0.344,0.26,0.043,0.572,0.446,0.462,0.415,0.487,0.544,0.32,0.459,0.486,0.765,0.948,0.755,0.277,0.551,0.041,0.916,0.2,0.893,0.324,0.279,0.789,0.819,0.687,0.277,0.471,0.096,0.36,0.848,0.82,0.053,0.956,0.866,0.505,0.411,0.752,0.271
90,0.831,0.334,0.792,0.371,0.54,0.417,0.214,0.677,0.125,0.703,0.223,0.3,0.711,0.273,0.035,0.205,0.074,0.739,0.274,0.953,0.679,0.412,0.641,0.068,0.272,0.091,0.109,0.252,0.817,0.839,0.502,0.82,0.465,0.922,0.365,0.429,0.531,0.434,0.412,0.552,0.138,0.406,0.772,0.49,0.459,0.011,0.617,0.852,0.407,0.083,0.539,0.939,0.413,0.571,0.517,0.027,0.79,0.13,0.011,0.641,0.33,0.874,0.684,0.403
92,0.131,0.23,0.163,0.126,0.939,0.161,0.513,0.564,0.62,0.169,0.098,0.45,0.788,0.896,0.409,0.751,0.794,0.51,0.45,0.473,0.772,0.705,0.896,0.03,0.788,0.451,0.646,0.643,0.719,0.456,0.649,0.141,0.873,0.18,0.139,0.197,0.485,0.862,0.531,0.087,0.653,0.402,0.877,0.391,0.652,0.588,0.54,0.272,0.687,0.84,0.502,0.104,0.704,0.787,0.502,0.428,0.657,0.593,0.872,0.876,0.112,0.051,0.045,0.666
94,0.416,0.993,0.689,0.081,0.001,0.388,0.204,0.87,0.149,0.605,0.72,0.557,0.808,0.322,0.359,0.744,0.27,0.056,0.594,0.96,0.833,0.749,0.65,0.259,0.989,0.504,0.806,0.263,0.152,0.307,0.781,0.364,0.83,0.49,0.587,0.824,0.107,0.807,0.229,0.932,0.87,0.368,0.936,0.508,0.173,0.623,0.343,0.318,0.873,0.503,0.536,0.747,0.368,0.896,0.684,0.76,0.758,0.306,0.23,0.837,0.172,0.076,0.842,0.978
96,0.537,0.803,0.667,0.756,0.67,0.959,0.389,0.64,0.492,0.697,0.041,0.814,0.968,0.963,0.329,0.659,0.511,0.533,0.302,0.567,0.071,0.64,0.512,0.051,0.778,0.313,0.43,0.384,0.134,0.727,0.18,0.429,0.26,0.328,0.046,0.863,0.974,0.466,0.431,0.634,0.192,0.165,0.295,0.434,0.076,0.172,0.54,0.983,0.363,0.507,0.009,0.216,0.265,0.415,0.749,0.37,0.054,0.33,0.991,0.142,0.279,0.382,0.186,0.159
98,0.796,0.212,0.795,0.78,0.323,0.651,0.163,0.01,0.265,0.937,0.959,0.849,0.346,0.411,0.387,0.355,0.081,0.09,0.679,0.669,0.104,0.781,0.496,0.615,0.033,0.968,0.226,0.494,0.217,0.153,0.837,0.051,0.49,0.152,0.781,0.183,0.882,0.463,0.971,0.628,0.029,0.595,0.812,0.328,0.204,0.205,0.144,0.589,0.936,0.114,0.28,0.204,0.012,0.447,0.835,0.946,0.944,0.804,0.482,0.579,0.804,0.839,0.057,0.108
100,0.708,0.06,0.823,0.913,0.542,0.222,0.146,0.037,0.785,0.265,0.832,0.689,0.763,0.908,0.741,0.13,0.064,0.772,0.28,0.019,0.675,0.551,0.104,0.433,0.925,0.622,0.45,0.316,0.619,0.828,0.318,0.831,0.931,0.38,0.155,0.482,0.233,0.605,0.054,0.691,0.995,0.336,0.251,0.421,0.858,0.045,0.709,0.751,0.735,0.856,0.388,0.501,0.109,0.142,0.652,0.861,0.062,0.937,0.885,0.267,0.14,0.912,0.893,0.988
102,0.584,0.049,0.475,0.59,0.701,0.84,0.324,0.509,0.402,0.068,0.244,0.577,0.667,0.499,0.053,0.734,0.821,0.747,0.688,0.713,0.242,0.818,0.363,0.556,0.321,0.054,0.976,0.088,0.691,0.963,0.423,0.237,0.119,0.382,0.624,0.979,0.609,0.597,0.525,0.265,0.233,0.416,0.723,0.716,0.049,0.557,0.026,0.664,0.457,0.115,0.458,0.426,0.8,0.723,0.913,0.551,0.484,0.313,0.203,0.456,0.498,0.36,0.509,0.723
104,0.426,0.822,0.251,0.555,0.631,0.737,0.744,0.428,0.263,0.666,0.406,0.177,0.213,0.744,0.633,0.968,0.379,0.512,0.98,0.165,0.128,0.909,0.494,0.072,0.15,0.595,0.306,0.048,0.504,0.45,0.407,0.102,0.53,0.848,0.705,0.889,0.591,0.731,0.134,0.575,0.425,0.837,0.885,0.329,0.933,0.266,0.918,0.683,0.253,0.308,0.389,0.629,0.433,0.968,0.255,0.997,0.305,0.862,0.231,0.628,0.302,0.955,0.373,0.24
106,0.889,0.522,0.675,0.463,0.299,0.712,0.398,0.692,0.362,0.597,0.131,0.175,0.594,0.212,0.336,0.864,0.899,0.397,0.416,0.445,0.742,0.501,0.308,0.185,0.372,0.998,0.343,0.984,0.535,0.988,0.785,0.363,0.896,0.388,0.775,0.113,0.426,0.774,0.531,0.715,0.91,0.813,0.884,0.132,0.173,0.76,0.763,0.366,0.021,0.712,0.156,0.04,0.814,0.114,0.979,0.148,0.183,0.328,0.183,0.527,0.505,0.133,0.829,0.94
108,0.727,0.894,0.354,0.263,0.076,0.729,0.008,0.439,0.665,0.037,0.815,0.594,0.463,0.05,0.971,0.002,0.356,0.514,0.946,0.885,0.879,0.609,0.386,0.153,0.97,0.729,0.099,0.207,0.381,0.209,0.845,0.074,0.068,0.93,0.63,0.893,0.573,0.239,0.414,0.397,0.115,0.099,0.909,0.926,0.927,0.334,0.221,0.02,0.936,0.847,0.023,0.585,0.581,0.27,0.983,0.782,0.127,0.093,0.813,0.589,0.766,0.915,0.389,0.258
110,0.871,0.64,0.7,0.241,0.925,0.038,0.472,0.581,0.193,0.242,0.459,0.291,0.42,0.738,0.492,0.081,0.536,0.752,0.335,0.803,0.249,0.249,0.013,0.538,0.379,0.167,0.669,0.129,0.353,0.109,0.608,0.75,0.209,0.572,0.393,0.242,0.285,0.452,0.152,0.943,0.097,0.207,0.264,0.879,0.834,0.304,0.826,0.209,0.841,0.733,0.612,0.54,0.924,0.102,0.494,0.048,0.699,0.988,0.106,0.037,0.086,0.39,0.716,0.74
112,0.237,0.407,0.101,0.318,0.834,0.354,0.338,0.343,0.546,0.795,0.68,0.505,0.846,0.644,0.696,0.07,0.628,0.839,0.263,0.149,0.811,0.708,0.595,0.73,0.489,0.518,0.811,0.6,0.823,0.046,0.446,0.876,0.725,0.695,0.08,0.169,0.781,0.293,0.234,0.559,0.544,0.483,0.775,0.596,0.803,0.296,0.067,0.935,0.659,0.126,0.42,0.586,0.762,0.499,0.931,0.869,0.18,0.459,0.923,0.926,0.952,0.953,0.631,0.681
114,0.137,0.519,0.675,0.726,0.912,0.518,0.232,0.026,0.857,0.243,0.132,0.51,0.349,0.112,0.643,0.054,0.575,0.981,0.76,0.215,0.823,0.734,0.644,0.238,0.669,0.101,0.869,0.255,0.036,0.785,0.134,0.223,0.486,0.71,0.767,0.343,0.75,0.969,0.255,0.013,0.503,0.521,0.425,0.225,0.391,0.231,0.29,0.461,0.594,0.541,0.187,0.798,0.73,0.894,0.194,0.859,0.388,0.296,0.187,0.097,0.151,0.931,0.139,0.28
116,0.956,0.589,0.658,0.798,0.611,0.077,0.44,0.294,0.784,0.229,0.096,0.974,0.544,0.832,0.926,0.557,0.525,0.598,0.469,0.429,0.107,0.218,0.645,0.716,0.935,0.102,0.078,0.749,0.931,0.797,0.437,0.998,0.53,0.968,0.162,0.944,0.833,0.405,0.795,0.231,0.489,0.398,0.66,0.561,0.462,0.348,0.307,0.501,0.451,0.648,0.187,0.787,0.721,0.095,0.227,0.498,0.429,0.912,0.803,0.659,0.987,0.072,0.913,0.414
118,0.69,0.096,0.664,0.227,0.092,0.674,0.68,0.126,0.717,0.156,0.054,0.191,0.647,0.074,0.221,0.836,0.902,0.805,0.968,0.442,0.105,0.04,0.837,0.353,0.731,0.137,0.029,0.368,0.87,0.87,0.188,0.991,0.546,0.771,0.35,0.261,0.652,0.237,0.993,0.887,0.956,0.838,0.617,0.422,0.595,0.022,0.11,0.888,0.359,0.432,0.156,0.274,0.251,0.863,0.222,0.275,0.667,0.387,0.507,0.188,0.894,0.026,0.292,0.318
120,0.346,0.237,0.902,0.627,0.668,0.002,0.622,0.7,0.69,0.747,0.098,0.57,0.033,0.244,0.264,0.276,0.334,0.776,0.328,0.725,0.736,0.673,0.377,0.295,0.071,0.607,0.551,0.299,0.432,0.019,0.753,0.209,0.945,0.182,0.066,0.042,0.187,0.358,0.906,0.32,0.453,0.202,0.457,0.297,0.402,0.656,0.203,0.207,0.016,0.242,0.93,0.287,0.754,0.692,0.745,0.109,0.533,0.006,0.657,0.405,0.443,0.346,0.597,0.393
122,0.259,0.311,0.985,0.247,0.183,0.604,0.209,0.401,0.727,0.621,0.22,0.98,0.289,0.682,0.635,0.953,0.964,0.613,0.579,0.475,0.98,0.456,0.054,0.112,0.914,0.468,0.578,0.149,0.491,0.996,0.93,0.942,0.852,0.29,0.435,0.577,0.561,0.847,0.49,0.053,0.112,0.304,0.716,0.488,0.47,0.533,0.94,0.963,0.986,0.456,0.072,0.768,0.983,0.984,0.35,0.614,0.003,0.352,0.67,0.58,0.667,0.919,0.272,0.345
124,0.033,0.724,0.564,0.127,0.626,0.035,0.818,0.842,0.932,0.401,0.403,0.5,0.95,0.351,0.251,0.537,0.987,0.16,0.36,0.405,0.703,0.153,0.791,0.959,0.518,0.613,0.178,0.712,0.719,0.16,0.825,0.597,0.642,0.749,0.021,0.55,0.014,0.304,0.661,0.069,0.841,0.65,0.97,0.521,0.99,0.34,0.846,0.509,0.677,0.127,0.273,0.84,0.15,0.6,0.405,0.742,0.357,0.095,0.513,0.355,0.282,0.667,0.789,0.621
126,0.743,0.351,0.366,0.789,0.717,0.579,0.631,0.029,0.518,0.695,0.552,0.224,0.561,0.996,0.432,0.97,0.927,0.543,0.565,0.975,0.586,0.902,0.602,0.414,0.616,0.52,0.832,0.087,0.527,0.559,0.862,0.087,0.031,0.444,0.034,0.796,0.969,0.343,0.327,0.528,0.988,0.213,0.348,0.475,0.413,0.024,0.249,0.106,0.254,0.067,0.377,0.16,0.3,0.694,0.198,0.104,0.072,0.705,0.037,0.985,0.864,0.845,0.127,0.083
128,0.898,0.264,0.991,0.723,0.529,0.016,0.434,0.36,0.884,0.831,0.584,0.812,0.96,0.972,0.057,0.66,0.215,0.484,0.558,0.672,0.813,0.178,0.019,0.534,0.476,0.544,0.994,0.116,0.904,0.706,0.429,0.94,0.347,0.251,0.317,0.496,0.452,0.852,0.078,0.18,0.59,0.169,0.051,0.193,0.803,0.78,0.486,0.381,0.354,0.492,0.808,0.901,0.838,0.725,0.465,0.585,0.665,0.053,0.783,0.601,0.132,0.991,0.149,0.628
130,0.454,0.369,0.914,0.364,0.857,0.857,0.596,0.075,0.469,0.102,0.908,0.574,0.189,0.998,0.608,0.179,0.546,0.331,0.614,0.272,0.298,0.907,0.077,0.067,0.44,0.622,0.888,0.37,0.89,0.324,0.463,0.299,0.257,0.076,0.93,0.685,0.861,0.574,0.714,0.403,0.781,0.057,0.567,0.225,0.86,0.132,0.949,0.682,0.444,0.869,0.24,0.551,0.7,0.07,0.705,0.586,0.667,0.64,0.56,0.901,0.548,0.014,0.291,0.542
132,0.166,0.85,0.226,0.747,0.086,0.517,0.105,0.647,0.956,0.944,0.821,0.416,0.158,0.975,0.921,0.941,0.327,0.929,0.129,0.145,0.516,0.21,0.086,0.488,0.806,0.371,0.171,0.168,0.895,0.904,0.413,0.748,0.61,0.777,0.48,0.912,0.488,0.917,0.673,0.362,0.87,0.427,0.125,0.798,0.144,0.836,0.972,0.329,0.448,0.176,0.066,0.788,0.596,0.652,0.282,0.194,0.898,0.515,0.918,0.971,0.633,0.752,0.314,0.009
134,0.462,0.481,0.832,0.43,0.838,0.763,0.751,0.448,0.774,0.375,0.504,0.087,0.95,0.429,0.303,0.545,0.593,0.591,0.791,0.107,0.178,0.575,0.961,0.131,0.209,0.634,0.141,0.073,0.359,0.046,0.236,0.446,0.429,0.458,0.755,0.031,0.438,0.123,0.676,0.644,0.374,0.724,0.259,0.278,0.015,0.519,0.581,0.593,0.871,0.929,0.657,0.322,0.067,0.586,0.254,0.057,0.82,0.095,0.654,0.037,0.17,0.373,0.555,0.896
136,0.203,0.94,0.342,0.843,0.902,0.166,0.766,0.18,0.88,0.969,0.601,0.76,0.336,0.621,0.979,0.587,0.527,0.836,0.032,0.802,0.516,0.013,0.841,0.285,0.294,0.455,0.08,0.73,0.816,0.798,0.738,0.507,0.649,0.624,0.729,0.542,0.147,0.921,0.704,0.293,0.039,0.459,0.828,0.995,0.089,0.38,0.262,0.129,0.667,0.612,0.939,0.786,0.893,0.736,0.5,0.553,0.731,0.563,0.425,0.315,0.321,0.438,0.686,0.97
138,0.681,0.789,0.894,0.992,0.286,0.016,0.593,0.381,0.581,0.907,0.067,0.076,0.133,0.635,0.383,0.788,0.414,0.713,0.986,0.821,0.565,0.16,0.165,0.559,0.602,0.064,0.552,0.786,0.272,0.871,0.589,0.875,0.985,0.118,0.254,0.044,0.383,0.357,0.71,0.072,0.727,0.925,0.419,0.862,0.747,0.388,0.078,0.406,0.563,0.972,0.723,0.904,0.448,0.298,0.725,0.421,0.929,0.575,0.022,0.767,0.16,0.793,0.631,0.717
140,0.209,0.362,0.692,0.81,0.914,0.655,0.142,0.724,0.784,0.461,0.304,0.974,0.001,0.655,0.482,0.08,0.954,0.775,0.474,0.515,0.879,0.188,0.625,0.447,0.14,0.024,0.615,0.62,0.389,0.67,0.848,0.929,0.17,0.428,0.659,0.544,0.95,0.378,0.991,0.497,0.104,0.529,0.707,0.492,0.276,0.007,0.89,0.796,0.643,0.285,0.292,0.436,0.954,0.943,0.785,0.948,0.474,0.247,0.781,0.918,0.417,0.4,0.949,0.685
142,0.408,0.515,0.435,0.346,0.438,0.238,0.618,0.169,0.786,0.821,0.306,0.157,0.925,0.948,0.766,0.369,0.16,0.378,0.611,0.7,0.477,0.506,0.218,0.207,0.188,0.014,0.268,0.727,0.195,0.007,0.434,0.528,0.496,0.708,0.056,0.128,0.258,0.48,0.626,0.63,0.522,0.781,0.291,0.944,0.437,0.768,0.303,0.116,0.817,0.558,0.751,0.401,0.011,0.205,0.079,0.645,0.575,0.287,0.683,0.855,0.208,0.623,0.699,0.241
144,0.938,0.77,0.831,0.449,0.718,0.964,0.548,0.881,0.512,0.769,0.472,0.501,0.297,0.331,0.585,0.285,0.298,0.082,0.678,0.619,0.496,0.379,0.237,0.987,0.883,0.035,0.921,0.632,0.645,0.287,0.475,0.63,0.85,0.494,0.22,0.973,0.953,0.613,0.474,0.243,0.409,0.904,0.493,0.725,0.384,0.23,0.501,0.565,0.603,0.408,0.218,0.642,0.662,0.761,0.164,0.887,0.196,0.688,0.365,0.738,0.383,0.798,0.183,0.92
146,0.545,0.033,0.423,0.338,0.182,0.896,0.744,0.982,0.915,0.538,0.295,0.589,0.859,0.341,0.304,0.435,0.702,0.856,0.653,0.53,0.949,0.383,0.026,0.293,0.011,0.64,0.405,0.243,0.334,0.656,0.752,0.751,0.319,0.07,0.204,0.773,0.524,0.638,0.536,0.263,0.526,0.809,0.127,0.708,0.608,0.886,0.603,0.228,0.023,0.029,0.187,0.098,0.307,0.07,0.879,0.651,0.035,0.063,0.384,0.915,0.804,0.667,0.178,0.828
148,0.246,0.102,0.548,0.228,0.684,0.105,0.613,0.859,0.166,0.261,0.16,0.578,0.182,0.988,0.92,0.727,0.441,0.864,0.166,0.981,0.894,0.547,0.328,0.412,0.714,0.134,0.142,0.008,0.637,0.435,0.81,0.277,0.536,0.147,0.038,0.712,0.957,0.973,0.372,0.212,0.247,0.637,0.899,0.891,0.63,0.627,0.108,0.029,0.767,0.336,0.367,0.964,0.696,0.305,0.243,0.39,0.308,0.17,0.796,0.727,0.448,0.857,0.876,0.732
150,0.54,0.774,0.401,0.766,0.628,0.334,0.031,0.07,0.636,0.585,0.704,0.891,0.341,0.31,0.983,0.705,0.472,0.131,0.017,0.497,0.219,0.116,0.586,0.767,0.663,0.06,0.777,0.259,0.277,0.484,0.022,0.579,0.127,0.03,0.493,0.692,0.531,0.767,0.119,0.013,0.874,0.688,0.788,0.915,0.936,0.119,0.023,0.515,0.824,0.26,0.28,0.462,0.172,0.431,0.22,0.644,0.523,0.782,0.322,0.319,0.527,0.959,0.406,0.877
152,0.795,0.116,0.448,0.272,0.504,0.563,0.471,0.889,0.022,0.64,0.96,0.928,0.874,0.51,0.796,0.085,0.811,0.143,0.459,0.082,0.251,0.9,0.719,0.819,0.674,0.662,0.218,0.99,0.77,0.381,0.96,0.639,0.695,0.205,0.758,0.815,0.01,0.509,0.182,0.931,0.985,0.973,0.197,0.367,0.329,0.919,0.643,0.111,0.254,0.817,0.867,0.83,0.353,0.905,0.611,0.948,0.435,0.587,0.366,0.639,0.449,0.034,0.042,0.961
154,0.411,0.072,0.686,0.466,0.361,0.221,0.883,0.229,0.511,0.016,0.364,0.655,0.186,0.587,0.898,0.736,0.236,0.522,0.23,0.999,0.039,0.544,0.762,0.779,0.676,0.412,0.571,0.609,0.253,0.565,0.034,0.777,0.394,0.357,0.994,0.407,0.976,0.016,0.349,0.394,0.018,0.28,0.888,0.622,0.659,0.587,0.37,0.211,0.264,0.401,0.536,0.662,0.046,0.978,0.163,0.844,0.958,0.372,0.674,0.381,0.233,0.474,0.546,0.727
156,0.941,0.16,0.49,0.259,0.983,0.422,0.22,0.509,0.476,0.901,0.462,0.828,0.203,0.503,0.01,0.71,0.396,0.118,0.326,0.512,0.041,0.237,0.8,0.176,0.009,0.254,0.194,0.612,0.684,0.362,0.617,0.681,0.654,0.394,0.263,0.341,0.657,0.223,0.269,0.612,0.972,0.641,0.814,0.176,0.373,0.258,0.154,0.277,0.616,0.565,0.72,0.342,0.902,0.425,0.081,0.809,0.498,0.975,0.487,0.956,0.525,0.733,0.017,0.748
158,0.114,0.973,0.226,0.976,0.552,0.32,0.567,0.275,0.79,0.78,0.61,0.615,0.831,0.814,0.639,0.85,0.579,0.51,0.977,0.248,0.568,0.298,0.606,0.804,0.185,0.248,0.726,0.042,0.061,0.471,0.159,0.203,0.255,0.118,0.439,0.552,0.268,0.478,0.017,0.357,0.953,0.236,0.349,0.812,0.958,0.782,0.893,0.404,0.813,0.513,0.192,0.026,0.008,0.969,0.073,0.559,0.491,0.062,0.312,0.086,0.26,0.843,0.834,0.777
160,0.602,0.466,0.404,0.237,0.388,0.596,0.877,0.99,0.09,0.454,0.988,0.512,0.253,0.384,0.306,0.84,0.534,0.853,0.31,0.56,0.076,0.719,0.168,0.44,0.24,0.232,0.009,0.425,0.664,0.714,0.974,0.964,0.146,0.893,0.973,0.758,0.186,0.996,0.668,0.266,0.286,0.292,0.686,0.922,0.32,0.071,0.175,0.505,0.437,0.845,0.369,0.389,0.126,0.924,0.234,0.788,0.952,0.475,0.982,0.745,0.755,0.694,0.897,0.43
162,0.392,0.216,0.614,0.027,0.883,0.485,0.871,0.262,0.507,0.663,0.168,0.641,0.244,0.975,0.205,0.389,0.905,0.738,0.686,0.3,0.946,0.429,0.107,0.394,0.831,0.273,0.299,0.659,0.244,0.125,0.859,0.072,0.734,0.959,0.848,0.971,0.788,0.8,0.066,0.942,0.44,0.673,0.409,0.655,0.953,0.876,0.754,0.61,0.426,0.184,0.488,0.476,0.441,0.924,0.56,0.201,0.237,0.809,0.777,0.642,0.683,0.055,0.933,0.991
164,0.788,0.908,0.153,0.745,0.553,0.336,0.766,0.357,0.182,0.781,0.422,0.029,0.495,0.756,0.502,0.788,0.375,0.747,0.531,0.797,0.739,0.094,0.879,0.828,0.307,0.801,0.775,0.995,0.32,0.238,0.366,0.068,0.227,0.622,0.657,0.609,0.021,0.472,0.454,0.146,0.252,0.295,0.321,0.462,0.777,0.926,0.085,0.835,0.946,0.027,0.8,0.925,0.952,0.505,0.364,0.109,0.757,0.699,0.354,0.535,0.78,0.361,0.21,0.206
166,0.416,0.645,0.411,0.158,0.946,0.317,0.072,0.763,0.134,0.854,0.383,0.856,0.021,0.608,0.475,0.384,0.852,0.625,0.112,0.28,0.184,0.131,0.555,0.866,0.395,0.515,0.004,0.812,0.773,0.55,0.175,0.565,0.146,0.159,0.546,0.644,0.8,0.439,0.428,0.342,0.224,0.768,0.899,0.085,0.357,0.348,0.854,0.213,0.693,0.344,0.636,0.083,0.075,0.677,0.263,0.188,0.408,0.549,0.289,0.045,0.33,0.408,0.204,0.726
168,0.955,0.28,0.559,0.568,0.236,0.839,0.392,0.559,0.85,0.167,0.145,0.743,0.532,0.099,0.016,0.031,0.575,0.248,0.262,0.131,0.511,0.956,0.858,0.878,0.578,0.892,0.323,0.234,0.044,0.6,0.754,0.818,0.219,0.707,0.336,0.366,0.229,0.19,0.092,0.115,0.127,0.492,0.404,0.541,0.884,0.277,0.662,0.562,0.964,0.835,0.302,0.086,0.927,0.548,0.496,0.714,0.627,0.994,0.974,0.356,0.234,0.101,0.313,0.275
170,0.644,0.083,0.218,0.757,0.896,0.467,0.62,0.74,0.428,0.462,0.98,0.054,0.58,0.0,0.067,0.099,0.687,0.807,0.33,0.443,0.266,0.998,0.873,0.674,0.452,0.567,0.601,0.642,0.862,0.302,0.152,0.335,0.589,0.767,0.191,0.378,0.71,0.765,0.451,0.239,0.598,0.344,0.492,0.024,0.819,0.722,0.684,0.687,0.317,0.582,0.549,0.999,0.272,0.057,0.494,0.575,0.262,0.972,0.1,0.069,0.891,0.632,0.591,0.6
172,0.355,0.667,0.759,0.264,0.603,0.583,0.485,0.21,0.352,0.456,0.609,0.612,0.579,0.526,0.715,0.389,0.356,0.073,0.496,0.049,0.692,0.74,0.512,0.668,0.582,0.218,0.3,0.556,0.464,0.44,0.123,0.488,0.682,0.423,0.943,0.644,0.193,0.187,0.96,0.545,0.6,0.463,0.87,0.192,0.103,0.876,0.138,0.068,0.442,0.845,0.235,0.12,0.203,0.039,0.481,0.184,0.456,0.078,0.143,0.908,0.573,0.812,0.646,0.65
174,0.234,0.631,0.62,0.242,0.756,0.821,0.929,0.877,0.099,0.569,0.157,0.757,0.934,0.417,0.47,0.715,0.4,0.452,0.652,0.768,0.177,0.039,0.155,0.606,0.328,0.747,0.759,0.722,0.726,0.917,0.47,0.101,0.472,0.102,0.418,0.558,0.603,0.445,0.11,0.823,0.891,0.663,0.294,0.471,0.984,0.176,0.229,0.803,0.787,0.863,0.314,0.952,0.066,0.578,0.528,0.926,0.88,0.673,0.966,0.04,0.008,0.839,0.247,0.37
176,0.754,0.541,0.011,0.126,0.545,0.62,0.013,0.553,0.243,0.771,0.331,0.101,0.483,0.094,0.994,0.635,0.479,0.986,0.398,0.921,0.095,0.371,0.17,0.58,0.155,0.491,0.913,0.157,0.102,0.222,0.26,0.73,0.373,0.731,0.793,0.261,0.096,0.228,0.674,0.896,0.539,0.611,0.51,0.966,0.112,0.417,0.724,0.333,0.614,0.72,0.94,0.394,0.345,0.842,0.443,0.32,0.147,0.693,0.522,0.036,0.917,0.022,0.064,0.789
178,0.294,0.939,0.112,0.467,0.219,0.272,0.291,0.448,0.755,0.747,0.105,0.209,0.162,0.332,0.307,0.358,0.559,0.762,0.097,0.446,0.313,0.018,0.364,0.49,0.881,0.326,0.205,0.466,0.119,0.351,0.382,0.894,0.797,0.086,0.513,0.542,0.642,0.571,0.557,0.336,0.268,0.366,0.499,0.573,0.87,0.512,0.483,0.629,0.557,0.892,0.7,0.947,0.222,0.283,0.824,0.993,0.765,0.176,0.728,0.802,0.867,0.597,0.801,0.437
180,0.32,0.559,0.63,0.07,0.204,0.869,0.79,0.866,0.024,0.969,0.797,0.089,0.968,0.321,0.153,0.818,0.694,0.154,0.962,0.992,0.231,0.728,0.562,0.385,0.698,0.487,0.264,0.685,0.24,0.809,0.342,0.595,0.614,0.946,0.173,0.008,0.634,0.9,0.563,0.288,0.989,0.9,0.253,0.529,0.741,0.991,0.106,0.052,0.857,0.221,0.215,0.063,0.24,0.326,0.185,0.016,0.759,0.128,0.47,0.779,0.741,0.53,0.74,0.351
182,0.527,0.913,0.459,0.526,0.862,0.752,0.106,0.291,0.782,0.986,0.913,0.59,0.009,0.232,0.873,0.561,0.598,0.09,0.96,0.74,0.486,0.969,0.075,0.465,0.062,0.632,0.512,0.477,0.889,0.744,0.329,0.104,0.553,0.265,0.349,0.778,0.899,0.192,0.416,0.88,0.409,0.111,0.585,0.396,0.893,0.24,0.696,0.238,0.061,0.801,0.22,0.456,0.558,0.831,0.535,0.629,0.533,0.555,0.569,0.546,0.955,0.551,0.612,0.846
184,0.975,0.333,0.867,0.932,0.329,0.54,0.681,0.168,0.56,0.342,0.473,0.113,0.71,0.923,0.704,0.959,0.108,0.172,0.438,0.514,0.959,0.397,0.848,0.239,0.803,0.931,0.538,0.194,0.126,0.625,0.973,0.022,0.631,0.329,0.507,0.473,0.769,0.816,0.885,0.403,0.394,0.743,0.912,0.286,0.972,0.498,0.036,0.057,0.696,0.372,0.019,0.887,0.441,0.105,0.625,0.682,0.649,0.63,1.0,0.89,0.734,0.339,0.798,0.887
186,0.423,0.134,1.0,0.194,0.737,0.511,0.221,0.741,0.662,0.682,0.251,0.319,0.108,0.468,0.846,0.707,0.18,0.852,0.484,0.314,0.27,0.495,0.664,0.785,0.031,0.038,0.3,0.87,0.389,0.399,0.429,0.302,0.272,0.573,0.934,0.689,0.956,0.835,0.29,0.079,0.749,0.026,0.148,0.966,0.453,0.922,0.566,0.696,0.64,0.296,0.067,0.019,0.477,0.477,0.94,1.0,0.094,0.578,0.701,0.262,0.871,0.758,0.907,0.86
188,0.235,0.808,0.801,0.213,0.678,0.172,0.385,0.301,0.475,0.027,0.218,0.732,0.206,0.333,0.59,0.307,0.398,0.378,0.752,0.192,0.297,0.308,0.884,0.629,0.142,0.174,0.694,0.413,0.309,0.856,0.523,0.595,0.606,0.321,0.063,0.557,0.428,0.568,0.078,0.954,0.782,0.162,0.212,0.808,0.056,0.195,0.177,0.768,0.987,0.71,0.728,0.108,0.936,0.264,0.233,0.412,0.57,0.327,0.891,0.089,0.827,0.611,0.252,0.118
190,0.78,0.367,0.765,0.263,0.718,0.526,0.483,0.257,0.765,0.084,0.067,0.251,0.39,0.854,0.155,0.802,0.507,0.338,0.061,0.234,0.517,0.128,0.225,0.431,0.836,0.477,0.549,0.161,0.041,0.762,0.573,0.719,0.986,0.271,0.284,0.947,0.367,0.369,0.262,0.246,0.906,0.5,0.127,0.69,0.495,0.999,0.457,0.725,0.118,0.216,0.024,0.329,0.893,0.093,0.64,0.918,0.617,0.545,0.74,0.701,0.486,0.215,0.563,0.676
192,0.126,0.419,0.112,0.826,0.563,0.468,0.844,0.138,0.707,0.727,0.868,0.425,0.319,0.174,0.743,0.641,0.989,0.79,0.763,0.798,0.61,0.654,0.08,0.639,0.739,0.811,0.217,0.226,0.798,0.415,0.292,0.101,0.933,0.758,0.614,0.568,0.714,0.792,0.631,0.754,0.906,0.446,0.355,0.795,0.175,0.51,0.301,0.158,0.17,0.593,0.792,0.434,0.297,0.693,0.718,0.949,0.071,0.432,0.857,0.454,0.864,0.982,0.963,0.271
194,0.864,0.916,0.343,0.75,0.93,0.428,0.254,0.217,0.047,0.472,0.86,0.92,0.287,0.908,0.469,0.657,0.854,0.855,0.109,0.224,0.373,0.994,0.029,0.322,0.067,0.782,0.916,0.49,0.385,0.784,0.927,0.904,0.679,0.733,0.391,0.46,0.223,0.948,0.91,0.682,0.492,0.521,0.538,0.268,0.688,0.758,0.147,0.013,0.539,0.14,0.954,0.299,0.216,0.079,0.909,0.932,0.588,0.391,0.558,0.489,0.979,0.341,0.355,0.126
196,0.234,0.155,0.273,0.072,0.051,0.004,0.011,0.098,0.722,0.416,0.807,0.005,0.91,0.6,0.659,0.331,0.188,0.939,0.62,0.324,0.716,0.308,0.958,0.549,0.092,0.719,0.821,0.603,0.988,0.133,0.12,0.259,0.144,0.522,0.866,0.203,0.269,0.732,0.489,0.673,0.893,0.55,0.422,0.106,0.329,0.204,0.217,0.131,0.638,0.382,0.975,0.456,0.493,0.881,0.929,0.66,0.49,0.46,0.433,0.75,0.984,0.056,0.972,0.645
198,0.285,0.493,0.855,0.184,0.923,0.097,0.135,0.893,0.196,0.22,0.114,0.137,0.304,0.642,0.527,0.904,0.023,0.286,0.72,0.043,0.423,0.903,0.325,0.606,0.822,0.428,0.819,0.324,0.996,0.712,0.217,0.249,0.667,0.898,0.856,0.863,0.66,0.504,0.236,0.366,0.475,0.495,0.384,0.885,0.498,0.78,0.848,0.203,0.075,0.222,0.5,0.357,0.756,0.472,0.982,0.005,0.477,0.535,0.288,0.314,0.456,0.188,0.653,0.12
200,0.28,0.442,0.363,0.511,0.489,0.577,0.678,0.76,0.295,0.853,0.741,0.624,0.097,0.218,0.453,0.404,0.232,0.527,0.334,0.669,0.325,0.669,0.975,0.47,0.46,0.68,0.219,0.164,0.835,0.55,0.689,0.058,0.088,0.702,0.86,0.11,0.953,0.593,0.659,0.385,0.618,0.083,0.482,0.194,0.309,0.795,0.912,0.627,0.618,0.65,0.487,0.121,0.035,0.032,0.075,0.695,0.889,0.355,0.765,0.954,0.262,0.897,0.524,0.312
202,0.175,0.92,0.802,0.182,0.466,0.321,0.674,0.582,0.711,0.709,0.419,0.899,0.659,0.424,0.763,0.183,0.073,0.845,0.454,0.91,0.861,0.339,0.428,0.582,0.218,0.086,0.925,0.909,0.902,0.016,0.349,0.993,0.682,0.321,0.585,0.127,0.958,0.871,0.722,0.276,0.029,0.526,0.273,0.532,0.191,0.887,0.137,0.723,0.003,0.727,0.633,0.643,0.517,0.756,0.379,0.747,0.11,0.124,0.501,0.538,0.856,0.688,0.694,0.535
204,0.488,0.744,0.731,0.811,0.153,0.072,0.83,0.027,0.478,0.47,0.712,0.168,0.851,0.714,0.574,0.429,0.718,0.086,0.196,0.856,0.364,0.13,0.828,0.342,0.219,0.328,0.56,0.886,0.846,0.474,0.72,0.625,0.739,0.4,0.355,0.403,0.469,0.912,0.728,0.01,0.084,0.013,0.675,0.894,0.929,0.719,0.973,0.895,0.711,0.543,0.815,0.628,0.055,0.417,0.43,0.033,0.429,0.279,0.087,0.75,0.004,0.056,0.831,0.084
206,0.011,0.592,0.582,0.911,0.816,0.011,0.056,0.904,0.672,0.273,0.9,0.616,0.861,0.044,0.836,0.916,0.672,0.78,0.353,0.419,0.853,0.691,0.284,0.385,0.016,0.494,0.612,0.277,0.982,0.492,0.393,0.649,0.767,0.754,0.772,0.665,0.979,0.808,0.296,0.648,0.03,0.823,0.601,0.358,0.11,0.541,0.83,0.111,0.262,0.303,0.437,0.499,0.639,0.863,0.672,0.941,0.47,0.846,0.141,0.873,0.226,0.542,0.464,0.971
208,0.116,0.838,0.983,0.172,0.478,0.31,0.104,0.949,0.018,0.755,0.585,0.64,0.532,0.653,0.515,0.142,0.31,0.056,0.508,0.358,0.552,0.687,0.696,0.207,0.668,0.142,0.667,0.641,0.894,0.97,0.056,0.397,0.705,0.89,0.662,0.576,0.348,0.673,0.313,0.316,0.253,0.954,0.589,0.148,0.954,0.312,0.36,0.345,0.685,0.032,0.893,0.632,0.682,0.533,0.418,0.571,0.485,0.605,0.926,0.169,0.042,0.657,0.238,0.798
210,0.294,0.456,0.97,0.528,0.657,0.852,0.564,0.156,0.317,0.754,0.104,0.049,0.625,0.378,0.529,0.726,0.736,0.972,0.33,0.614,0.906,0.399,0.238,0.356,0.182,0.983,0.653,0.517,0.319,0.895,0.035,0.257,0.115,0.355,0.556,0.909,0.218,0.61,0.127,0.115,0.049,0.196,0.309,0.064,0.161,0.226,0.657,0.715,0.925,0.519,0.446,0.783,0.566,0.735,0.889,0.815,0.661,0.142,0.045,0.578,0.403,0.679,0.935,0.629
212,0.569,0.733,0.758,0.661,0.765,0.885,0.906,0.268,0.501,0.977,0.417,0.993,0.683,0.659,0.628,0.145,0.102,0.422,0.095,0.976,0.718,0.704,0.413,0.958,0.255,0.044,0.646,0.991,0.338,0.746,0.238,0.951,0.752,0.352,0.396,0.02,0.853,0.483,0.865,0.843,0.307,0.027,0.308,0.643,0.564,0.229,0.009,0.849,0.517,0.546,0.885,0.116,0.043,0.968,0.601,0.059,0.914,0.22,0.809,0.729,0.541,0.044,0.111,0.69
214,0.493,0.942,0.41,0.356,0.53,0.146,0.237,0.83,0.863,0.087,0.907,0.86,0.358,0.423,0.481,0.097,0.978,0.187,0.692,0.699,0.375,0.425,0.311,0.688,0.858,0.244,0.89,0.939,0.32,0.984,0.779,0.793,0.022,0.221,0.393,0.319,0.354,0.619,0.908,0.279,0.232,0.417,0.313,0.249,0.548,0.162,0.997,0.668,0.473,0.373,0.623,0.043,0.67,0.837,0.705,0.996,0.233,0.542,0.077,0.944,0.856,0.311,0.884,0.951
216,0.017,0.026,0.051,0.147,0.564,0.31,0.541,0.995,0.892,0.758,0.33,0.187,0.395,0.404,0.515,0.235,0.819,0.124,0.042,0.466,0.487,0.295,0.907,0.129,0.135,0.263,0.892,0.275,0.867,0.093,0.26,0.069,0.941,0.399,0.337,0.298,0.196,0.986,0.033,0.908,0.447,0.805,0.257,0.088,0.846,0.015,0.004,0.347,0.793,0.119,0.354,0.059,0.206,0.636,0.508,0.214,0.257,0.626,0.936,0.824,0.432,0.556,0.869,0.198
218,0.652,0.227,0.861,0.394,0.427,0.008,0.49,0.9,0.916,0.326,0.248,0.499,0.306,0.328,0.984,0.72,0.945,0.326,0.307,0.402,0.379,0.079,0.514,0.091,0.897,0.5,0.241,0.912,0.454,0.813,0.205,0.338,0.974,0.084,0.462,0.861,0.422,0.135,0.387,0.674,0.412,0.875,0.658,0.785,0.467,0.008,0.059,0.884,0.855,0.155,0.569,0.149,0.506,0.672,0.741,0.924,0.079,0.939,0.056,0.967,0.209,0.179,0.457,0.971
220,0.495,0.378,0.234,0.362,0.117,0.163,0.031,0.446,0.824,0.867,0.361,0.929,0.946,0.234,0.7,0.595,0.803,0.977,0.246,0.033,0.878,0.003,0.611,0.833,0.683,0.815,0.891,0.294,0.967,0.676,0.3,0.7,0.482,0.258,0.709,0.475,0.112,0.725,0.236,0.058,0.242,0.671,0.05,0.72,0.348,0.817,0.197,0.052,0.835,0.375,0.502,0.507,0.904,0.28,0.298,0.823,0.83,0.284,0.65,0.216,0.038,0.398,0.901,0.54
222,0.521,0.84,0.63,0.7,0.448,0.238,0.447,0.117,0.351,0.256,0.365,0.598,0.328,0.749,0.184,0.405,0.878,0.948,0.329,0.813,0.971,0.923,0.739,0.167,0.64,0.499,0.205,0.514,0.696,0.112,0.748,0.977,0.632,0.4,0.511,0.833,0.654,0.264,0.812,0.101,0.956,0.208,0.071,0.924,0.682,0.858,0.223,0.034,0.475,0.318,0.656,0.126,0.63,0.883,0.847,0.637,0.829,0.263,0.175,0.665,0.894,0.933,0.093,0.451
224,0.847,0.161,0.232,0.097,0.202,0.578,0.598,0.969,0.499,0.862,0.383,0.285,0.553,0.416,0.615,0.375,0.44,0.937,0.488,0.553,0.368,0.97,0.824,0.832,0.468,0.302,0.98,0.641,0.427,0.483,0.084,0.597,0.22,0.58,0.89,0.362,0.949,0.065,0.826,0.472,0.097,0.322,0.045,0.224,0.828,0.297,0.095,0.357,0.774,0.114,0.77,0.395,0.811,0.179,0.977,0.718,0.768,0.573,0.588,0.016,0.723,0.156,0.793,0.484
226,0.643,0.39,0.771,0.952,0.243,0.437,0.532,0.179,0.695,0.051,0.94,0.454,0.901,0.178,0.955,0.8,0.745,0.164,0.956,0.476,0.392,0.431,0.373,0.547,0.936,0.363,0.328,0.95,0.942,0.899,0.841,0.201,0.551,0.32,0.017,0.081,0.531,0.561,0.867,0.904,0.077,0.577,0.998,0.919,0.831,0.817,0.726,0.64,0.746,0.273,0.754,0.525,0.46,0.027,0.982,0.785,0.77,0.58,0.196,0.54,0.559,0.556,0.442,0.916
228,0.715,0.55,0.618,0.055,0.767,0.561,0.734,0.316,0.293,0.578,0.182,0.441,0.585,0.434,0.207,0.761,0.632,0.365,0.457,0.147,0.251,0.337,0.407,0.235,0.714,0.389,0.151,0.793,0.521,0.95,0.672,0.202,0.686,0.786,0.697,0.873,0.1,0.531,0.86,0.164,0.215,0.177,0.924,0.593,0.231,0.436,0.403,0.874,0.505,0.232,0.117,0.849,0.022,0.814,0.343,0.868,0.117,0.445,0.269,0.992,0.359,0.638,0.519,0.974
230,0.659,0.799,0.283,0.305,0.344,0.014,0.24,0.117,0.998,0.786,0.105,0.766,0.901,0.648,0.124,0.714,0.577,0.815,0.196,0.599,0.181,0.082,0.788,0.538,0.04,0.985,0.21,0.907,0.422,0.038,0.505,0.579,0.587,0.195,0.086,0.326,0.965,0.573,0.289,0.293,0.527,0.623,0.277,0.581,0.975,0.58,0.4,0.419,0.911,0.591,0.742,0.354,0.128,0.223,0.394,0.817,0.742,0.537,0.729,0.504,0.638,0.973,0.33,0.231
232,0.769,0.386,0.894,0.335,0.643,0.065,0.465,0.507,0.507,0.291,0.95,0.725,0.008,0.813,0.056,0.319,0.423,0.401,0.735,0.826,0.542,0.805,0.745,0.618,0.406,0.998,0.463,0.714,0.743,0.38,0.577,0.086,0.307,0.414,0.726,0.179,0.523,0.626,0.321,0.392,0.749,0.519,0.434,0.097,0.965,0.933,0.707,0.732,0.032,0.548,0.108,0.806,0.853,0.945,0.841,0.929,0.335,0.256,0.212,0.63,0.558,0.523,0.822,0.034
234,0.876,0.326,0.717,0.735,0.934,0.297,0.366,0.265,0.05,0.77,0.757,0.439,0.866,0.498,0.568,0.272,0.641,0.154,0.952,0.429,0.011,0.905,0.458,0.15,0.68,0.095,0.048,0.878,0.277,0.888,0.186,0.319,0.25,0.81,0.477,0.176,0.733,0.568,0.443,0.57,0.484,0.167,0.569,0.47,0.508,0.328,0.294,0.322,0.326,0.224,0.492,0.681,0.038,0.002,0.317,0.238,0.2,0.207,0.214,0.102,0.145,0.39,0.068,0.426
236,0.429,0.425,0.973,0.513,0.922,0.161,0.116,0.972,0.95,0.335,0.195,0.469,0.275,0.141,0.831,0.856,0.553,0.326,0.354,0.242,0.57,0.279,0.571,0.062,0.923,0.979,0.856,0.966,0.562,0.632,0.519,0.327,0.956,0.85,0.784,0.319,0.84,0.728,0.431,0.016,0.324,0.71,0.838,0.693,0.486,0.766,0.85,0.327,0.941,0.231,0.784,0.863,0.61,0.722,0.405,0.289,0.988,0.136,0.207,0.958,0.508,0.648,0.914,0.039
238,0.328,0.052,0.782,0.64,0.727,0.323,0.935,0.469,0.237,0.029,0.244,0.807,0.747,0.537,0.889,0.645,0.977,0.849,0.743,0.346,0.8,0.705,0.804,0.371,0.271,0.579,0.989,0.171,0.764,0.193,0.447,0.774,0.099,0.798,0.056,0.594,0.036,0.789,0.042,0.313,0.449,0.343,0.525,0.683,0.949,0.85,0.532,0.62,0.602,0.351,0.424,0.531,0.374,0.708,0.904,0.898,0.367,0.222,0.745,0.272,0.227,0.75,0.31,0.519
240,0.729,0.162,0.206,0.623,0.666,0.015,0.192,0.212,0.567,0.533,0.381,0.612,0.285,0.067,0.694,0.422,0.819,0.304,0.119,0.372,0.525,0.423,0.766,0.103,0.016,0.439,0.278,0.111,0.578,0.331,0.474,0.11,0.831,0.302,0.491,0.168,0.089,0.868,0.977,0.177,0.965,0.957,0.352,0.558,0.896,0.968,0.751,0.616,0.03,0.009,0.33,0.884,0.964,0.708,0.469,0.999,0.122,0.464,0.816,0.498,0.245,0.448,0.039,0.174
242,0.178,0.514,0.535,0.689,0.629,0.654,0.733,0.888,0.642,0.158,0.41,0.871,0.583,0.561,0.957,0.306,0.962,0.651,0.33,0.112,0.183,0.24,0.281,0.543,0.374,0.538,0.315,0.022,0.456,0.316,0.867,0.889,0.713,0.181,0.602,0.052,0.374,0.074,0.53,0.27,0.704,0.884,0.748,0.123,0.118,0.457,0.516,0.293,0.901,0.635,0.268,0.161,0.318,0.273,0.487,0.327,0.256,0.825,0.826,0.597,0.045,0.119,0.616,0.273
244,0.523,0.215,0.82,0.518,0.189,0.61,0.369,0.401,0.253,0.964,0.647,0.313,0.139,0.742,0.956,0.673,0.598,0.285,0.063,0.064,0.457,0.162,0.98,0.308,0.992,0.273,0.242,0.619,0.516,0.111,0.863,0.189,0.232,0.599,0.272,0.486,0.551,0.252,0.506,0.693,0.388,0.327,0.777,0.107,0.572,0.662,0.507,0.648,0.321,0.794,0.564,0.327,0.346,0.57,0.116,0.804,0.726,0.084,0.875,0.956,0.298,0.409,0.71,0.141
246,0.595,0.265,0.233,0.888,0.604,0.862,0.068,0.711,0.101,0.113,0.37,0.542,0.878,0.263,0.866,0.768,0.849,0.907,0.558,0.608,0.278,0.046,0.705,0.723,0.3,0.215,0.914,0.868,0.981,0.694,0.87,0.618,0.183,0.926,0.836,0.48,0.739,0.881,0.403,0.52,0.388,0.206,0.578,0.148,0.833,0.424,0.914,0.175,0.113,0.379,0.393,0.457,0.305,0.959,0.513,0.117,0.41,0.731,0.333,0.168,0.643,0.086,0.256,0.833
248,0.893,0.116,0.919,0.776,0.879,0.851,0.89,0.59,0.877,0.045,0.409,0.026,0.764,0.621,0.342,0.175,0.076,0.754,0.394,0.901,0.388,0.848,0.561,0.013,0.949,0.904,0.306,0.034,0.699,0.298,0.425,0.956,0.246,0.924,0.146,0.208,0.662,0.572,0.583,0.73,0.372,0.634,0.965,0.516,0.0,0.73,0.701,0.321,0.139,0.256,0.185,0.952,0.649,0.771,0.218,0.708,0.672,0.968,0.586,0.821,0.428,0.028,0.4,0.644
250,0.31,0.375,0.284,0.753,0.038,0.238,0.129,0.467,0.488,0.802,0.193,0.574,0.371,0.877,0.903,0.258,0.508,0.405,0.673,0.659,0.548,0.623,0.033,0.017,0.082,0.256,0.662,0.702,0.032,0.03,0.531,0.915,0.964,0.104,0.581,0.416,0.023,0.744,0.542,0.721,0.972,0.283,0.82,0.064,0.87,0.287,0.801,0.825,0.332,0.897,0.277,0.245,0.797,0.274,0.621,0.86,0.286,0.863,0.326,0.494,0.336,0.688,0.573,0.957
252,0.712,0.114,0.931,0.321,0.165,0.966,0.775,0.574,0.202,0.881,0.155,0.803,0.777,0.564,0.814,0.173,0.917,0.385,0.262,0.247,0.163,0.025,0.953,0.931,0.841,0.403,0.107,0.361,0.939,0.464,0.479,0.347,0.344,0.684,0.649,0.899,0.561,0.657,0.16,0.496,0.063,0.382,0.848,0.516,0.862,0.375,0.197,0.881,0.958,0.661,0.589,0.165,0.358,0.28,0.43,0.073,0.577,0.74,0.316,0.487,0.495,0.132,0.039,0.969
254,0.543,0.686,0.814,0.05,0.152,0.772,0.917,0.748,0.159,0.974,0.485,0.004,0.677,0.906,0.961,0.66,0.325,0.414,0.278,0.522,0.197,0.173,0.091,0.633,0.509,0.789,0.938,0.598,0.116,0.583,0.572,0.871,0.178,0.878,0.613,0.433,0.547,0.122,0.72,0.419,0.86,0.138,0.847,0.435,0.035,0.277,0.545,0.608,0.629,0.188,0.757,0.272,0.403,0.457,0.645,0.578,0.389,0.484,0.949,0.104,0.076,0.711,0.197,0.251
256,0.151,0.505,0.814,0.415,0.991,0.144,0.052,0.016,0.721,0.928,0.212,0.477,0.161,0.162,0.308,0.16,0.344,0.935,0.485,0.342,0.821,0.591,0.998,0.767,0.961,0.362,0.368,0.137,0.792,0.241,0.566,0.008,0.715,0.97,0.463,0.172,0.358,0.339,0.048,0.478,0.465,0.342,0.432,0.736,0.562,0.489,0.098,0.385,0.536,0.871,0.218,0.155,0.433,0.678,0.186,0.308,0.863,0.529,0.778,0.217,0.97,0.331,0.188,0.048
258,0.222,0.891,0.46,0.176,0.415,0.221,0.667,0.709,0.183,0.333,0.304,0.427,0.533,0.832,0.024,0.07,0.536,0.163,0.542,0.748,0.287,0.591,0.702,0.298,0.902,0.734,0.029,0.108,0.732,0.15,0.069,0.681,0.626,0.017,0.581,0.433,0.039,0.327,0.172,0.383,0.492,0.712,0.131,0.823,0.397,0.624,0.395,0.781,0.178,0.188,0.423,0.058,0.49,0.465,0.075,0.296,0.009,0.233,0.305,0.089,0.116,0.866,0.255,0.689
260,0.179,0.275,0.079,0.336,0.43,0.995,0.937,0.162,0.253,0.637,0.909,0.629,0.5,0.716,0.591,0.186,0.522,0.852,0.227,0.646,0.605,0.894,0.612,0.484,0.338,0.324,0.15,0.909,0.837,0.013,0.415,0.334,0.723,0.215,0.87,0.914,0.901,0.359,0.379,0.76,0.101,0.523,0.986,0.734,0.426,0.891,0.553,0.492,0.163,0.467,0.97,0.479,0.068,0.374,0.084,0.578,0.662,0.73,0.295,0.184,0.621,0.983,0.463,0.324
262,0.586,0.61,0.921,0.902,0.504,0.793,0.44,0.664,0.085,0.366,0.671,0.936,0.67,0.807,0.888,0.264,0.394,0.706,0.131,0.364,0.413,0.031,0.816,0.126,0.171,0.036,0.518,0.762,0.345,0.412,0.848,0.985,0.975,0.152,0.679,0.824,0.323,0.984,0.095,0.65,0.717,0.267,0.784,0.432,0.931,0.544,0.256,0.247,0.536,0.883,0.789,0.683,0.289,0.107,0.317,0.362,0.235,0.112,0.058,0.717,0.223,0.202,0.978,0.914
264,0.534,0.372,0.675,0.14,0.223,0.322,0.404,0.056,0.507,0.88,0.177,0.167,0.327,0.186,0.509,0.46,0.872,0.015,0.247,0.275,0.664,0.228,0.407,0.665,0.622,0.13,0.543,0.352,0.249,0.753,0.364,0.607,0.26,0.844,0.553,0.437,0.999,0.336,0.548,0.411,0.718,0.364,0.277,0.658,0.46,0.745,0.814,0.283,0.326,0.005,0.853,0.012,0.807,0.618,0.154,0.332,0.198,0.818,0.491,0.778,0.392,0.693,0.288,0.025
266,0.673,0.319,0.874,0.567,0.436,0.866,0.576,0.486,0.825,0.506,0.251,0.424,0.237,0.242,0.852,0.011,0.547,0.49,0.072,0.696,0.302,0.494,0.309,0.59,0.659,0.146,0.555,0.66,0.319,0.212,0.829,0.443,0.879,0.964,0.908,0.571,0.966,0.283,0.223,0.844,0.947,0.297,0.601,0.378,0.738,0.538,0.947,0.75,0.601,0.824,0.628,0.284,0.371,0.811,0.874,0.62,0.745,0.724,0.234,0.638,0.507,0.541,0.095,0.059
268,0.162,0.339,0.628,0.174,0.902,0.358,0.184,0.487,0.014,0.688,0.214,0.481,0.944,0.182,0.965,0.169,0.111,0.302,0.158,0.314,0.785,0.876,0.206,0.943,0.314,0.428,0.8,0.525,0.071,0.393,0.821,0.34,0.54,0.909,0.463,0.159,0.031,0.381,0.729,0.252,0.906,0.391,0.52,0.498,0.338,0.982,0.03,0.469,0.486,0.585,0.273,0.499,0.963,0.854,0.024,0.856,0.495,0.658,0.817,0.902,0.552,0.902,0.635,0.741
270,0.733,0.301,0.166,0.904,0.729,0.973,0.61,0.404,0.333,0.873,0.263,0.862,0.376,0.723,0.921,0.896,0.801,0.446,0.593,0.718,0.772,0.24,0.64,0.731,0.379,0.281,0.308,0.051,0.11,0.672,0.925,0.734,0.297,0.031,0.732,0.627,0.564,0.603,0.931,0.38,0.519,0.832,0.404,0.8,0.978,0.689,0.53,0.062,0.806,0.331,0.464,0.739,0.742,0.349,0.753,0.002,0.862,0.68,0.114,0.966,0.003,0.815,0.345,0.717
272,0.992,0.786,0.578,0.81,0.665,0.839,0.334,0.585,0.321,0.288,0.297,0.267,0.663,0.877,0.705,0.315,0.508,0.725,0.115,0.358,0.922,0.734,0.141,0.496,0.903,0.887,0.867,0.312,0.846,0.938,0.226,0.731,0.144,0.593,0.915,0.275,0.439,0.986,0.536,0.474,0.625,0.088,0.655,0.477,0.073,0.934,0.527,0.416,0.424,0.502,0.154,0.646,0.499,0.998,0.009,0.242,0.443,0.749,0.432,0.191,0.161,0.236,0.648,0.136
274,0.401,0.027,0.72,0.149,0.401,0.405,0.832,0.169,0.422,0.22,0.976,0.889,0.401,0.082,0.077,0.103,0.413,0.579,0.045,0.651,0.491,0.284,0.502,0.3,0.057,0.084,0.256,0.257,0.985,0.946,0.693,0.406,0.472,0.085,0.72,0.276,0.634,0.243,0.898,0.83,0.284,0.482,0.55,0.517,0.964,0.393,0.486,0.62,0.418,0.659,0.889,0.684,0.854,0.417,0.914,0.758,0.429,0.729,0.709,0.018,0.902,0.687,0.108,0.576
276,0.763,0.999,0.494,0.539,0.245,0.535,0.038,0.791,0.107,0.981,0.25,0.013,0.778,0.984,0.422,0.578,0.596,0.107,0.243,0.513,0.148,0.357,0.689,0.114,0.315,0.285,0.006,0.319,0.293,0.094,0.342,0.551,0.953,0.6,0.043,0.796,0.547,0.706,0.875,0.959,0.299,0.747,0.82,0.085,0.863,0.861,0.802,0.004,0.621,0.693,0.904,0.062,0.813,0.539,0.484,0.051,0.597,0.149,0.904,0.927,0.195,0.766,0.437,0.398
278,0.233,0.007,0.103,0.784,0.033,0.505,0.613,0.133,0.955,0.084,0.458,0.646,0.135,0.502,0.934,0.429,0.371,0.076,0.842,0.197,0.943,0.614,0.342,0.741,0.74,0.354,0.67,0.021,0.663,0.472,0.975,0.236,0.583,0.862,0.687,0.14,0.449,0.985,0.356,0.241,0.704,0.209,0.932,0.601,0.18,0.353,0.582,0.889,0.194,0.465,0.803,0.188,0.042,0.138,0.953,0.886,0.305,0.698,0.439,0.174,0.054,0.339,0.556,0.656
280,0.232,0.859,0.147,0.111,0.554,0.867,0.488,0.273,0.847,0.346,0.704,0.874,0.636,0.213,0.38,0.046,0.366,0.578,0.848,0.302,0.919,0.921,0.972,0.036,0.312,0.837,0.108,0.867,0.65,0.729,0.064,0.188,0.374,0.296,0.291,0.085,0.595,0.595,0.112,0.244,0.243,0.84,0.045,0.768,0.293,0.815,0.465,0.439,0.638,0.882,0.984,0.399,0.519,0.278,0.995,0.147,0.149,0.421,0.427,0.037,0.614,0.266,0.867,0.373
282,0.822,0.67,0.15,0.158,0.307,0.088,0.177,0.067,0.447,0.823,0.452,0.81,0.837,0.775,0.161,0.504,0.405,0.263,0.539,0.714,0.898,0.805,0.844,0.29,1.0,0.498,0.721,0.83,0.474,0.327,0.593,0.395,0.472,0.814,0.331,0.738,0.257,0.316,0.162,0.51,0.586,0.533,0.136,0.726,0.851,0.717,0.957,0.569,0.376,0.433,0.322,0.661,0.271,0.686,0.087,0.165,0.089,0.908,0.603,0.944,0.642,0.542,0.073,0.754
284,0.165,0.881,0.57,0.476,0.212,0.05,0.577,0.975,0.266,0.866,0.89,0.214,0.553,0.903,0.287,0.123,0.819,0.643,0.245,0.892,0.508,0.689,0.036,0.221,0.999,0.159,0.681,0.871,0.191,0.462,0.936,0.793,0.606,0.686,0.823,0.317,0.476,0.624,0.146,0.497,0.615,0.119,0.737,0.33,0.071,0.483,0.987,0.167,0.819,0.512,0.691,0.768,0.193,0.134,0.293,0.483,0.517,0.482,0.933,0.164,0.909,0.353,0.57,0.356
286,0.497,0.627,0.13,0.832,0.963,0.982,0.02,0.913,0.471,0.093,0.048,0.18,0.521,0.872,0.349,0.295,0.879,0.246,0.593,0.66,0.598,0.748,0.577,0.061,0.642,0.14,0.853,0.635,0.581,0.42,0.539,0.73,0.149,0.211,0.271,0.636,0.04,0.707,0.346,0.721,0.916,0.162,0.158,0.846,0.152,0.683,0.751,0.794,0.717,0.263,0.696,0.036,0.386,0.363,0.98,0.283,0.657,0.256,0.204,0.444,0.861,0.735,0.513,0.116
288,0.925,0.217,0.723,0.623,0.14,0.254,0.288,0.945,0.323,0.326,0.789,0.792,0.289,0.646,0.453,0.703,0.9,0.403,0.553,0.383,0.077,0.358,0.118,0.678,0.87,0.218,0.989,0.706,0.712,0.869,0.725,0.069,0.874,0.909,0.749,0.103,0.981,0.513,0.968,0.722,0.227,0.0,0.992,0.801,0.46,0.592,0.782,0.857,0.183,0.49,0.866,0.497,0.011,0.641,0.859,0.578,0.481,0.306,0.81,0.183,0.765,0.993,0.739,0.955
290,0.231,0.206,0.652,0.328,0.677,0.819,0.533,0.749,0.747,0.795,0.537,0.997,0.232,0.879,0.063,0.621,0.166,0.351,0.244,0.601,0.833,0.327,0.963,0.65,0.203,0.156,0.288,0.477,0.169,0.844,0.214,0.768,0.439,0.036,0.976,0.082,0.858,0.448,0.778,0.514,0.693,0.878,0.61,0.913,0.142,0.593,0.984,0.194,0.225,0.079,0.773,0.254,0.121,0.879,0.544,0.476,0.711,0.775,0.613,0.89,0.343,0.874,0.586,0.329
292,0.744,0.89,0.024,0.425,0.778,0.135,0.952,0.683,0.887,0.123,0.467,0.215,0.178,0.985,0.858,0.947,0.869,0.602,0.077,0.252,0.828,0.194,0.322,0.762,0.589,0.558,0.189,0.411,0.347,0.819,0.645,0.691,0.267,0.398,0.22,0.241,0.406,0.468,0.13,0.833,0.749,0.841,0.181,0.962,0.154,0.198,0.804,0.372,0.823,0.074,0.435,0.24,0.052,0.738,0.078,0.91,0.854,0.353,0.264,0.293,0.586,0.476,0.701,0.142
294,0.269,0.429,0.754,0.864,0.079,0.113,0.828,0.907,0.083,0.741,0.888,0.726,0.767,0.283,0.661,0.416,0.935,0.415,0.026,0.986,0.776,0.895,0.952,0.813,0.795,0.033,0.435,0.076,0.177,0.752,0.175,0.245,0.61,0.47,0.986,0.23,0.942,0.211,0.075,0.998,0.028,0.542,0.442,0.373,0.657,0.757,0.464,0.325,0.76,0.24,0.763,0.777,0.773,0.574,0.641,0.209,0.382,0.715,0.364,0.633,0.085,0.223,0.816,0.66
296,0.069,0.302,0.491,0.575,0.188,0.558,0.745,0.689,0.33,0.658,0.855,0.486,0.901,0.025,0.098,0.016,0.665,0.348,0.191,0.204,0.917,0.198,0.713,0.501,0.845,0.43,0.909,0.991,0.899,0.87,0.47,0.37,0.095,0.415,0.422,0.879,0.379,0.148,0.518,0.011,0.385,0.893,0.126,0.469,0.898,0.615,0.642,0.917,0.568,0.282,0.113,0.558,0.792,0.677,0.998,0.814,0.481,0.578,0.779,0.545,0.244,0.353,0.802,0.184
298,0.381,0.179,0.783,0.527,0.384,0.947,0.56,0.835,0.22,0.049,0.454,0.205,0.262,0.654,0.938,0.994,0.723,0.723,0.17,0.368,0.071,0.753,0.111,0.744,0.104,0.238,0.586,0.159,0.034,0.247,0.771,0.073,0.558,0.523,0.254,0.684,0.31,0.785,0.499,0.647,0.118,0.332,0.497,0.202,0.322,0.749,0.464,0.054,0.945,0.219,0.526,0.667,0.451,0.534,0.749,0.588,0.785,0.4,0.529,0.977,0.267,0.603,0.9,0.334
300,0.655,0.104,0.702,0.352,0.794,0.686,0.872,0.395,0.78,0.397,0.104,0.905,0.113,0.725,0.202,0.731,0.582,0.855,0.791,0.656,0.749,0.11,0.475,0.166,0.737,0.05,0.313,0.271,0.939,0.514,0.476,0.571,0.89,0.243,0.174,0.192,0.898,0.53,0.565,0.436,0.357,0.693,0.522,0.221,0.895,0.997,0.169,0.593,0.758,0.276,0.46,0.171,0.622,0.956,0.33,0.551,0.105,0.856,0.392,0.273,0.113,0.037,0.816,0.651
302,0.097,0.055,0.374,0.694,0.306,0.411,0.284,0.149,0.041,0.473,0.195,0.541,0.528,0.327,0.379,0.127,0.041,0.538,0.648,0.927,0.652,0.665,0.479,0.906,0.849,0.307,0.927,0.805,0.515,0.861,0.625,0.375,0.54,0.489,0.573,0.769,0.299,0.19,0.131,0.722,0.627,0.634,0.784,0.627,0.02,0.099,0.165,0.591,0.866,0.766,0.476,0.128,0.113,0.671,0.738,0.958,0.75,0.614,0.103,0.659,0.337,0.5,0.991,0.477
304,0.014,0.013,0.749,0.194,0.86,0.998,0.804,0.982,0.011,0.555,0.677,0.23,0.787,0.404,0.104,0.588,0.106,0.195,0.545,0.773,0.316,0.688,0.069,0.62,0.681,0.927,0.983,0.745,0.078,0.569,0.592,0.882,0.847,0.794,0.801,0.871,0.655,0.261,0.444,0.585,0.045,0.032,0.608,0.594,0.309,0.459,0.495,0.187,0.48,0.934,0.317,0.283,0.856,0.333,0.733,0.558,0.272,0.884,0.343,0.568,0.541,0.018,0.439,0.887
306,0.443,0.378,0.591,0.895,0.126,0.348,0.624,0.564,0.539,0.221,0.996,0.378,0.902,0.851,0.188,0.97,0.415,0.497,0.941,0.034,0.133,0.73,0.101,0.582,0.036,0.485,0.174,0.733,0.806,0.601,0.602,0.077,0.391,0.871,0.227,0.573,0.283,0.485,0.139,0.198,0.147,0.176,0.661,0.522,0.149,0.041,0.561,0.807,0.371,0.38,0.221,0.259,0.378,0.597,0.931,0.647,0.698,0.236,0.97,0.177,0.151,0.7,0.147,0.153
308,0.252,0.353,0.59,0.356,0.871,0.586,0.168,0.579,0.608,0.145,0.037,0.95,0.449,0.738,0.915,0.792,0.403,0.962,0.028,0.208,0.144,0.408,0.495,0.406,0.551,0.324,0.623,0.841,0.319,0.002,0.146,0.712,0.927,0.413,0.823,0.145,0.191,0.49,0.104,0.168,0.225,0.189,0.614,0.795,0.034,0.545,0.26,0.958,0.042,0.069,0.756,0.855,0.595,0.783,0.239,0.519,0.261,0.179,0.539,0.562,0.344,0.866,0.162,0.49
310,0.737,0.429,0.517,0.499,0.891,0.062,0.46,0.39,0.864,0.029,0.735,0.317,0.333,0.318,0.121,0.728,0.977,0.257,0.875,0.031,0.306,0.305,0.124,0.619,0.576,0.908,0.278,0.591,0.972,0.844,0.799,0.265,0.112,0.103,0.575,0.095,0.194,0.418,0.129,0.144,0.673,0.333,0.066,0.262,0.891,0.651,0.998,0.433,0.895,0.747,0.091,0.256,0.396,0.013,0.193,0.393,0.974,0.233,0.718,0.005,0.265,0.308,0.245,0.827
312,0.436,0.692,0.978,0.228,0.566,0.891,0.457,0.323,0.42,0.082,0.176,0.767,0.565,0.467,0.761,0.975,0.823,0.479,0.199,0.458,0.143,0.873,0.871,0.747,0.184,0.357,0.874,0.634,0.037,0.78,0.037,0.602,0.272,0.013,0.008,0.454,0.365,0.021,0.394,0.94,0.982,0.574,0.938,0.065,0.298,0.995,0.915,0.31,0.506,0.408,0.95,0.991,0.281,0.068,0.648,0.312,0.808,0.209,0.685,0.005,0.364,0.279,0.305,0.126
314,0.28,0.121,0.485,0.421,0.201,0.941,0.343,0.609,0.303,0.934,0.46,0.527,0.081,0.547,0.096,0.274,0.932,0.057,0.498,0.396,0.242,0.778,0.707,0.162,0.634,0.015,0.137,0.184,0.559,0.358,0.053,0.865,0.894,0.786,0.205,0.191,0.841,0.523,0.224,0.728,0.435,0.544,0.668,0.117,0.326,0.775,0.421,0.696,0.442,0.317,0.443,0.48,0.266,0.299,0.5,0.259,0.56,0.935,0.812,0.608,0.141,0.728,0.245,0.274
316,0.632,0.065,0.802,0.876,0.382,0.885,0.769,0.794,0.707,0.18,0.204,0.502,0.061,0.917,0.362,0.977,0.704,0.471,0.94,0.772,0.536,0.537,0.0,0.504,0.06,0.622,0.121,0.161,0.96,0.669,0.228,0.321,0.573,0.988,0.987,0.585,0.056,0.074,0.229,0.336,0.185,0.462,0.76,0.623,0.72,0.279,0.298,0.618,0.147,0.599,0.474,0.735,0.252,0.551,0.597,0.346,0.111,0.547,0.363,0.27,0.463,0.751,0.982,0.064
318,0.559,0.096,0.13,0.57,0.059,0.156,0.885,0.303,0.529,0.939,0.169,0.282,0.274,0.884,0.417,0.306,0.992,0.607,0.268,0.601,0.509,0.757,0.195,0.511,0.067,0.281,0.443,0.14,0.493,0.12,0.27,0.052,1.0,0.951,0.566,0.258,0.943,0.537,0.773,0.182,0.78,0.5,0.478,0.017,0.772,0.924,0.738,0.009,0.919,0.079,0.949,0.279,0.167,0.109,0.667,0.945,0.342,0.764,0.465,0.375,0.696,0.95,0.823,0.233
320,0.406,0.447,0.664,0.56,0.828,0.896,0.992,0.628,0.54,0.581,0.577,0.708,0.98,0.235,0.612,0.425,0.589,0.625,0.169,0.154,0.529,0.008,0.548,0.975,0.606,0.981,0.159,0.613,0.895,0.51,0.485,0.147,0.978,0.451,0.186,0.77,0.683,0.405,0.075,0.547,0.539,0.644,0.231,0.541,0.492,0.113,0.427,0.472,0.704,0.751,0.73,0.655,0.141,0.454,0.637,0.009,0.718,0.816,0.93,0.145,0.31,0.922,0.373,0.335
322,0.483,0.202,0.971,0.21,0.152,0.386,0.443,0.363,0.721,0.262,0.818,0.407,0.098,0.49,0.408,0.763,0.814,0.08,0.454,0.645,0.621,0.645,0.286,0.837,0.165,0.645,0.393,0.658,0.039,0.088,0.823,0.796,0.914,0.478,0.035,0.625,0.016,0.816,0.907,0.9,0.619,0.898,0.317,0.531,0.071,0.293,0.162,0.867,0.461,0.72,0.408,0.938,0.605,0.701,0.471,0.196,0.747,0.296,0.973,0.011,0.631,0.173,0.301,0.442
324,0.908,0.824,0.123,0.042,0.47,0.933,0.742,0.142,0.988,0.3,0.866,0.416,0.404,0.625,0.443,0.521,0.098,0.798,0.228,0.901,0.738,0.914,0.061,0.173,0.668,0.521,0.643,0.916,0.855,0.238,0.893,0.715,0.455,0.689,0.381,0.105,0.146,0.561,0.108,0.681,0.245,0.861,0.617,0.863,0.931,0.76,0.468,0.162,0.611,0.817,0.006,0.07,0.762,0.777,0.579,0.527,0.168,0.774,0.21,0.016,0.583,0.282,0.009,0.056
326,0.519,0.86,0.782,0.646,0.51,0.761,0.118,0.037,0.887,0.211,0.719,0.725,0.305,0.239,0.189,0.273,0.971,0.451,0.852,0.942,0.603,0.996,0.892,0.869,0.488,0.143,0.137,0.06,0.602,0.316,0.526,0.72,0.628,0.772,0.344,0.181,0.746,0.304,0.064,0.659,0.192,0.24,0.589,0.805,0.235,0.275,0.359,0.188,0.872,0.019,0.763,0.765,0.149,0.75,0.791,0.659,0.656,0.074,0.059,0.972,0.311,0.968,0.401,0.97
328,0.937,0.54,0.5,0.257,0.718,0.022,0.496,0.871,0.611,0.034,0.818,0.258,0.962,0.103,0.864,0.147,0.045,0.412,0.626,0.303,0.186,0.114,0.992,0.645,0.274,0.892,0.001,0.963,0.022,0.82,0.882,0.111,0.523,0.421,0.585,0.59,0.568,0.806,0.624,0.046,0.984,0.41,0.415,0.264,0.392,0.969,0.179,0.063,0.182,0.681,0.305,0.688,0.122,0.229,0.727,0.757,0.767,0.782,0.56,0.828,0.665,0.7,0.509,0.739
330,0.773,0.726,0.602,0.946,0.426,0.778,0.502,0.336,0.901,0.893,0.679,0.732,0.436,0.794,0.975,0.089,0.117,0.797,0.919,0.251,0.53,0.916,0.418,0.05,0.069,0.946,0.848,0.745,0.037,0.611,0.559,0.847,0.886,0.146,0.201,0.99,0.157,0.997,0.993,0.106,0.382,0.426,0.666,0.424,0.922,0.015,0.468,0.752,0.116,0.586,0.679,0.448,0.859,0.046,0.601,0.669,0.423,0.646,0.537,0.741,0.732,0.985,0.595,0.403
332,0.663,0.187,0.692,0.442,0.911,0.758,0.213,0.765,0.262,0.615,0.148,0.868,0.724,0.441,0.897,0.16,0.933,0.117,0.299,0.454,0.586,0.176,0.371,0.655,0.595,0.593,0.589,0.363,0.699,0.961,0.328,0.08,0.089,0.214,0.497,0.475,0.122,0.925,0.604,0.836,0.507,0.411,0.833,0.19,0.294,0.708,0.827,0.637,0.162,0.251,0.79,0.266,0.26,0.851,0.247,0.16,0.193,0.472,0.668,0.343,0.267,0.614,0.796,0.297
334,0.782,0.901,0.968,0.817,0.454,0.642,0.286,0.029,0.046,0.412,0.316,0.125,0.17,0.576,0.621,0.851,0.596,0.907,0.482,0.613,0.202,0.036,0.476,0.14,0.609,0.264,0.384,0.659,0.069,0.718,0.725,0.114,0.161,0.975,0.727,0.758,0.311,0.698,0.24,0.903,0.279,0.003,0.082,0.215,0.92,0.264,0.924,0.76,0.822,0.123,0.564,0.851,0.756,0.157,0.857,0.116,0.583,0.767,0.878,0.517,0.396,0.755,0.097,0.629
336,0.505,0.942,0.459,0.009,0.825,0.287,0.141,0.232,0.81,0.699,0.464,0.067,0.47,0.559,0.088,0.922,0.835,0.392,0.909,0.59,0.82,0.33,0.636,0.618,0.899,0.852,0.715,0.646,0.914,0.248,0.64,0.342,0.725,0.092,0.609,0.453,0.056,0.676,0.28,0.678,0.592,0.138,0.552,0.679,0.457,0.972,0.858,0.345,0.079,0.906,0.354,0.019,0.809,0.23,0.007,0.38,0.677,0.346,0.741,0.169,0.875,0.031,0.058,0.525
338,0.88,0.731,0.564,0.416,0.064,0.288,0.263,0.081,0.338,0.9,0.527,0.542,0.216,0.596,0.003,0.76,0.134,0.868,0.088,0.67,0.861,0.293,0.39,0.93,0.847,0.039,0.44,0.292,0.957,0.974,0.182,0.064,0.855,0.816,0.21,0.621,0.756,0.374,0.479,0.089,0.668,0.692,0.178,0.193,0.693,0.865,0.339,0.104,0.932,0.954,0.084,0.783,0.423,0.284,0.554,0.646,0.531,0.212,0.352,0.889,0.208,0.665,0.282,0.655
340,0.503,0.063,0.446,0.746,0.131,0.716,0.979,0.272,0.991,0.801,0.983,0.949,0.44,0.297,0.042,0.268,0.755,0.692,0.258,0.602,0.727,0.548,0.539,0.833,0.296,0.744,0.798,0.626,0.323,0.356,0.311,0.207,0.025,0.801,0.531,0.322,0.262,0.082,0.909,0.827,0.512,0.434,0.79,0.239,0.645,0.145,0.319,0.674,0.782,0.153,0.538,0.019,0.288,0.647,0.502,0.19,0.199,0.74,0.467,0.532,0.376,0.749,0.095,0.411
342,0.076,0.0,0.301,0.443,0.547,0.368,0.272,0.483,0.066,0.339,0.558,0.811,0.097,0.594,0.73,0.283,0.04,0.13,0.764,0.492,0.634,0.569,0.719,0.264,0.233,0.731,0.622,0.621,0.099,0.755,0.647,0.22,0.159,0.691,0.101,0.667,0.621,0.932,0.837,0.953,0.0,0.797,0.351,0.068,0.148,0.696,0.511,0.054,0.747,0.172,0.416,0.043,0.518,0.932,0.02,0.67,0.191,0.898,0.532,0.805,0.475,0.132,0.113,0.049
344,0.767,0.094,0.656,0.675,0.125,0.186,0.006,0.77,0.445,0.761,0.199,0.958,0.265,0.346,0.692,0.408,0.651,0.485,0.356,0.505,0.338,0.579,0.253,0.142,0.562,0.847,0.924,0.251,0.801,0.846,0.846,0.885,0.967,0.967,0.068,0.009,0.94,0.657,0.455,0.196,0.579,0.182,0.861,0.593,0.023,0.805,0.484,0.661,0.014,0.436,0.512,0.472,0.243,0.368,0.666,0.43,0.658,0.875,0.176,0.297,0.242,0.217,0.898,0.565
346,0.463,0.79,0.392,0.83,0.378,0.42,0.838,0.126,0.044,0.17,0.764,0.407,0.643,0.006,0.217,0.223,0.89,0.864,0.812,0.114,0.426,0.88,0.862,0.502,0.826,0.012,0.209,0.258,0.618,0.075,0.927,0.12,0.683,0.211,0.371,0.631,0.438,0.001,0.812,0.601,0.624,0.183,0.588,0.281,0.344,0.87,0.318,0.094,0.2,0.015,0.165,0.338,0.869,0.747,0.803,0.942,0.522,0.476,0.269,0.478,0.815,0.373,0.149,0.623
348,0.66,0.026,0.979,0.127,0.773,0.937,0.274,0.953,0.811,0.171,0.35,0.066,0.931,0.899,0.63,0.613,0.235,0.36,0.654,0.634,0.514,0.265,0.777,0.494,0.597,0.448,0.042,0.477,0.248,0.51,0.851,0.892,0.468,0.97,0.193,0.583,0.907,0.908,0.247,0.245,0.263,0.617,0.097,0.61,0.53,0.819,0.248,0.468,0.865,0.315,0.648,0.984,0.968,0.75,0.84,0.346,0.901,0.771,0.33,0.619,0.683,0.949,0.934,0.849
350,0.383,0.436,0.557,0.076,0.355,0.405,0.475,0.799,0.095,0.393,0.201,0.879,0.568,0.305,0.105,0.31,0.996,0.814,0.972,0.217,0.376,0.816,0.793,0.196,0.373,0.276,0.069,0.583,0.265,0.716,0.609,0.959,0.967,0.904,0.79,0.874,0.277,0.092,0.134,0.109,0.401,0.043,0.225,0.426,0.229,0.429,0.375,0.359,0.815,0.692,0.453,0.655,0.717,0.673,0.322,0.24,0.321,0.309,0.657,0.425,0.16,0.615,0.082,0.118
352,0.973,0.095,0.498,0.483,0.834,0.8,0.494,0.207,0.752,0.415,0.009,0.667,0.557,0.893,0.816,0.382,0.441,0.192,0.482,0.763,0.475,0.622,0.251,0.862,0.928,0.789,0.018,0.724,0.423,0.763,0.926,0.587,0.71,0.797,0.37,0.396,0.722,0.794,0.635,0.384,0.171,0.152,0.965,0.827,0.792,0.568,0.718,0.784,0.436,0.301,0.294,0.314,0.295,0.887,0.818,0.815,0.893,0.426,0.192,0.772,0.986,0.817,0.071,0.551
354,0.561,0.774,0.231,0.996,0.949,0.442,0.805,0.276,0.016,0.831,0.959,0.371,0.792,0.085,0.306,0.996,0.36,0.66,0.024,0.745,0.311,0.36,0.223,0.925,0.147,0.808,0.92,0.284,0.195,0.402,0.012,0.63,0.26,0.18,0.961,0.251,0.427,0.461,0.822,0.679,0.123,0.691,0.86,0.18,0.702,0.013,0.891,0.153,0.833,0.653,0.467,0.901,0.214,0.38,0.216,0.611,0.556,0.638,0.606,0.05,0.312,0.079,0.874,0.867
356,0.4,0.057,0.571,0.019,0.513,0.974,0.33,0.015,0.011,0.61,0.919,0.268,0.833,0.651,0.204,0.376,0.88,0.248,0.407,0.539,0.046,0.136,0.172,0.485,0.994,0.715,0.643,0.795,0.44,0.955,0.697,0.383,0.575,0.194,0.286,0.345,0.356,0.913,0.981,0.041,0.354,0.567,0.042,0.736,0.029,0.767,0.737,0.409,0.745,0.656,0.021,0.074,0.277,0.697,0.503,0.473,0.511,0.522,0.408,0.372,0.726,0.387,0.702,0.331
358,0.866,0.204,0.572,0.395,0.719,0.074,0.828,0.447,0.945,0.427,0.181,0.659,0.881,0.671,0.94,0.592,0.594,0.145,0.871,0.371,0.885,0.131,0.847,0.034,0.043,0.144,0.394,0.773,0.013,0.26,0.459,0.89,0.139,0.134,0.109,0.972,0.343,0.344,0.913,0.742,0.819,0.134,0.56,0.942,0.874,0.684,0.034,0.065,0.515,0.974,0.832,0.835,0.134,0.005,0.849,0.26,0.918,0.059,0.514,0.972,0.898,0.973,0.646,0.751
360,0.711,0.219,0.357,0.512,0.001,0.369,0.592,0.833,0.69,0.734,0.208,0.655,0.247,0.123,0.021,0.861,0.358,0.182,0.542,0.815,0.33,0.615,0.673,0.394,0.033,0.729,0.701,0.928,0.968,0.996,0.795,0.146,0.665,0.105,0.275,0.124,0.311,0.183,0.037,0.392,0.06,0.192,0.004,0.2,0.42,0.663,0.826,0.897,0.917,0.922,0.249,0.395,0.508,0.964,0.009,0.916,0.352,0.042,0.196,0.766,0.79,0.032,0.289,0.016
362,0.532,0.156,0.891,0.425,0.388,0.608,0.321,0.577,0.052,0.907,0.683,0.938,0.544,0.999,0.965,0.932,0.489,0.158,0.31,0.554,0.353,0.046,0.955,0.329,0.121,0.316,0.791,0.106,0.599,0.946,0.633,0.276,0.11,0.962,0.885,0.783,0.704,0.97,0.55,0.353,0.407,0.218,0.537,0.971,0.373,0.636,0.727,0.24,0.541,0.752,0.628,0.834,0.291,0.404,0.907,0.27,0.383,0.183,0.183,0.044,0.391,0.137,0.153,0.488
364,0.358,0.982,0.446,0.91,0.043,0.376,0.829,0.188,0.956,0.062,0.261,0.655,0.334,0.74,0.242,0.318,0.186,0.224,0.54,0.193,0.148,0.951,0.767,0.898,0.37,0.464,0.082,0.272,0.314,0.385,0.813,0.402,0.792,0.506,0.25,0.56,0.408,0.123,0.8,0.701,0.068,0.644,0.75,0.489,0.665,0.779,0.099,0.267,0.056,0.721,0.255,0.9,0.631,0.421,0.115,0.72,0.079,0.086,0.981,0.783,0.79,0.393,0.982,0.631
366,0.728,0.346,0.381,0.026,0.795,0.946,0.836,0.698,0.98,0.243,0.522,0.616,0.024,0.754,0.033,0.263,0.201,0.296,0.64,0.278,0.397,0.063,0.004,0.953,0.223,0.379,0.848,0.643,0.77,0.556,0.02,0.051,0.94,0.298,0.965,0.328,0.691,0.64,0.604,0.914,0.979,0.404,0.649,0.135,0.455,0.589,0.644,0.76,0.911,0.006,0.557,0.996,0.782,0.282,0.912,0.516,0.998,0.944,0.507,0.264,0.703,0.043,0.319,0.435
368,0.224,0.622,0.493,0.374,0.868,0.906,0.792,0.805,0.7,0.151,0.846,0.222,0.62,0.444,0.505,0.484,0.796,0.545,0.974,0.41,0.296,0.717,0.076,0.815,0.251,0.95,0.312,0.864,0.99,0.516,0.641,0.449,0.947,0.938,0.783,0.676,0.941,0.422,0.365,0.281,0.207,0.282,0.567,0.043,0.184,0.427,0.861,0.016,0.841,0.932,0.9,0.836,0.252,0.157,0.811,0.238,0.051,0.448,0.703,0.951,0.422,0.893,0.51,0.558
370,0.901,0.473,0.488,0.466,0.153,0.003,0.813,0.818,0.356,0.337,0.477,0.115,0.888,0.904,0.709,0.26,0.6,0.363,0.582,0.793,0.613,0.977,0.024,0.126,0.131,0.744,0.785,0.964,0.398,0.832,0.42,0.122,0.239,0.58,0.99,0.659,0.944,0.157,0.524,0.768,0.864,0.145,0.715,0.506,0.039,0.943,0.469,0.17,0.725,0.445,0.773,0.354,0.373,0.672,0.245,0.025,0.199,0.494,0.641,0.196,0.89,0.041,0.709,0.399
372,0.083,0.527,0.747,0.851,0.347,0.586,0.515,0.543,0.466,0.022,0.451,0.03,0.767,0.225,0.465,0.333,0.32,0.896,0.604,0.064,0.998,0.743,0.004,0.528,0.863,0.451,0.893,0.899,0.861,0.075,0.776,0.796,0.171,0.091,0.212,0.867,0.938,0.55,0.215,0.947,0.632,0.959,0.381,0.052,0.548,0.981,0.359,0.888,0.071,0.969,0.942,0.435,0.206,0.949,0.385,0.978,0.285,0.825,0.193,0.268,0.918,0.502,0.073,0.529
374,0.687,0.845,0.759,0.63,0.981,0.843,0.102,0.296,0.514,0.44,0.751,0.745,0.827,0.477,0.553,0.763,0.638,0.272,0.395,0.829,0.264,0.074,0.689,0.327,0.573,0.404,0.596,0.471,0.471,0.559,0.352,0.085,0.017,0.748,0.154,0.486,0.885,0.645,0.65,0.721,0.816,0.625,0.892,0.765,0.609,0.891,0.171,0.078,0.74,0.118,0.071,0.845,0.832,0.51,0.68,0.731,0.496,0.126,0.768,0.948,0.349,0.454,0.408,0.829
376,0.54,0.408,0.194,0.24,0.461,0.049,0.288,0.532,0.089,0.582,0.475,0.06,0.881,0.196,0.199,0.32,0.141,0.239,0.287,0.615,0.848,0.16,0.071,0.541,0.967,0.629,0.488,0.612,0.456,0.575,0.979,0.104,0.833,0.799,0.225,0.975,0.329,0.258,0.247,0.638,0.112,0.86,0.478,0.488,0.979,0.058,0.712,0.517,0.325,0.691,0.202,0.27,0.347,0.387,0.438,0.384,0.136,0.03,0.096,0.286,0.964,0.105,0.671,0.258
378,0.875,0.896,0.151,0.377,0.422,0.448,0.12,0.415,0.638,0.77,0.978,0.936,0.294,0.814,0.534,0.24,0.939,0.887,0.364,0.392,0.006,0.685,0.272,0.742,0.685,0.762,0.778,0.431,0.799,0.45,0.716,0.979,0.639,0.701,0.008,0.371,0.709,0.444,0.153,0.579,0.962,0.439,0.326,0.904,0.252,0.714,0.454,0.128,0.465,0.919,0.45,0.398,0.743,0.966,0.801,0.63,0.07,0.789,0.717,0.507,0.337,0.506,0.745,0.849
380,0.033,0.532,0.656,0.766,0.8,0.268,0.635,0.684,0.42,0.427,0.748,0.621,0.993,0.332,0.254,0.176,0.966,0.378,0.487,0.377,0.028,0.567,0.676,0.342,0.808,0.339,0.947,0.789,0.821,0.767,0.535,0.943,0.726,0.39,0.903,0.528,0.409,0.576,0.227,0.096,0.135,0.719,0.746,0.371,0.399,0.343,0.066,0.448,0.932,0.303,0.977,0.206,0.595,0.22,0.433,0.223,0.545,0.55,0.0,0.565,0.464,0.71,0.153,0.175
382,0.212,0.051,0.759,0.702,0.374,0.078,0.293,0.191,0.07,0.833,0.025,0.259,0.768,0.87,0.685,0.908,0.671,0.234,0.629,0.826,0.507,0.491,0.495,0.455,0.517,0.685,0.403,0.488,0.919,0.245,0.979,0.08,0.567,0.724,0.265,0.887,0.364,0.507,0.072,0.442,0.252,0.824,0.464,0.482,0.149,0.343,0.725,0.144,0.896,0.633,0.061,0.857,0.293,0.237,0.174,0.859,0.154,0.434,0.035,0.065,0.748,0.533,0.252,0.429
384,0.336,0.186,0.526,0.998,0.117,0.192,0.418,0.969,0.591,0.637,0.812,0.584,0.371,0.749,0.847,0.341,0.26,0.56,0.487,0.023,0.45,0.994,0.419,0.953,0.512,0.091,0.288,0.251,0.689,0.267,0.986,0.999,0.795,0.094,0.247,0.463,0.366,0.814,0.429,0.633,0.086,0.318,0.662,0.851,0.658,0.731,0.134,0.273,0.807,0.004,0.864,0.561,0.688,0.78,0.334,0.449,0.747,0.922,0.914,0.285,0.169,0.406,0.379,0.43
386,0.875,0.768,0.666,0.985,0.892,0.226,0.121,0.999,0.417,0.285,0.83,0.44,0.167,0.223,0.962,0.412,0.371,0.188,0.202,0.556,0.081,0.33,0.349,0.456,0.03,0.264,0.623,0.248,0.872,0.785,0.082,0.164,0.27,0.801,0.592,0.82,0.269,0.562,0.23,0.422,0.56,0.158,0.187,0.888,0.919,0.604,0.584,0.784,0.608,0.72,0.613,0.677,0.685,0.441,0.1,0.483,0.596,0.384,0.778,0.635,0.41,0.863,0.594,0.69
388,0.816,0.915,0.705,0.232,0.41,0.952,0.108,0.624,0.144,0.546,0.901,0.713,0.849,0.543,0.872,0.301,0.07,0.859,0.684,0.106,0.025,0.171,0.577,0.716,0.671,0.032,0.263,0.212,0.751,0.721,0.391,0.287,0.886,0.99,0.777,0.935,0.753,0.428,0.364,0.051,0.853,0.187,0.135,0.925,0.109,0.228,0.683,0.061,0.267,0.649,0.684,0.47,0.836,0.512,0.946,0.077,0.533,0.785,0.105,0.049,0.056,0.036,0.622,0.352
390,0.612,0.12,0.859,0.434,0.686,0.616,0.159,0.391,0.077,0.523,0.844,0.882,0.069,0.658,0.568,0.711,0.963,0.393,0.683,0.854,0.531,0.17,0.72,0.031,0.543,0.974,0.598,0.518,0.215,0.046,0.371,0.323,0.539,0.245,0.168,0.223,0.154,0.959,0.63,0.077,0.916,0.583,0.36,0.541,0.886,0.733,0.736,0.647,0.551,0.721,0.99,0.403,0.882,0.584,0.683,0.342,0.805,0.438,0.562,0.197,0.402,0.467,0.354,0.227
392,0.788,0.144,0.306,0.567,0.01,0.39,0.288,0.222,0.443,0.271,0.905,0.371,0.561,0.087,0.115,0.151,0.213,0.805,0.245,0.322,0.377,0.052,0.205,0.391,0.69,0.497,0.515,0.066,0.713,0.46,0.619,0.069,0.155,0.178,0.269,0.424,0.608,0.629,0.422,0.737,0.462,0.701,0.356,0.067,0.726,0.949,0.382,0.091,0.988,0.939,0.89,0.458,0.801,0.765,0.042,0.69,0.968,0.697,0.851,0.27,0.46,0.335,0.353,0.795
394,0.73,0.96,0.808,0.34,0.746,0.881,0.841,0.459,0.544,0.571,0.476,0.848,0.925,0.1,0.511,0.958,0.912,0.841,0.28,0.013,0.149,0.198,0.816,0.753,0.41,0.769,0.905,0.83,0.083,0.355,0.791,0.049,0.785,0.081,0.949,0.386,0.826,0.261,0.788,0.314,0.837,0.214,0.964,0.314,0.979,0.497,0.234,0.202,0.174,0.478,0.546,0.94,0.66,0.362,0.356,0.97,0.426,0.573,0.615,0.448,0.73,0.872,0.629,0.742
396,0.201,0.477,0.28,0.043,0.695,0.578,0.553,0.653,0.544,0.003,0.203,0.057,0.499,0.728,0.339,0.941,0.889,0.506,0.72,0.473,0.007,0.975,0.636,0.062,0.064,0.58,0.892,0.963,0.536,0.781,0.843,0.133,0.339,0.109,0.429,0.998,0.077,0.202,0.933,0.964,0.24,0.503,0.48,0.118,0.65,0.43,0.912,0.179,0.996,0.217,0.758,0.021,0.963,0.664,0.108,0.236,0.89,0.711,0.172,0.191,0.741,0.739,0.108,0.491
398,0.488,0.803,0.306,0.85,0.979,0.73,0.279,0.493,0.849,0.826,0.255,0.51,0.778,0.97,0.223,0.343,0.163,0.961,0.381,0.497,0.004,0.941,0.002,0.485,0.887,0.893,0.96,0.622,0.753,0.711,0.81,0.82,0.15,0.314,0.875,0.825,0.363,0.342,0.873,0.314,0.15,0.658,0.502,0.938,0.304,0.676,0.281,0.228,0.307,0.993,0.888,0.243,0.885,0.251,0.861,0.519,0.452,0.703,0.16,0.803,0.776,0.763,0.009,0.007
