time,CP6,F7,CP2,FT8,P1,PO8,P9,P4,CPz,P6,FT7,AF8,Fp2,P2,CP5,Pz,O1,FC5,F8,P5,Oz,FC3,P3,PO7,F5,FC2,TP8,CP1,TP7,POz,CP3,T8,Fp1,FC1,F10,F1,C3,T7,C1,C2,C4,FC4,C6,C5,F2,F6,AF3,PO4,P10,P8,P7,PO3,Fz,AF7,FCz,CP4,F4,AF4,Cz,FC6,F9,F3,O2,AFz
-100,0.271,0.318,0.454,0.818,0.767,0.732,0.476,0.984,0.48,0.839,0.05,0.511,0.36,0.95,0.576,0.288,0.202,0.747,0.384,0.868,0.01,0.71,0.695,0.177,0.508,0.882,0.546,0.571,0.689,0.093,0.003,0.668,0.316,0.172,0.279,0.287,0.821,0.416,0.623,0.096,0.415,0.773,0.351,0.538,0.126,0.211,0.312,0.175,0.497,0.64,0.616,0.85,0.004,0.031,0.716,0.546,0.44,0.477,0.34,0.486,0.526,0.726,0.58,0.823
-98,0.268,0.741,0.826,0.332,0.685,0.567,0.436,0.718,0.238,0.656,0.703,0.684,0.545,0.059,0.417,0.588,0.462,0.269,0.835,0.228,0.605,0.276,0.051,0.448,0.567,0.813,0.678,0.755,0.055,0.327,0.653,0.977,0.858,0.052,0.076,0.738,0.179,0.405,0.119,0.128,0.747,0.149,0.854,0.8,0.52,0.117,0.322,0.918,0.19,0.629,0.343,0.465,0.796,0.227,0.28,0.156,0.637,0.842,0.374,0.077,0.929,0.146,0.429,0.206
-96,0.124,0.013,0.415,0.623,0.019,0.775,0.669,0.848,0.748,0.637,0.642,0.892,0.109,0.508,0.491,0.769,0.32,0.428,0.007,0.737,0.233,0.327,0.822,0.175,0.16,0.744,0.131,0.18,0.993,0.151,0.501,0.356,0.005,0.425,0.919,0.447,0.353,0.641,0.199,0.56,0.322,0.947,0.125,0.465,0.83,0.953,0.987,0.585,0.474,0.95,0.47,0.547,0.41,0.116,0.797,0.587,0.245,0.981,0.4,0.746,0.818,0.136,0.844,0.996
-94,0.977,0.13,0.536,0.29,0.286,0.177,0.286,0.927,0.868,0.648,0.495,0.439,0.004,0.384,0.394,0.115,0.294,0.375,0.742,0.486,0.043,0.723,0.708,0.864,0.239,0.912,0.781,0.105,0.814,0.87,0.416,0.636,0.723,0.408,0.419,0.731,0.724,0.273,0.538,0.477,0.312,0.799,0.678,0.884,0.291,0.234,0.943,0.419,0.614,0.786,0.48,0.875,0.325,0.913,0.33,0.134,0.573,0.204,0.76,0.593,0.941,0.285,0.331,0.999
-92,0.83,0.881,0.571,0.34,0.254,0.284,0.389,0.302,0.121,0.181,0.946,0.382,0.635,0.324,0.676,0.076,0.413,0.563,0.761,0.076,0.681,0.567,0.976,0.878,0.229,0.652,0.348,0.375,0.701,0.511,0.229,0.241,0.641,0.014,0.752,0.012,0.649,0.865,0.601,0.853,0.284,0.688,0.194,0.734,0.638,0.855,0.151,0.68,0.363,0.794,0.36,0.956,0.141,0.703,0.029,0.648,0.949,0.869,0.425,0.444,0.097,0.197,0.857,0.497
-90,0.186,0.664,0.736,0.59,0.996,0.328,0.947,0.15,0.491,0.174,0.517,0.034,0.572,0.834,0.28,0.022,0.176,0.966,0.318,0.522,0.01,0.43,0.654,0.859,0.439,0.281,0.471,0.087,0.248,0.643,0.424,0.582,0.286,0.575,0.822,0.167,0.303,0.19,0.541,0.469,0.02,0.035,0.177,0.429,0.025,0.314,0.536,0.416,0.631,0.078,0.448,0.618,0.27,0.838,0.025,0.542,0.664,0.431,0.467,0.3,0.252,0.57,0.942,0.47
-88,0.438,0.056,0.49,0.627,0.18,0.271,0.875,0.944,0.341,0.655,0.196,0.935,0.648,0.76,0.422,0.261,0.639,0.188,0.728,0.395,0.95,0.672,0.86,0.237,0.508,0.113,0.073,0.352,0.487,0.257,0.475,0.676,0.081,0.69,0.901,0.868,0.173,0.267,0.16,0.767,0.613,0.757,0.789,0.336,0.969,0.613,0.214,0.641,0.721,0.205,0.283,0.352,0.471,0.621,0.95,0.382,0.34,0.057,0.752,0.338,0.546,0.012,0.725,0.776
-86,0.55,0.096,0.598,0.318,0.971,0.439,0.992,0.731,0.543,0.971,0.185,0.796,0.218,0.145,0.651,0.66,0.518,0.129,0.032,0.783,0.909,0.064,0.212,0.031,0.395,0.118,0.974,0.477,0.408,0.209,0.83,0.495,0.269,0.471,0.714,0.092,0.747,0.689,0.508,0.069,0.391,0.312,0.139,0.245,0.959,0.443,0.319,0.044,0.46,0.418,0.584,0.116,0.384,0.654,0.355,0.846,0.679,0.572,0.808,0.324,0.432,0.786,0.469,0.694
-84,0.64,0.1,0.071,0.929,0.37,0.644,0.197,0.572,0.547,0.747,0.484,0.988,0.633,0.46,0.034,0.562,0.587,0.819,0.188,0.566,0.861,0.174,0.331,0.664,0.956,0.485,0.376,0.881,0.859,0.792,0.441,0.134,0.796,0.185,0.485,0.501,0.402,0.731,0.676,0.752,0.405,0.296,0.296,0.865,0.277,0.431,0.06,0.588,0.756,0.431,0.669,0.408,0.401,0.644,0.228,0.893,0.892,0.838,0.708,0.962,0.096,0.726,0.622,0.368
-82,0.097,0.745,0.382,0.177,0.764,0.147,0.959,0.72,0.247,0.588,0.403,0.706,0.008,0.259,0.867,0.451,0.089,0.6,0.172,0.312,0.192,0.611,0.181,0.987,0.552,0.5,0.32,0.4,0.998,0.085,0.486,0.554,0.476,0.244,0.916,0.937,0.872,0.25,0.015,0.697,0.295,0.481,0.186,0.014,0.707,0.622,0.154,0.948,0.548,0.288,0.685,0.668,0.473,0.157,0.012,0.818,0.523,0.859,0.333,0.484,0.705,0.434,0.853,0.79
-80,0.127,0.157,0.724,0.302,0.577,0.455,0.246,0.103,0.208,0.926,0.92,0.547,0.961,0.135,0.191,0.015,0.766,0.181,0.199,0.231,0.535,0.421,0.629,0.896,0.805,0.955,0.254,0.923,0.314,0.897,0.491,0.371,0.359,0.787,0.567,0.171,0.553,0.22,0.43,0.482,0.872,0.218,0.328,0.85,0.814,0.49,0.058,0.415,0.06,0.941,0.161,0.319,0.974,0.656,0.315,0.06,0.641,0.315,0.569,0.119,0.358,0.488,0.14,0.122
-78,0.638,0.713,0.453,0.146,0.349,0.738,0.38,0.228,0.103,0.251,0.101,0.046,0.19,0.307,0.445,0.921,0.232,0.695,0.548,0.568,0.391,0.792,0.766,0.925,0.752,0.033,0.907,0.511,0.508,0.571,0.989,0.6,0.852,0.921,0.414,0.663,0.929,0.531,0.666,0.139,0.858,0.947,0.203,0.716,0.487,0.479,0.276,0.106,0.524,0.16,0.336,0.493,0.985,0.381,0.883,0.948,0.534,0.935,0.066,0.546,0.705,0.339,0.549,0.421
-76,0.152,0.149,0.339,0.965,0.037,0.33,0.009,0.771,0.916,0.944,0.118,0.414,0.702,0.842,0.606,0.287,0.383,0.256,0.645,0.804,0.196,0.935,0.927,0.885,0.045,0.237,0.215,0.656,0.07,0.619,0.656,0.893,0.97,0.675,0.466,0.678,0.969,0.572,0.584,0.843,0.981,0.062,0.292,0.04,0.771,0.876,0.561,0.779,0.872,0.379,0.503,0.574,0.46,0.315,0.905,0.902,0.662,0.331,0.357,0.186,0.074,0.271,0.56,0.109
-74,0.298,0.112,0.089,0.521,0.681,0.738,0.416,0.412,0.762,0.995,0.867,0.303,0.594,0.658,0.082,0.274,0.729,0.835,0.624,0.27,0.837,0.924,0.131,0.219,0.326,0.765,0.758,0.812,0.564,0.573,0.203,0.789,0.602,0.554,0.011,0.502,0.718,0.677,0.289,0.2,0.591,0.614,0.424,0.456,0.552,0.839,0.268,0.047,0.08,0.56,0.506,0.335,0.636,0.487,0.641,0.941,0.83,0.643,0.312,0.219,0.477,0.976,0.75,0.528
-72,0.789,0.861,0.245,0.162,0.656,0.897,0.294,0.913,0.262,0.454,0.343,0.379,0.334,0.308,0.29,0.949,0.524,0.795,0.429,0.575,0.907,0.133,0.481,0.227,0.795,0.037,0.757,0.398,0.727,0.268,0.187,0.656,0.086,0.067,0.722,0.255,0.181,0.272,0.138,0.009,0.813,0.96,0.312,0.049,0.538,0.299,0.425,0.048,0.506,0.311,0.077,0.14,0.082,0.189,0.527,0.456,0.152,0.767,0.358,0.361,0.78,0.298,0.014,0.33
-70,0.599,0.891,0.877,0.502,0.912,0.108,0.78,0.196,0.292,0.268,0.216,0.419,0.015,0.08,0.911,0.474,0.451,0.269,0.431,0.592,0.201,0.035,0.879,0.656,0.682,0.303,0.939,0.808,0.054,0.594,0.709,0.323,0.458,0.987,0.73,0.904,0.17,0.968,0.576,0.027,0.309,0.649,0.432,0.917,0.04,0.386,0.598,0.441,0.574,0.787,0.024,0.399,0.237,0.971,0.16,0.416,0.854,0.293,0.769,0.54,0.525,0.226,0.241,0.838
-68,0.012,0.722,0.187,0.677,0.509,0.38,0.939,0.605,0.572,0.748,0.816,0.131,0.83,0.187,0.936,0.525,0.154,0.413,0.798,0.013,0.76,0.267,0.88,0.411,0.763,0.21,0.374,0.552,0.054,0.998,0.198,0.937,0.534,0.226,0.041,0.51,0.947,0.677,0.106,0.968,0.68,0.779,0.7,0.318,0.591,0.595,0.52,0.713,0.602,0.358,0.601,0.996,0.211,0.894,0.279,0.959,0.462,0.071,0.873,0.971,0.634,0.979,0.77,0.893
-66,0.825,0.139,0.056,0.969,0.134,0.668,0.667,0.411,0.693,0.773,0.987,0.217,0.544,0.877,0.874,0.07,0.137,0.323,0.826,0.71,0.879,0.727,0.284,0.421,0.62,0.089,0.029,0.456,0.214,0.36,0.288,0.291,0.068,0.526,0.327,0.157,0.958,0.157,0.931,0.479,0.776,0.328,0.206,0.896,0.36,0.996,0.754,0.903,0.872,0.474,0.194,0.115,0.284,0.284,0.242,0.241,0.667,0.502,0.26,0.138,0.285,0.834,0.986,0.522
-64,0.287,0.371,0.726,0.356,0.78,0.84,0.206,0.772,0.642,0.441,0.266,0.133,0.912,0.675,0.529,0.473,0.057,0.748,0.689,0.36,0.708,0.603,0.105,0.567,0.799,0.185,0.375,0.124,0.517,0.83,0.573,0.741,0.895,0.231,0.445,0.262,0.591,0.457,0.826,0.61,0.263,0.573,0.95,0.899,0.781,0.624,0.643,0.409,0.786,0.798,0.187,0.61,0.684,0.689,0.01,0.021,0.446,0.947,0.213,0.537,0.878,0.808,0.625,0.836
-62,0.606,0.017,0.012,0.677,0.574,0.521,0.556,0.612,0.828,0.694,0.873,0.524,0.056,0.538,0.06,0.505,0.225,0.168,0.035,0.276,0.763,0.109,0.058,0.305,0.392,0.67,0.478,0.939,0.022,0.024,0.97,0.178,0.773,0.449,0.506,0.125,0.64,0.81,0.673,0.318,0.974,0.777,0.591,0.602,0.496,0.226,0.21,0.796,0.136,0.336,0.444,0.72,0.795,0.054,0.003,0.245,0.77,0.81,0.162,0.228,0.783,0.276,0.448,0.66
-60,0.996,0.299,0.349,0.948,0.322,0.83,0.782,0.963,0.968,0.3,0.832,0.902,0.868,0.77,0.037,0.779,0.086,0.968,0.158,0.334,0.824,0.963,0.081,0.869,0.417,0.499,0.228,0.51,0.016,0.589,0.611,0.351,0.99,0.682,0.235,0.459,0.6,0.149,0.79,0.552,0.813,0.463,0.309,0.516,0.621,0.935,0.656,0.69,0.023,0.21,0.97,0.538,0.242,0.887,0.64,0.167,0.668,0.347,0.534,0.888,0.827,0.189,0.612,0.924
-58,0.118,0.105,0.53,0.752,0.454,0.171,0.724,0.27,0.897,0.143,0.77,0.315,0.822,0.435,0.553,0.627,0.465,0.897,0.695,0.876,0.598,0.368,0.157,0.943,0.194,0.179,0.154,0.068,0.71,0.945,0.318,0.609,0.061,0.509,0.718,0.386,0.385,0.824,0.793,0.844,0.689,0.855,0.801,0.971,0.089,0.543,0.788,0.58,0.66,0.742,0.176,0.001,0.923,0.054,0.515,0.716,0.164,0.123,0.64,0.708,0.531,0.437,0.048,0.044
-56,0.293,0.156,0.897,0.267,0.199,0.319,0.735,0.256,0.542,0.697,0.754,0.87,0.115,0.043,0.128,0.968,0.88,0.658,0.601,0.057,0.153,0.247,0.829,0.681,0.139,0.693,0.63,0.856,0.197,0.091,0.801,0.863,0.999,0.919,0.964,0.385,0.174,0.276,0.709,0.53,0.26,0.572,0.437,0.797,0.641,0.017,0.702,0.148,0.095,0.22,0.12,0.434,0.463,0.346,0.563,0.007,0.589,0.233,0.64,0.441,0.669,0.336,0.424,0.533
-54,0.166,0.237,0.536,0.873,0.65,0.619,0.006,0.14,0.521,0.937,0.953,0.931,0.818,0.319,0.75,0.511,0.903,0.182,0.364,0.452,0.165,0.962,0.729,0.207,0.737,0.32,0.854,0.135,0.009,0.528,0.473,0.386,0.674,0.023,0.693,0.516,0.017,0.462,0.471,0.211,0.296,0.373,0.995,0.011,0.125,0.269,0.158,0.871,0.893,0.402,0.528,0.054,0.269,0.506,0.111,0.244,0.515,0.858,0.946,0.42,0.532,0.701,0.52,0.348
-52,0.844,0.556,0.28,0.203,0.109,0.823,0.541,0.936,0.37,0.36,0.379,0.64,0.803,0.807,0.968,0.4,0.34,0.844,0.466,0.919,0.431,0.106,0.732,0.861,0.829,0.779,0.276,0.867,0.497,0.3,0.136,0.106,0.507,0.637,0.877,0.947,0.079,0.23,0.338,0.175,0.375,0.088,0.675,0.104,0.624,0.123,0.184,0.078,0.962,0.498,0.984,0.996,0.192,0.97,0.344,0.231,0.741,0.758,0.896,0.096,0.716,0.357,0.895,0.727
-50,0.434,0.799,0.843,0.464,0.956,0.277,0.659,0.116,0.161,0.006,0.574,0.042,0.057,0.356,0.794,0.194,0.6,0.097,0.361,0.426,0.054,0.646,0.733,0.574,0.47,0.787,0.441,0.418,0.474,0.577,0.816,0.789,0.176,0.603,0.721,0.576,0.927,0.259,0.04,0.156,0.448,0.495,0.135,0.613,0.359,0.955,0.282,0.174,0.24,0.061,0.148,0.364,0.442,0.162,0.5,0.075,0.419,0.377,0.196,0.119,0.937,0.935,0.707,0.306
-48,0.786,0.529,0.999,0.753,0.077,0.763,0.363,0.119,0.932,0.273,0.481,0.471,0.5,0.662,0.285,0.473,0.076,0.702,0.353,0.277,0.164,0.401,0.027,0.97,0.684,0.198,0.055,0.332,0.858,0.356,0.151,0.322,0.095,0.487,0.629,0.103,0.688,0.013,0.954,0.298,0.225,0.445,0.543,0.641,0.802,0.67,0.967,0.307,0.582,0.253,0.388,0.137,0.798,0.311,0.218,0.239,0.737,0.504,0.326,0.814,0.963,0.893,0.269,0.918
-46,0.22,0.795,0.951,0.741,0.696,0.847,0.652,0.558,0.961,0.549,0.8,0.333,0.156,0.321,0.179,0.144,0.768,0.407,0.521,0.971,0.911,0.441,0.718,0.13,0.293,0.028,0.296,0.409,0.118,0.737,0.102,0.156,0.081,0.506,0.029,0.762,0.802,0.159,0.498,0.588,0.962,0.781,0.084,0.944,0.733,0.06,0.303,0.204,0.334,0.197,0.642,0.796,0.801,0.097,0.35,0.979,0.612,0.174,0.899,0.631,0.635,0.763,0.101,0.557
-44,0.662,0.078,0.986,0.675,0.495,0.545,0.714,0.735,0.189,0.694,0.74,0.274,0.12,0.873,0.337,0.569,0.57,0.166,0.968,0.026,0.851,0.256,0.575,0.493,0.727,0.688,0.022,0.169,0.255,0.65,0.842,0.393,0.91,0.143,0.474,0.355,0.615,0.35,0.516,0.447,0.605,0.321,0.943,0.716,0.374,0.572,0.823,0.739,0.009,0.073,0.73,0.802,0.887,0.641,0.726,0.432,0.811,0.051,0.983,0.16,0.924,0.937,0.908,0.877
-42,0.678,0.609,0.558,0.003,0.426,0.745,0.181,0.196,0.861,0.478,0.111,0.11,0.493,0.606,0.01,0.29,0.94,0.637,0.345,0.389,0.441,0.726,0.19,0.249,0.432,0.998,0.223,0.454,0.819,0.794,0.179,0.396,0.136,0.616,0.772,0.57,0.849,0.33,0.455,0.98,0.673,0.775,0.922,0.521,0.471,0.408,0.487,0.6,0.613,0.47,0.031,0.243,0.465,0.554,0.644,0.403,0.241,0.314,0.551,0.952,0.902,0.682,0.64,0.606
-40,0.645,0.947,0.739,0.473,0.979,0.434,0.672,0.643,0.667,0.509,0.159,0.197,0.69,0.884,0.514,0.901,0.148,0.447,0.375,0.0,0.851,0.265,0.995,0.393,0.507,0.746,0.259,0.469,0.4,0.212,0.942,0.799,0.296,0.353,0.632,0.905,0.767,0.467,0.168,0.311,0.599,0.697,0.889,0.128,0.44,0.618,0.34,0.707,0.052,0.995,0.148,0.278,0.124,0.103,0.401,0.815,0.61,0.126,0.725,0.991,0.668,0.397,0.884,0.015
-38,0.03,0.226,0.729,0.169,0.078,0.751,0.305,0.507,0.304,0.942,0.416,0.256,0.81,0.174,0.476,0.029,0.827,0.75,0.999,0.424,0.876,0.67,0.968,0.424,0.442,0.54,0.759,0.168,0.548,0.197,0.851,0.885,0.319,0.637,0.905,0.093,0.49,0.673,0.817,0.247,0.125,0.993,0.3,0.505,0.404,0.292,0.422,0.57,0.217,0.141,0.621,0.275,0.888,0.337,0.666,0.165,0.871,0.557,0.403,0.208,0.465,0.058,0.411,0.326
-36,0.255,0.727,0.588,0.848,0.815,0.144,0.842,0.584,0.428,0.194,0.691,0.649,0.208,0.926,0.368,0.381,0.617,0.022,0.666,0.093,0.236,0.889,0.577,0.14,0.179,0.306,0.058,0.055,0.371,0.495,0.564,0.246,0.544,0.273,0.515,0.89,0.07,0.71,0.679,0.178,0.385,0.971,0.482,0.568,0.922,0.572,0.202,0.932,0.922,0.018,0.804,0.656,0.199,0.902,0.427,0.384,0.528,0.952,0.229,0.393,0.773,0.119,0.127,0.985
-34,0.802,0.523,0.227,0.723,0.813,0.571,0.67,0.839,0.953,0.641,0.472,0.8,0.534,0.058,0.636,0.788,0.443,0.365,0.051,0.662,0.046,0.982,0.319,0.424,0.625,0.478,0.289,0.386,0.632,0.276,0.433,0.73,0.942,0.241,0.081,0.872,0.75,0.011,0.243,0.73,0.253,0.508,0.776,0.472,0.943,0.398,0.837,0.087,0.163,0.294,0.345,0.624,0.969,0.189,0.612,0.122,0.753,0.734,0.161,0.187,0.322,0.317,0.404,0.828
-32,0.942,0.527,0.048,0.64,0.07,0.168,0.732,0.169,0.603,0.327,0.102,0.781,0.281,0.284,0.842,0.787,0.641,0.646,0.827,0.791,0.091,0.76,0.146,0.254,0.726,0.769,0.818,0.303,0.402,0.493,0.687,0.26,0.12,0.164,0.994,0.2,0.808,0.821,0.882,0.628,0.275,0.92,0.77,0.22,0.181,0.298,0.187,0.316,0.335,0.698,0.439,0.69,0.098,0.097,0.079,0.613,0.88,0.525,0.105,0.34,0.063,0.71,0.526,0.961
-30,0.723,0.101,0.863,0.474,0.757,0.563,0.621,0.324,0.636,0.431,0.478,0.909,0.827,0.955,0.45,0.073,0.866,0.078,0.464,0.178,0.832,0.584,0.875,0.951,0.905,0.151,0.496,0.572,0.347,0.454,0.712,0.275,0.967,0.282,0.662,0.609,0.133,0.888,0.303,0.37,0.602,0.723,0.455,0.797,0.388,0.291,0.778,0.68,0.952,0.813,0.727,0.466,0.128,0.15,0.629,0.845,0.002,0.37,0.013,0.902,0.34,0.547,0.185,0.222
-28,0.555,0.331,0.146,0.498,0.255,0.752,0.712,0.389,0.772,0.335,0.415,0.581,0.353,0.358,0.172,0.858,0.992,0.241,0.964,0.767,0.442,0.8,0.074,0.037,0.802,0.661,0.236,0.536,0.336,0.319,0.845,0.445,0.508,0.412,0.819,0.204,0.897,0.8,0.783,0.943,0.322,0.438,0.985,0.134,0.083,0.71,0.68,0.414,0.704,0.436,0.378,0.412,0.369,0.749,0.64,0.971,0.533,0.79,0.826,0.648,0.152,0.589,0.241,0.797
-26,0.175,0.462,0.329,0.668,0.896,0.148,0.802,0.667,0.809,0.841,0.418,0.843,0.477,0.56,0.294,0.843,0.016,0.547,0.025,0.136,0.954,0.815,0.12,0.772,0.818,0.541,0.17,0.928,0.482,0.487,0.451,0.862,0.399,0.212,0.773,0.221,0.437,0.964,0.267,0.136,0.088,0.492,0.619,0.189,0.877,0.589,0.779,0.956,0.013,0.244,0.132,0.576,0.62,0.628,0.634,0.032,0.376,0.995,0.266,0.443,0.857,0.483,0.379,0.408
-24,0.169,0.34,0.174,0.458,0.614,0.983,0.871,0.941,0.042,0.235,0.173,0.691,0.767,0.3,0.444,0.558,0.218,0.937,0.416,0.473,0.81,0.323,0.488,0.19,0.734,0.512,0.919,0.593,0.496,0.35,0.401,0.645,0.806,0.125,0.533,0.931,0.668,0.944,0.332,0.364,0.576,0.191,0.162,0.509,0.782,0.752,0.694,0.331,0.821,0.317,0.032,0.894,0.693,0.235,0.474,0.23,0.63,0.84,0.668,0.099,0.776,0.609,0.078,0.295
-22,0.34,0.572,0.785,0.758,0.621,0.896,0.788,0.88,0.302,0.551,0.221,0.26,0.274,0.817,0.224,0.5,0.43,0.317,0.834,0.622,0.511,0.428,0.71,0.323,0.691,0.502,0.294,0.446,0.231,0.52,0.383,0.347,0.384,0.153,0.811,0.503,0.581,0.706,0.399,0.713,0.448,0.172,0.138,0.486,0.459,0.998,0.899,0.537,0.674,0.087,0.753,0.904,0.266,0.341,0.704,0.128,0.78,0.708,0.89,0.601,0.078,0.558,0.389,0.217
-20,0.369,0.206,0.401,0.332,0.452,0.693,0.803,0.865,0.816,0.049,0.699,0.272,0.485,0.764,0.577,0.195,0.162,0.787,0.405,0.592,0.497,0.384,0.272,0.107,0.625,0.733,0.492,0.402,0.806,0.211,0.003,0.368,0.937,0.127,0.208,0.195,0.954,0.894,0.377,0.281,0.536,0.195,0.902,0.664,0.194,0.802,0.534,0.806,0.639,0.384,0.055,0.363,0.49,0.98,0.662,0.7,0.36,0.841,0.562,0.883,0.482,0.462,0.849,0.38
-18,0.42,0.323,0.707,0.983,0.015,0.573,0.105,0.466,0.809,0.353,0.948,0.836,0.587,0.887,0.912,0.618,0.635,0.401,0.565,0.769,0.716,0.852,0.32,0.268,0.472,0.539,0.889,0.456,0.139,0.04,0.789,0.979,0.519,0.988,0.001,0.823,0.578,0.516,0.758,0.715,0.231,0.584,0.116,0.668,0.836,0.758,0.698,0.348,0.263,0.27,0.51,0.133,0.771,0.574,0.23,0.828,0.116,0.238,0.973,0.381,0.121,0.485,0.693,0.669
-16,0.421,0.278,0.795,0.163,0.743,0.192,0.44,0.012,0.555,0.057,0.492,0.775,0.968,0.11,0.921,0.155,0.642,0.718,0.253,0.474,0.134,0.466,0.31,0.457,0.77,0.599,0.071,0.633,0.185,0.638,0.902,0.587,0.063,0.303,0.096,0.551,0.309,0.293,0.236,0.392,0.413,0.703,0.958,0.219,0.848,0.552,0.238,0.179,0.445,0.99,0.618,0.676,0.784,0.58,0.227,0.707,0.632,0.364,0.917,0.497,0.985,0.62,0.09,0.757
-14,0.906,0.267,0.201,0.909,0.835,0.621,0.728,0.019,0.038,0.507,0.661,0.598,0.013,0.406,0.084,0.197,0.148,0.735,0.244,0.318,0.119,0.86,0.538,0.558,0.515,0.054,0.395,0.377,0.502,0.547,0.566,0.866,0.77,0.332,0.089,0.481,0.361,0.624,0.041,0.512,0.529,0.229,0.977,0.419,0.944,0.469,0.068,0.536,0.354,0.553,0.736,0.406,0.483,0.433,0.135,0.374,0.221,0.814,0.453,0.2,0.046,0.036,0.452,0.285
-12,0.059,0.573,0.895,0.345,0.345,0.645,0.82,0.712,0.507,0.293,0.896,0.047,0.394,0.652,0.852,0.916,0.901,0.49,0.01,0.575,0.603,0.125,0.781,0.96,0.39,0.334,0.79,0.798,0.369,0.083,0.175,0.188,0.45,0.958,0.883,0.691,0.034,0.118,0.472,0.114,0.716,0.398,0.161,0.168,0.01,0.656,0.719,0.633,0.033,0.696,0.907,0.878,0.634,0.646,0.806,0.666,0.246,0.95,0.895,0.104,0.717,0.628,0.071,0.139
-10,0.58,0.524,0.808,0.306,0.906,0.124,0.319,0.281,0.382,0.402,0.409,0.927,0.071,0.714,0.514,0.472,0.188,0.892,0.483,0.675,0.097,0.901,0.619,0.793,0.128,0.888,0.329,0.345,0.565,0.343,0.146,0.426,0.137,0.986,0.055,0.541,0.373,0.306,0.887,0.625,0.952,0.349,0.361,0.077,0.326,0.039,0.338,0.318,0.448,0.691,0.189,0.186,0.087,0.958,0.745,0.43,0.296,0.872,0.957,0.927,0.893,0.26,0.693,0.891
-8,0.207,0.946,0.43,0.826,0.982,0.545,0.045,0.401,0.567,0.524,0.475,0.468,0.526,0.216,0.655,0.303,0.706,0.934,0.185,0.617,0.98,0.503,0.97,0.797,0.199,0.734,0.996,0.396,0.566,0.928,0.141,0.216,0.915,0.28,0.34,0.555,0.054,0.856,0.422,0.291,0.912,0.771,0.821,0.28,0.555,0.724,0.217,0.558,0.661,0.905,0.83,0.448,0.36,0.045,0.75,0.818,0.463,0.873,0.566,0.378,0.716,0.353,0.511,0.43
-6,0.583,0.175,0.538,0.988,0.759,0.055,0.299,0.309,0.837,0.271,0.18,0.332,0.723,0.854,0.24,0.42,0.084,0.759,0.222,0.832,0.066,0.73,0.151,0.764,0.514,0.422,0.622,0.965,0.957,0.327,0.523,0.498,0.719,0.863,0.751,0.181,0.883,0.625,0.02,0.805,0.276,0.631,0.11,0.68,0.577,0.76,0.301,0.439,0.064,0.291,0.449,0.149,0.891,0.024,0.245,0.885,0.4,0.519,0.683,0.881,0.998,0.97,0.121,0.304
-4,0.47,0.686,0.192,0.483,0.903,0.449,0.581,0.956,0.015,0.048,0.948,0.069,0.693,0.892,0.879,0.648,0.13,0.842,0.262,0.732,0.315,0.248,0.413,0.278,0.798,0.998,0.105,0.635,0.942,0.963,0.66,0.811,0.148,0.702,0.47,0.915,0.012,0.384,0.145,0.621,0.75,0.709,0.359,0.395,0.195,0.691,0.626,0.228,0.898,0.588,0.761,0.161,0.683,0.073,0.452,0.148,0.855,0.515,0.957,0.375,0.387,0.599,0.273,0.997
-2,0.938,0.135,0.364,0.716,0.794,0.464,0.711,0.069,0.555,0.541,0.817,0.415,0.029,0.402,0.794,0.611,0.861,0.19,0.278,0.502,0.671,0.992,0.49,0.712,0.662,0.504,0.406,0.32,0.126,0.992,0.224,0.28,0.857,0.04,0.674,0.058,0.438,0.492,0.579,0.568,0.024,0.701,0.563,0.24,0.976,0.331,0.428,0.22,0.42,0.949,0.664,0.315,0.986,0.13,0.871,0.023,0.626,0.251,0.162,0.693,0.194,0.632,0.287,0.038
0,0.244,0.491,0.136,0.414,0.088,0.726,0.136,0.817,0.038,0.885,0.679,0.286,0.243,0.359,0.776,0.13,0.928,0.454,0.517,0.862,0.091,0.42,0.132,0.235,0.141,0.169,0.787,0.571,0.265,0.167,0.692,0.365,0.841,0.557,0.792,0.458,0.841,0.785,0.967,0.061,0.636,0.961,0.478,0.629,0.113,0.067,0.851,0.523,0.444,0.176,0.264,0.197,0.207,0.002,0.523,0.668,0.009,0.763,0.51,0.053,0.316,0.368,0.58,0.343
2,0.209,0.458,0.666,0.14,0.033,0.273,0.736,0.432,0.045,0.103,0.797,0.484,0.184,0.852,0.045,0.877,0.658,0.535,0.339,0.123,0.037,0.061,0.573,0.758,0.368,0.9,0.366,0.503,0.497,0.322,0.314,0.806,0.574,0.818,0.395,0.662,0.156,0.26,0.964,0.202,0.482,0.208,0.369,0.146,0.961,0.425,0.976,0.362,0.165,0.027,0.789,0.295,0.908,0.341,0.883,0.078,0.629,0.656,0.791,0.088,0.378,0.661,0.384,0.037
4,0.039,0.287,0.202,0.685,0.528,0.277,0.825,0.787,0.012,0.698,0.438,0.678,0.479,0.129,0.792,0.741,0.997,0.207,0.038,0.776,0.758,0.879,0.243,0.904,0.475,0.426,0.595,0.357,0.901,0.051,0.586,0.764,0.968,0.253,0.851,0.859,0.171,0.901,0.568,0.955,0.657,0.475,0.606,0.126,0.348,0.183,0.032,0.617,0.554,0.5,0.825,0.867,0.123,0.915,0.486,0.001,0.159,0.596,0.637,0.333,0.21,0.748,0.637,0.27
6,0.4,0.275,0.944,0.848,0.798,0.991,0.266,0.655,0.893,0.755,0.458,0.559,0.489,0.67,0.849,0.117,0.148,0.047,0.549,0.415,0.469,0.266,0.184,0.872,0.363,0.188,0.718,0.076,0.774,0.634,0.29,0.103,0.033,0.222,0.204,0.055,0.903,0.082,0.997,0.249,0.735,0.845,0.538,0.5,0.346,0.444,0.456,0.253,0.302,0.12,0.162,0.044,0.664,0.135,0.546,0.094,0.761,0.434,0.069,0.005,0.046,0.605,0.845,0.852
8,0.21,0.443,0.762,0.723,0.053,0.786,0.313,0.814,0.244,0.789,0.219,0.444,0.628,0.066,0.917,0.834,0.458,0.529,0.723,0.462,0.064,0.64,0.591,0.977,0.663,0.932,0.582,0.401,0.208,0.643,0.085,0.08,0.393,0.663,0.201,0.306,0.968,0.271,0.235,0.681,0.886,0.814,0.142,0.23,0.842,0.385,0.588,0.035,0.745,0.316,0.877,0.265,0.028,0.37,0.641,0.019,0.553,0.792,0.973,0.573,0.965,0.714,0.29,0.854
10,0.173,0.113,0.687,0.124,0.916,0.8,0.673,0.776,0.614,0.747,0.635,0.647,0.005,0.995,0.264,0.414,0.916,0.805,0.99,0.986,0.608,0.54,0.507,0.606,0.395,0.657,0.568,0.505,0.367,0.286,0.317,0.672,0.409,0.125,0.253,0.397,0.097,0.757,0.346,0.753,0.155,0.413,0.329,0.464,0.03,0.945,0.916,0.175,0.433,0.685,0.819,0.769,0.836,0.751,0.396,0.123,0.417,0.93,0.326,0.636,0.692,0.451,0.424,0.671
12,0.971,0.019,0.681,0.335,0.442,0.261,0.406,0.7,0.257,0.219,0.789,0.345,0.542,0.856,0.624,0.162,0.483,0.043,0.281,0.847,0.793,0.502,0.489,0.668,0.491,0.687,0.579,0.107,0.408,0.118,0.378,0.636,0.075,0.121,0.24,0.543,0.385,0.799,0.693,0.036,0.486,0.138,0.842,0.268,0.555,0.805,0.753,0.733,0.616,0.047,0.307,0.778,0.624,0.871,0.927,0.444,0.014,0.823,0.778,0.723,0.482,0.565,0.856,0.656
14,0.694,0.729,0.786,0.015,0.032,0.311,0.909,0.66,0.518,0.902,0.073,0.946,0.452,0.873,0.896,0.122,0.934,0.321,0.888,0.135,0.471,0.072,0.083,0.546,0.02,0.918,0.96,0.89,0.129,0.73,0.319,0.989,0.582,0.846,0.252,0.612,0.521,0.112,0.785,0.163,0.521,0.814,0.891,0.017,0.152,0.441,0.348,0.352,0.185,0.159,0.194,0.372,0.185,0.059,0.818,0.85,0.216,0.649,0.005,0.028,0.254,0.892,0.909,0.693
16,0.996,0.987,0.805,0.433,0.846,0.59,0.293,0.29,0.406,0.177,0.431,0.467,0.911,0.429,0.054,0.384,0.575,0.834,0.445,0.809,0.547,0.995,0.593,0.398,0.28,0.26,0.85,0.125,0.177,0.279,0.935,0.712,0.078,0.385,0.752,0.734,0.502,0.488,0.183,0.317,0.495,0.881,0.496,0.642,0.122,0.572,0.159,0.814,0.929,0.121,0.799,0.482,0.846,0.256,0.422,0.2,0.856,0.492,0.723,0.247,0.23,0.922,0.204,0.83
18,0.59,0.658,0.614,0.534,0.099,0.815,0.714,0.15,0.322,0.335,0.096,0.468,0.289,0.04,0.531,0.256,0.068,0.544,0.751,0.293,0.575,0.495,0.42,0.578,0.923,0.638,0.268,0.957,0.242,0.412,0.095,0.462,0.438,0.279,0.734,0.624,0.342,0.085,0.12,0.845,0.999,0.227,0.591,0.781,0.904,0.909,0.125,0.352,0.579,0.134,0.398,0.68,0.091,0.755,0.16,0.06,0.511,0.497,0.55,0.569,0.937,0.05,0.055,0.671
20,0.274,0.618,0.627,0.739,0.474,0.423,0.778,0.284,0.953,0.986,0.023,0.929,0.837,0.148,0.771,0.515,0.266,0.674,0.788,0.885,0.875,0.168,0.734,0.12,0.723,0.551,0.03,0.318,0.953,0.178,0.154,0.661,0.88,0.48,0.895,0.115,0.026,0.771,0.699,0.601,0.256,0.177,0.348,0.289,0.459,0.675,0.352,0.747,0.029,0.112,0.867,0.261,0.878,0.248,0.983,0.271,0.692,0.752,0.275,0.83,0.391,0.689,0.109,0.412
22,0.385,0.937,0.194,0.295,0.083,0.752,0.942,0.971,0.137,0.393,0.182,0.756,0.662,0.879,0.005,0.381,0.876,0.968,0.631,0.239,0.642,0.289,0.491,0.234,0.463,0.425,0.154,0.622,0.777,0.17,0.912,0.594,0.794,0.672,0.669,0.218,0.823,0.841,0.309,0.73,0.238,0.29,0.553,0.08,0.915,0.369,0.725,0.459,0.523,0.684,0.551,0.036,0.166,0.695,0.338,0.146,0.008,0.735,0.972,0.868,0.618,0.28,0.86,0.417
24,0.82,0.768,0.589,0.85,0.955,0.029,0.423,0.178,0.251,0.287,0.168,0.448,0.292,0.323,0.282,0.238,0.863,0.164,0.814,0.211,0.278,0.79,0.395,0.469,0.711,0.848,0.721,0.28,0.452,0.346,0.835,0.762,0.233,0.377,0.063,0.162,0.906,0.197,0.298,0.795,0.891,0.204,0.705,0.466,0.819,0.408,0.338,0.636,0.223,0.571,0.215,0.289,0.343,0.877,0.725,0.394,0.789,0.727,0.504,0.688,0.615,0.201,0.974,0.814
26,0.128,0.12,0.76,0.587,0.898,0.189,0.322,0.794,0.892,0.086,0.966,0.252,0.929,0.224,0.029,0.826,0.781,0.659,0.11,0.922,0.795,0.033,0.866,0.19,0.308,0.43,0.158,0.414,0.898,0.893,0.552,0.071,0.951,0.132,0.331,0.321,0.684,0.609,0.611,0.284,0.782,0.226,0.874,0.784,0.695,0.909,0.052,0.272,0.197,0.867,0.866,0.76,0.559,0.783,0.785,0.811,0.099,0.678,0.85,0.747,0.982,0.893,0.007,0.277
28,0.151,0.536,0.265,0.408,0.884,0.052,0.582,0.491,0.863,0.081,0.791,0.175,0.926,0.501,0.079,0.65,0.209,0.811,0.155,0.504,0.176,0.164,0.06,0.167,0.128,0.005,0.763,0.081,0.651,0.804,0.366,0.016,0.548,0.285,0.596,0.301,0.862,0.15,0.188,0.89,0.957,0.21,0.074,0.783,0.421,0.599,0.835,0.888,0.755,0.985,0.424,0.572,0.065,0.297,0.776,0.036,0.455,0.683,0.333,0.391,0.447,0.983,0.947,0.898
30,0.328,0.347,0.002,0.347,0.388,0.617,0.063,0.678,0.818,0.293,0.244,0.337,0.561,0.004,0.741,0.837,0.612,0.453,0.297,0.335,0.844,0.453,0.639,0.072,0.103,0.155,0.758,0.031,0.34,0.503,0.756,0.766,0.068,0.915,0.319,0.126,0.087,0.871,0.123,0.291,0.885,0.982,0.178,0.329,0.344,0.789,0.161,0.627,0.517,0.356,0.272,0.579,0.197,0.232,0.208,0.32,0.081,0.888,0.676,0.394,0.132,0.255,0.321,0.853
32,0.406,0.734,0.363,0.298,0.669,0.794,0.739,0.356,0.27,0.613,0.396,0.293,0.156,0.453,0.696,0.948,0.779,0.187,0.21,0.367,0.517,0.58,0.838,0.684,0.494,0.811,0.021,0.166,0.69,0.704,0.129,0.929,0.363,0.966,0.463,0.607,0.716,0.977,0.533,0.956,0.875,0.577,0.461,0.093,0.921,0.781,0.073,0.068,0.642,0.689,0.18,0.918,0.333,0.666,0.282,0.669,0.817,0.265,0.861,0.507,0.552,0.123,0.281,0.812
34,0.435,0.932,0.146,0.354,0.694,0.776,0.989,0.488,0.742,0.013,0.251,0.619,0.788,0.987,0.832,0.871,0.735,0.417,0.705,0.511,0.236,0.184,0.092,0.486,0.112,0.321,0.969,0.801,0.652,0.578,0.95,0.753,0.806,0.619,0.001,0.949,0.728,0.643,0.553,0.06,0.146,0.465,0.328,0.052,0.387,0.961,0.149,0.167,0.775,0.754,0.8,0.374,0.323,0.485,0.009,0.121,0.245,0.713,0.353,0.162,0.468,0.994,0.625,0.151
36,0.82,0.705,0.043,0.778,0.877,0.555,0.646,0.991,0.676,0.25,0.798,0.236,0.189,0.475,0.632,0.381,0.757,0.522,0.878,0.72,0.291,0.078,0.296,0.604,0.482,0.984,0.771,0.597,0.28,0.721,0.175,0.531,0.998,0.47,0.028,0.984,0.925,0.858,0.967,0.174,0.088,0.959,0.188,0.196,0.452,0.49,0.774,0.016,0.447,0.046,0.694,0.018,0.335,0.949,0.309,0.227,0.956,0.687,0.365,0.704,0.525,0.01,0.161,0.523
38,0.378,0.329,0.427,0.838,0.087,0.514,0.306,0.906,0.182,0.07,0.149,0.748,0.665,0.373,0.152,0.497,0.126,0.282,0.538,0.584,0.04,0.25,0.783,0.123,0.977,0.743,0.394,0.217,0.684,0.815,0.635,0.744,0.34,0.919,0.08,0.814,0.206,0.78,0.417,0.852,0.327,0.423,0.615,0.23,0.408,0.968,0.847,0.32,0.033,0.851,0.78,0.975,0.553,0.225,0.255,0.271,0.019,0.502,0.53,0.549,0.306,0.799,0.278,0.511
40,0.455,0.848,0.315,0.141,0.259,0.514,0.532,0.804,0.887,0.568,0.688,0.619,0.93,0.349,0.184,0.167,0.644,0.308,0.796,0.369,0.727,0.789,0.439,0.138,0.416,0.141,0.328,0.251,0.21,0.773,0.669,0.184,0.417,0.433,0.52,0.997,0.644,0.615,0.606,0.339,0.948,0.093,0.671,0.805,0.797,0.209,0.901,0.474,0.36,0.277,0.555,0.574,0.203,0.483,0.191,0.961,0.259,0.028,0.45,0.981,0.43,0.682,0.728,0.207
42,0.751,0.869,0.402,0.725,0.447,0.523,0.431,0.465,0.228,0.035,0.778,0.185,0.276,0.542,0.271,0.527,0.305,0.926,0.275,0.771,0.292,0.596,0.003,0.505,0.761,0.821,0.993,0.811,0.996,0.956,0.402,0.848,0.33,0.91,0.705,0.679,0.735,0.733,0.545,0.146,0.842,0.772,0.827,0.176,0.719,0.726,0.499,0.541,0.044,0.907,0.599,0.236,0.702,0.489,0.983,0.409,0.522,0.117,0.469,0.885,0.392,0.442,0.684,0.475
44,0.777,0.438,0.063,0.73,0.849,0.094,0.594,0.42,0.086,0.045,0.493,0.452,0.583,0.202,0.118,0.942,0.381,0.748,0.029,0.306,0.27,0.496,0.976,0.642,0.75,0.419,0.945,0.063,0.418,0.808,0.266,0.582,0.742,0.564,0.15,0.113,0.882,0.467,0.959,0.626,0.211,0.837,0.228,0.077,0.333,0.056,0.648,0.231,0.92,0.193,0.36,0.575,0.052,0.683,0.792,0.364,0.828,0.282,0.162,0.856,0.573,0.637,0.151,0.039
46,0.729,0.378,0.276,0.923,0.926,0.542,0.889,0.793,0.315,0.063,0.92,0.933,0.177,0.47,0.755,0.696,0.328,0.621,0.727,0.319,0.126,0.108,0.53,0.359,0.267,0.78,0.668,0.715,0.531,0.9,0.831,0.985,0.381,0.988,0.03,0.783,0.915,0.611,0.785,0.585,0.809,0.138,0.634,0.185,0.185,0.541,0.237,0.375,0.947,0.375,0.085,0.298,0.134,0.899,0.859,0.321,0.077,0.032,0.699,0.754,0.283,0.547,0.84,0.252
48,0.977,0.193,0.198,0.682,0.308,0.519,0.556,0.923,0.277,0.261,0.621,0.845,0.111,0.013,0.287,0.921,0.663,0.831,0.395,0.39,0.319,0.493,0.698,0.479,0.989,0.672,0.239,0.266,0.181,0.399,0.271,0.449,0.139,0.835,0.558,0.091,0.802,0.293,0.87,0.843,0.138,0.031,0.801,0.926,0.487,0.916,0.959,0.674,0.37,0.733,0.026,0.476,0.561,0.979,0.666,0.524,0.701,0.953,0.419,0.901,0.879,0.809,0.927,0.912
50,0.027,0.853,0.656,0.717,0.423,0.76,0.214,0.032,0.166,0.897,0.682,0.067,0.599,0.481,0.286,0.192,0.435,0.548,0.7,0.107,0.807,0.364,0.448,0.948,0.314,0.17,0.085,0.591,0.077,0.652,0.739,0.446,0.204,0.61,0.348,0.346,0.974,0.659,0.785,0.743,0.46,0.481,0.959,0.272,0.276,0.931,0.081,0.801,0.294,0.811,0.806,0.595,0.373,0.514,0.375,0.531,0.513,0.087,0.789,0.852,0.74,0.394,0.932,0.052
52,0.198,0.685,0.063,0.299,0.155,0.487,0.142,0.756,0.257,0.95,0.725,0.603,0.162,0.222,0.357,0.945,0.824,0.324,0.34,0.008,0.892,0.63,0.196,0.47,0.064,0.105,0.786,0.282,0.914,0.475,0.395,0.096,0.156,0.455,0.945,0.703,0.851,0.797,0.678,0.75,0.729,0.69,0.878,0.774,0.209,0.217,0.857,0.228,0.771,0.011,0.817,0.61,0.712,0.479,0.451,0.183,0.283,0.829,0.524,0.02,0.532,0.175,0.446,0.771
54,1.0,0.284,0.536,0.221,0.616,0.705,0.119,0.477,0.24,0.817,0.783,0.644,0.602,0.652,0.034,0.486,0.878,0.964,0.372,0.244,0.171,0.476,0.575,0.117,0.221,0.004,0.965,0.369,0.958,0.774,0.365,0.012,0.42,0.35,0.859,0.622,0.264,0.354,0.914,0.336,0.993,0.511,0.525,0.687,0.68,0.505,0.111,0.48,0.811,0.86,0.092,0.937,0.687,0.985,0.768,0.734,0.457,0.781,0.509,0.615,0.634,0.485,0.16,0.033
56,0.197,0.408,0.522,0.064,0.327,0.448,0.135,0.975,0.226,0.114,0.34,0.108,0.167,0.543,0.789,0.299,0.35,0.02,0.051,0.045,0.411,0.281,0.411,0.714,0.246,0.093,0.327,0.184,0.119,0.694,0.084,0.924,0.046,0.058,0.982,0.961,0.906,0.104,0.886,0.58,0.933,0.489,0.276,0.352,0.242,0.845,0.908,0.034,0.743,0.951,0.649,0.059,0.97,0.469,0.792,0.381,0.568,0.57,0.856,0.984,0.072,0.694,0.495,0.643
58,0.234,0.614,0.983,0.503,0.097,0.664,0.328,0.556,0.391,0.053,0.448,0.0,0.789,0.737,0.699,0.249,0.806,0.692,0.28,0.807,0.656,0.805,0.354,0.359,0.224,0.065,0.644,0.642,0.333,0.474,0.126,0.085,0.422,0.386,0.632,0.133,0.747,0.236,0.735,0.982,0.839,0.076,0.506,0.454,0.594,0.585,0.097,0.2,0.403,0.505,0.989,0.404,0.25,0.045,0.255,0.592,0.419,0.112,0.559,0.099,0.473,0.436,0.92,0.533
60,0.37,0.502,0.244,0.309,0.675,0.652,0.175,0.518,0.942,0.001,0.23,0.454,0.97,0.974,0.354,0.503,0.503,0.884,0.334,0.426,0.756,0.604,0.896,0.298,0.499,0.205,0.345,0.671,0.621,0.47,0.285,0.818,0.214,0.741,0.927,0.064,0.581,0.452,0.474,0.995,0.882,0.823,0.321,0.916,0.196,0.929,0.577,0.273,0.491,0.449,0.674,0.991,0.844,0.668,0.426,0.397,0.755,0.015,0.938,0.074,0.718,0.004,0.471,0.157
62,0.582,0.082,0.709,0.287,0.037,0.599,0.886,0.341,0.928,0.854,0.966,0.261,0.447,0.41,0.815,0.946,0.641,0.985,0.402,0.681,0.224,0.996,0.231,0.03,0.471,0.43,0.64,0.617,0.146,0.235,0.144,0.339,0.724,0.241,0.335,0.819,0.425,0.284,0.366,0.467,0.922,0.827,0.487,0.914,0.643,0.751,0.178,0.629,0.081,0.699,0.084,0.399,0.776,0.639,0.134,0.282,0.87,0.968,0.368,0.044,0.769,0.608,0.663,0.883
64,0.048,0.876,0.826,0.807,0.224,0.132,0.333,0.881,0.824,0.571,0.621,0.244,0.912,0.337,0.573,0.355,0.829,0.671,0.563,0.736,0.118,0.842,0.627,0.953,0.3,0.433,0.563,0.296,0.907,0.523,0.442,0.489,0.643,0.787,0.48,0.295,0.313,0.608,0.324,0.365,0.349,0.759,0.257,0.683,0.285,0.066,0.471,0.172,0.167,0.935,0.295,0.308,0.834,0.292,0.195,0.182,0.873,0.343,0.589,0.97,0.341,0.198,0.247,0.964
66,0.585,0.105,0.866,0.475,0.11,0.156,0.068,0.774,0.21,0.097,0.296,0.34,0.725,0.726,0.466,0.013,0.135,0.647,0.137,0.901,0.36,0.808,0.736,0.012,0.248,0.575,0.527,0.87,0.609,0.036,0.626,0.071,0.43,0.386,0.489,0.221,0.479,0.849,0.903,0.155,0.35,0.549,0.887,0.667,0.977,0.574,0.74,0.14,0.889,0.058,0.594,0.494,0.674,0.859,0.542,0.518,0.281,0.43,0.123,0.376,0.688,0.846,0.013,0.255
68,0.356,0.331,0.634,0.426,0.987,0.202,0.415,0.372,0.641,0.906,0.782,0.191,0.166,0.461,0.882,0.322,0.201,0.243,0.522,0.469,0.407,0.586,0.511,0.891,0.075,0.987,0.855,0.229,0.676,0.992,0.008,0.967,0.69,0.948,0.823,0.938,0.332,0.981,0.147,0.028,0.49,0.571,0.929,0.541,0.415,0.152,0.205,0.563,0.394,0.608,0.159,0.557,0.46,0.104,0.053,0.498,0.394,0.994,0.007,0.388,0.535,0.857,0.077,0.316
70,0.274,0.726,0.425,0.096,0.074,0.229,0.083,0.669,0.813,0.191,0.44,0.601,0.43,0.297,0.96,0.309,0.682,0.233,0.845,0.423,0.435,0.705,0.67,0.032,0.575,0.133,0.424,0.79,0.36,0.126,0.895,0.349,0.375,0.058,0.423,0.006,0.715,0.366,0.658,0.226,0.252,0.399,0.688,0.474,0.464,0.856,0.949,0.156,0.9,0.087,0.951,0.883,0.439,0.532,0.67,0.855,0.484,0.209,0.046,0.793,0.457,0.833,0.16,0.866
72,0.316,0.021,0.384,0.828,0.026,0.296,0.421,0.949,0.719,0.803,0.057,0.157,0.4,0.237,0.244,0.857,0.764,0.257,0.414,0.775,0.31,0.997,0.369,0.689,0.557,0.016,0.313,0.046,0.811,0.149,0.872,0.332,0.115,0.959,0.591,0.787,0.112,0.143,0.682,0.195,0.043,0.825,0.914,0.096,0.348,0.365,0.098,0.478,0.148,0.438,0.516,0.191,0.37,0.576,0.279,0.077,0.458,0.547,0.317,0.5,0.891,0.576,0.832,0.96
74,0.951,0.198,0.608,0.1,0.287,0.656,0.484,0.845,0.582,0.766,0.571,0.353,0.373,0.59,0.513,0.686,0.61,0.645,0.387,0.528,0.936,0.938,0.837,0.958,0.119,0.299,0.939,0.973,0.93,0.275,0.354,0.397,0.254,0.314,0.643,0.528,0.061,0.618,0.789,0.006,0.206,0.844,0.127,0.477,0.851,0.707,0.365,0.409,0.33,0.035,0.446,0.294,0.919,0.897,0.997,0.28,0.271,0.024,0.588,0.624,0.877,0.719,0.564,0.773
76,0.066,0.256,0.211,0.065,0.277,0.684,0.227,0.31,0.197,0.807,0.307,0.691,0.803,0.801,0.983,0.917,0.981,0.811,0.751,0.001,0.69,0.647,0.244,0.077,0.803,0.701,0.661,0.826,0.735,0.182,0.157,0.852,0.359,0.035,0.455,0.94,0.168,0.647,0.869,0.874,0.192,0.736,0.569,0.037,0.278,0.028,0.448,0.624,0.454,0.654,0.946,0.311,0.175,0.353,0.453,0.041,0.105,0.519,0.992,0.304,0.211,0.394,0.842,0.437
78,0.741,0.208,0.534,0.564,0.751,0.39,0.07,0.904,0.774,0.019,0.949,0.81,0.405,0.391,0.719,0.735,0.442,0.32,0.24,0.308,0.978,0.754,0.263,0.527,0.991,0.71,0.846,0.946,0.576,0.093,0.122,0.381,0.192,0.261,0.734,0.4,0.891,0.184,0.448,0.17,0.165,0.742,0.1,0.527,0.496,0.56,0.055,0.479,0.701,0.303,0.485,0.888,0.451,0.48,0.011,0.518,0.837,0.144,0.222,0.495,0.836,0.148,0.882,0.265
80,0.326,0.113,0.875,0.986,0.244,0.744,0.121,0.112,0.549,0.716,0.368,0.58,0.546,0.908,0.783,0.975,0.42,0.262,0.394,0.203,0.727,0.904,0.75,0.386,0.76,0.154,0.233,0.409,0.028,0.117,0.972,0.621,0.368,0.49,0.787,0.853,0.98,0.256,0.522,0.081,0.608,0.917,0.96,0.054,0.311,0.601,0.191,0.309,0.274,0.28,0.409,0.082,0.705,0.287,0.582,0.356,0.305,0.312,0.889,0.755,0.534,0.524,0.378,0.422
82,0.657,0.272,0.496,0.358,0.726,0.725,0.646,0.78,0.349,0.949,0.313,0.98,0.428,0.144,0.231,0.155,0.055,0.335,0.661,0.222,0.441,0.426,0.451,0.524,0.08,0.002,0.9,0.191,0.005,0.866,0.265,0.179,0.252,0.762,0.218,0.466,0.612,0.013,0.135,0.52,0.255,0.88,0.069,0.546,0.637,0.902,0.831,0.78,0.329,0.955,0.206,0.089,0.637,0.158,0.115,0.453,0.401,0.89,0.295,0.046,0.303,0.85,0.126,0.376
84,0.205,0.048,0.527,0.363,0.977,0.645,0.63,0.406,0.407,0.498,0.702,0.126,0.986,0.89,0.012,0.719,0.191,0.6,0.709,0.342,0.537,0.275,0.294,0.556,0.406,0.942,0.654,0.027,0.803,0.774,0.234,0.671,0.422,0.392,0.19,0.758,0.593,0.303,0.784,0.155,0.089,0.796,0.911,0.607,0.001,0.229,0.663,0.723,0.812,0.618,0.332,0.102,0.985,0.679,0.069,0.618,0.137,0.234,0.668,0.981,0.95,0.066,0.962,0.508
86,0.995,0.263,0.968,0.815,0.856,0.794,0.576,0.566,0.103,0.236,0.54,0.527,0.345,0.084,0.174,0.241,0.744,0.212,0.651,0.433,0.712,0.991,0.232,0.984,0.901,0.241,0.43,0.459,0.61,0.645,0.556,0.88,0.754,0.187,0.659,0.197,0.408,0.823,0.936,0.275,0.807,0.854,0.65,0.708,0.763,0.798,0.383,0.197,0.875,0.732,0.687,0.093,0.387,0.921,0.149,0.265,0.166,0.991,0.404,0.162,0.9,0.361,0.231,0.668
88,0.207,0.3,0.396,0.003,0.041,0.636,0.083,0.076,0.881,0.509,0.125,0.611,0.7,0.888,0.326,0.69,0.719,0.057,0.63,0.237,0.192,0.407,0.734,0.098,0.501,0.939,0.179,0.052,0.319,0.887,0.576,0.952,0.628,0.269,0.617,0.007,0.89,0.329,0.771,0.454,0.668,0.862,0.833,0.001,0.33,0.973,0.778,0.691,0.041,0.491,0.124,0.464,0.673,0.61,0.554,0.206,0.898,0.211,0.653,0.461,0.59,0.381,0.623,0.816
90,0.475,0.341,0.76,0.653,0.465,0.862,0.179,0.133,0.854,0.972,0.495,0.996,0.339,0.497,0.392,0.69,0.14,0.45,0.244,0.436,0.667,0.231,0.572,0.632,0.963,0.876,0.929,0.513,0.236,0.224,0.053,0.239,0.045,0.009,0.372,0.42,0.497,0.861,0.426,0.345,0.909,0.08,0.271,0.529,0.649,0.724,0.439,0.022,0.43,0.67,0.152,0.762,0.049,0.23,0.817,0.515,0.777,0.204,0.352,0.566,0.272,0.64,0.195,0.262
92,0.793,0.451,0.571,0.763,0.829,0.641,0.975,0.094,0.949,0.907,0.933,0.526,0.394,0.432,0.889,0.009,0.75,0.361,0.618,0.118,0.461,0.006,0.805,0.775,0.51,0.435,0.393,0.336,0.834,0.899,0.662,0.912,0.321,0.051,0.085,0.448,0.219,0.026,0.231,0.77,0.063,0.805,0.993,0.595,0.562,0.462,0.407,0.735,0.502,0.559,0.19,0.123,0.935,0.791,0.349,0.959,0.016,0.713,0.372,0.816,0.428,0.939,0.963,0.732
94,0.586,0.516,0.76,0.788,0.741,0.255,0.831,0.091,0.163,0.084,0.879,0.933,0.904,0.858,0.86,0.876,0.741,0.945,0.395,0.744,0.946,0.91,0.455,0.904,0.012,0.85,0.101,0.616,0.605,0.205,0.171,0.952,0.697,0.026,0.072,0.334,0.612,0.689,0.845,0.093,0.435,0.49,0.5,0.348,0.051,0.563,0.049,0.453,0.636,0.071,0.511,0.602,0.956,0.877,0.293,0.63,0.59,0.923,0.689,0.399,0.947,0.4,0.943,0.972
96,0.202,0.003,0.597,0.363,0.784,0.759,0.331,0.3,0.368,0.802,0.971,0.804,0.11,0.376,0.889,0.831,0.292,0.889,0.451,0.265,0.859,0.333,0.104,0.222,0.269,0.578,0.778,0.245,0.929,0.852,0.381,0.738,0.931,0.069,0.737,0.693,0.319,0.955,0.955,0.374,0.751,0.115,0.354,0.601,0.808,0.427,0.024,0.821,0.549,0.853,0.25,0.617,0.691,0.919,0.278,0.475,0.008,0.705,0.272,0.256,0.707,0.798,0.378,0.696
98,0.545,0.049,0.999,0.285,0.32,0.696,0.465,0.266,0.232,0.72,0.242,0.881,0.44,0.665,0.224,0.766,0.317,0.105,0.858,0.03,0.583,0.373,0.975,0.044,0.886,0.124,0.934,0.235,0.45,0.704,0.6,0.252,0.299,0.18,0.375,0.494,0.444,0.69,0.869,0.161,0.557,0.413,0.947,0.372,0.071,0.007,0.789,0.272,0.214,0.611,0.315,0.881,0.821,0.369,0.805,0.852,0.28,0.402,0.642,0.235,0.3,0.429,0.453,0.401
100,0.165,0.529,0.795,0.87,0.65,0.863,0.269,0.165,0.828,0.633,0.541,0.679,0.473,0.356,0.546,0.605,0.039,0.546,0.852,0.755,0.971,0.053,0.155,0.758,0.006,0.958,0.098,0.534,0.828,0.82,0.819,0.699,0.836,0.206,0.111,0.968,0.367,0.901,0.972,0.51,0.521,0.685,0.396,0.567,0.725,0.991,0.875,0.808,0.991,0.99,0.743,0.33,0.409,0.589,0.229,0.71,0.888,0.064,0.363,0.129,0.671,0.65,0.357,0.906
102,0.125,0.558,0.855,0.152,0.489,0.668,0.125,0.755,0.922,0.699,0.382,0.806,0.12,0.753,0.497,0.967,0.263,0.529,0.934,0.927,0.414,0.834,0.692,0.905,0.592,0.474,0.512,0.942,0.472,0.666,0.395,0.299,0.819,0.89,0.542,0.69,0.462,0.736,0.741,0.461,0.056,0.178,0.017,0.805,0.614,0.427,0.5,0.77,0.368,0.748,0.666,0.772,0.983,0.699,0.029,0.247,0.193,0.003,0.11,0.609,0.965,0.345,0.627,0.542
104,0.578,0.009,0.551,0.136,0.532,0.562,0.598,0.946,0.903,0.961,0.076,0.728,0.721,0.835,0.29,0.646,0.96,0.825,0.855,0.661,0.212,0.31,0.101,0.346,0.075,0.933,0.085,0.911,0.432,0.671,0.742,0.352,0.583,0.267,0.018,0.201,0.095,0.157,0.269,0.729,0.683,0.765,0.062,0.415,0.76,0.441,0.316,0.173,0.524,0.835,0.277,0.888,0.409,0.846,0.035,0.075,0.156,0.872,0.996,0.974,0.498,0.053,0.539,0.956
106,0.803,0.182,0.877,0.852,0.394,0.934,0.085,0.955,0.734,0.704,0.882,0.214,0.52,0.402,0.213,0.115,0.143,0.652,0.578,0.321,0.172,0.092,0.006,0.896,0.769,0.693,0.544,0.393,0.8,0.33,0.797,0.31,0.143,0.249,0.085,0.393,0.405,0.317,0.56,0.952,0.504,0.135,0.56,0.99,0.906,0.021,0.197,0.027,0.959,0.879,0.901,0.892,0.484,0.87,0.79,0.885,0.706,0.621,0.273,0.647,0.12,0.21,0.675,0.343
108,0.06,0.024,0.382,0.622,0.026,0.964,0.573,0.791,0.789,0.307,0.176,0.266,0.633,0.892,0.161,0.833,0.999,0.713,0.508,0.599,0.879,0.518,0.264,0.881,0.039,0.52,0.832,0.85,0.523,0.738,0.239,0.589,0.831,0.716,0.282,0.696,0.251,0.113,0.691,0.855,0.104,0.41,0.742,0.393,0.38,0.881,0.035,0.449,0.763,0.51,0.434,0.255,0.557,0.439,0.983,0.291,0.591,0.558,0.006,0.908,0.961,0.901,0.199,0.892
110,0.038,0.483,0.297,1.0,0.197,0.707,0.364,0.55,0.969,0.391,0.371,0.068,0.472,0.166,0.627,0.144,0.268,0.068,0.029,0.266,0.305,0.808,0.127,0.002,0.874,0.443,0.819,0.746,0.243,0.968,0.348,0.096,0.719,0.956,0.41,0.308,0.964,0.107,0.233,0.708,0.224,0.818,0.03,0.048,0.96,0.56,0.675,0.525,0.509,0.79,0.624,0.453,0.986,0.393,0.772,0.208,0.972,0.76,0.858,0.948,0.562,0.868,0.998,0.477
112,0.986,0.221,0.847,0.427,0.858,0.086,0.324,0.869,0.344,0.344,0.545,0.512,0.338,0.003,0.607,0.051,0.287,0.004,0.81,0.564,0.679,0.451,0.749,0.665,0.16,0.913,0.113,0.525,0.429,0.392,0.218,0.529,0.749,0.313,0.05,0.287,0.357,0.228,0.068,0.888,0.689,0.187,0.223,0.895,0.296,0.296,0.876,0.374,0.252,0.094,0.098,0.127,0.147,0.454,0.792,0.795,0.826,0.597,0.362,0.503,0.026,0.607,0.536,0.434
114,0.239,0.257,0.407,0.284,0.869,0.344,0.8,0.202,0.51,0.962,0.404,0.627,0.812,0.029,0.907,0.479,0.124,0.327,0.625,0.716,0.156,0.838,0.264,0.647,0.249,0.669,0.715,0.939,0.003,0.056,0.288,0.372,0.053,0.747,0.729,0.882,0.378,0.172,0.675,0.152,0.259,0.868,0.012,0.683,0.62,0.106,0.228,0.87,0.453,0.289,0.853,0.408,0.767,0.408,0.299,0.12,0.632,0.798,0.506,0.914,0.283,0.169,0.186,0.266
116,0.89,0.025,0.783,0.56,0.086,0.886,0.857,0.583,0.369,0.589,0.771,0.812,0.129,0.89,0.511,0.164,0.906,0.926,0.76,0.146,0.472,0.085,0.347,0.23,0.163,0.131,0.319,0.91,0.507,0.116,0.945,0.245,0.689,0.467,0.586,0.565,0.416,0.669,0.606,0.429,0.061,0.63,0.428,0.437,0.2,0.555,0.757,0.341,0.581,0.797,0.136,0.38,0.112,0.971,0.325,0.693,0.371,0.84,0.153,0.974,0.132,0.681,0.844,0.597
118,0.235,0.091,0.376,0.004,0.769,0.482,0.486,0.908,0.638,0.43,0.432,0.993,0.031,0.229,0.277,0.942,0.869,0.503,0.337,0.923,0.458,0.193,0.554,0.872,0.95,0.503,0.994,0.16,0.441,0.691,0.061,0.258,0.338,0.866,0.404,0.731,0.686,0.348,0.196,0.174,0.265,0.211,0.58,0.372,0.921,0.844,0.175,0.855,0.279,0.064,0.269,0.108,0.065,0.045,0.127,0.548,0.06,0.17,0.507,0.803,0.197,0.048,0.454,0.821
120,0.797,0.93,0.097,0.728,0.115,0.748,0.039,0.584,0.473,0.406,0.452,0.491,0.242,0.572,0.781,0.847,0.633,0.282,0.188,0.737,0.479,0.092,0.359,0.511,0.595,0.575,0.752,0.73,0.655,0.153,0.143,0.006,0.426,0.119,0.657,0.026,0.718,0.044,0.605,0.505,0.383,0.443,0.544,0.051,0.229,0.313,0.242,0.823,0.892,0.009,0.887,0.367,0.995,0.211,0.49,0.022,0.05,0.806,0.104,0.613,0.327,0.636,0.357,0.056
122,0.489,0.457,0.695,0.952,0.367,0.815,0.675,0.581,0.206,0.764,0.562,0.087,0.319,0.039,0.059,0.198,0.77,0.061,0.658,0.925,0.114,0.976,0.834,0.509,0.779,0.044,0.237,0.841,0.157,0.215,0.409,0.592,0.361,0.773,0.036,0.476,0.79,0.655,0.518,0.029,0.916,0.213,0.185,0.61,0.782,0.894,0.074,0.037,0.718,0.733,0.277,0.8,0.112,0.575,0.139,0.647,0.97,0.636,0.676,0.007,0.442,0.351,0.18,0.294
124,0.661,0.901,0.252,0.69,0.289,0.891,0.046,0.362,0.602,0.075,0.621,0.679,0.889,0.842,0.094,0.246,0.323,0.561,0.696,0.21,0.819,0.06,0.759,0.955,0.433,0.663,0.626,0.923,0.029,0.937,0.901,0.349,0.094,0.749,0.073,0.676,0.805,0.129,0.792,0.936,0.469,0.735,0.331,0.349,0.826,0.32,0.166,0.469,0.35,0.72,0.831,0.087,0.331,0.631,0.616,0.651,0.597,0.347,0.267,0.182,0.432,0.18,0.422,0.936
126,0.385,0.431,0.726,0.42,0.042,0.821,0.52,0.165,0.073,0.887,0.217,0.952,0.216,0.343,0.006,0.598,0.531,0.32,0.883,0.065,0.178,0.457,0.706,0.682,0.895,0.686,0.038,0.615,0.415,0.704,0.419,0.342,0.039,0.451,0.188,0.258,0.801,0.554,0.067,0.527,0.641,0.086,0.925,0.42,0.523,0.35,0.773,0.963,0.358,0.99,0.72,0.176,0.913,0.528,0.775,0.88,0.951,0.739,0.785,0.207,0.95,0.028,0.761,0.54
128,0.74,0.019,0.23,0.206,0.169,0.94,0.2,0.633,0.566,0.95,0.657,0.461,0.411,0.747,0.08,0.681,0.25,0.599,0.918,0.669,0.956,0.824,0.213,0.696,0.249,0.95,0.498,0.108,0.226,0.084,0.373,0.666,0.487,0.879,0.907,0.771,0.57,0.26,0.572,0.0,0.513,0.98,0.073,0.123,0.438,0.421,0.281,0.919,0.873,0.628,0.461,0.533,0.02,0.837,0.322,0.364,0.114,0.802,0.945,0.042,0.421,0.497,0.086,0.499
130,0.535,0.679,0.89,0.748,0.043,0.187,0.2,0.135,0.181,0.309,0.327,0.096,0.213,0.607,0.099,0.98,0.065,0.4,0.505,0.973,0.449,0.09,0.085,0.081,0.404,0.384,0.492,0.784,0.114,0.538,0.225,0.42,0.836,0.631,0.315,0.026,0.322,0.346,0.377,0.603,0.931,0.256,0.047,0.828,0.304,0.31,0.743,0.159,0.723,0.387,0.434,0.61,0.657,0.14,0.501,0.194,0.797,0.829,0.409,0.036,0.37,0.876,0.709,0.543
132,0.05,0.428,0.516,0.775,0.545,0.787,0.586,0.797,0.804,0.081,0.536,0.043,0.255,0.004,0.191,0.354,0.97,0.476,0.12,0.563,0.501,0.334,0.379,0.367,0.649,0.033,0.664,0.873,0.716,0.796,0.531,0.609,0.853,0.292,0.595,0.871,0.716,0.123,0.347,0.393,0.299,0.746,0.354,0.138,0.422,0.482,0.244,0.495,0.045,0.028,0.708,0.627,0.964,0.062,0.586,0.832,0.861,0.459,0.655,0.883,0.083,0.036,0.251,0.366
134,0.557,0.061,0.612,0.357,0.134,0.681,0.771,0.524,0.026,0.974,0.742,0.046,0.914,0.437,0.076,0.577,0.299,0.268,0.599,0.157,0.683,0.177,0.645,0.657,0.781,0.773,0.654,0.162,0.366,0.173,0.441,0.278,0.362,0.606,0.399,0.229,0.895,0.968,0.003,0.17,0.33,0.118,0.656,0.998,0.129,0.935,0.862,0.137,0.809,0.281,0.904,0.55,0.039,0.23,0.605,0.174,0.164,0.348,0.751,0.917,0.89,0.41,0.301,0.88
136,0.019,0.906,0.991,0.239,0.461,0.841,0.183,0.771,0.366,0.53,0.546,0.443,0.898,0.309,0.587,0.025,0.637,0.386,0.719,0.901,0.951,0.456,0.986,0.088,0.384,0.622,0.665,0.592,0.285,0.2,0.291,0.453,0.449,0.034,0.066,0.749,0.743,0.329,0.317,0.668,0.684,0.051,0.528,0.565,0.422,0.94,0.155,0.724,0.84,0.923,0.513,0.582,0.331,0.227,0.1,0.879,0.235,0.876,0.69,0.077,0.084,0.878,0.873,0.519
138,0.987,0.167,0.655,0.457,0.346,0.183,0.761,0.506,0.611,0.096,0.146,0.426,0.003,0.153,0.757,0.941,0.232,0.148,0.156,0.2,0.128,0.907,0.887,0.037,0.993,0.187,0.937,0.536,0.845,0.369,0.188,0.209,0.66,0.664,0.519,0.715,0.402,0.787,0.295,0.053,0.743,0.031,0.258,0.957,0.912,0.011,1.0,0.801,0.019,0.666,0.026,0.098,0.597,0.652,0.569,0.143,0.018,0.073,0.201,0.762,0.015,0.33,0.826,0.084
140,0.166,0.335,0.23,0.911,0.157,0.991,0.273,0.908,0.294,0.303,0.271,0.896,0.619,0.32,0.451,0.496,0.736,0.208,0.301,0.663,0.564,0.093,0.705,0.159,0.548,0.274,0.944,0.972,0.464,0.895,0.854,0.081,0.686,0.499,0.716,0.821,0.896,0.028,0.16,0.768,0.29,0.678,0.794,0.619,0.426,0.14,0.653,0.17,0.145,0.352,0.324,0.761,0.295,0.418,0.584,0.988,0.614,0.233,0.286,0.742,0.586,0.428,0.412,0.828
142,0.331,0.226,0.751,0.542,0.365,0.693,0.781,0.024,0.1,0.443,0.274,0.269,0.988,0.777,0.023,0.726,0.159,0.313,0.087,0.203,0.593,0.251,0.939,0.321,0.526,0.04,0.734,0.677,0.52,0.774,0.567,0.576,0.719,0.691,0.705,0.902,0.746,0.721,0.949,0.759,0.707,0.998,0.993,0.718,0.171,0.38,0.188,0.758,0.473,0.614,0.385,0.882,0.957,0.822,0.91,0.89,0.74,0.279,0.019,0.9,0.673,0.43,0.008,0.206
144,0.44,0.513,0.959,0.029,0.901,0.013,0.323,0.261,0.992,0.657,0.468,0.755,0.368,0.788,0.199,0.285,0.573,0.353,0.127,0.195,0.596,0.839,0.396,0.948,0.48,0.276,0.41,0.62,0.898,0.262,0.619,0.932,0.827,0.328,0.919,0.879,0.811,0.468,0.614,0.094,0.727,0.405,0.854,0.131,0.197,0.555,0.582,0.519,0.804,0.03,0.828,0.598,0.69,0.305,0.554,0.293,0.958,0.626,0.02,0.57,0.968,0.902,0.426,0.145
146,0.956,0.48,0.233,0.859,0.583,0.979,0.008,0.126,0.137,0.755,0.662,0.933,0.825,0.916,0.956,0.783,0.342,0.132,0.244,0.67,0.68,0.982,0.739,0.304,0.773,0.683,0.841,0.606,0.76,0.462,0.75,0.468,0.17,0.094,0.083,0.39,0.657,0.181,0.205,0.794,0.136,0.126,0.773,0.146,0.469,0.483,0.909,0.659,0.164,0.354,0.534,0.989,0.886,0.043,0.669,0.946,0.195,0.622,0.245,0.752,0.053,0.734,0.958,0.549
148,0.692,0.022,0.875,0.567,0.576,0.274,0.79,0.353,0.019,0.55,0.37,0.111,0.414,0.075,0.859,0.425,0.515,0.183,0.221,0.668,0.128,0.333,0.626,0.958,0.014,0.492,0.89,0.378,0.294,0.954,0.406,0.173,0.106,0.883,0.464,0.259,0.495,0.569,0.696,0.723,0.498,0.716,0.903,0.521,0.064,0.248,0.427,0.095,0.822,0.198,0.93,0.688,0.882,0.94,0.591,0.107,0.933,0.51,0.977,0.235,0.665,0.769,0.705,0.644
150,0.62,0.499,0.652,0.139,0.742,0.675,0.802,0.456,0.152,0.24,0.734,0.452,0.396,0.761,0.669,0.159,0.896,0.571,0.888,0.76,0.134,0.271,0.987,0.766,0.985,0.749,0.43,0.245,0.877,0.319,0.807,0.144,0.185,0.992,0.367,0.538,0.206,0.536,0.235,0.76,0.225,0.33,0.94,0.568,0.129,0.537,0.139,0.707,0.428,0.729,0.028,0.66,0.877,0.134,0.085,0.698,0.118,0.125,0.26,0.88,0.222,0.099,0.11,0.982
152,0.048,0.977,0.737,0.241,0.336,0.059,0.626,0.238,0.227,0.655,0.742,0.861,0.965,0.116,0.264,0.21,0.433,0.812,0.762,0.909,0.421,0.935,0.381,0.77,0.863,0.793,0.034,0.8,0.549,0.695,0.333,0.919,0.581,0.099,0.147,0.424,0.48,0.032,0.852,0.159,0.376,0.222,0.466,0.775,0.031,0.344,0.471,0.346,0.562,0.311,0.104,0.103,0.808,0.43,0.751,0.936,0.668,0.455,0.719,0.087,0.644,0.564,0.197,0.063
154,0.728,0.988,0.984,0.54,0.629,0.713,0.042,0.487,0.299,0.719,0.519,0.986,0.064,0.575,0.733,0.069,0.25,0.49,0.754,0.167,0.904,0.642,0.322,0.419,0.89,0.079,0.375,0.126,0.915,0.534,0.472,0.878,0.406,0.103,0.396,0.898,0.854,0.566,0.111,0.743,0.955,0.143,0.283,0.769,0.884,0.491,0.467,0.032,0.641,0.822,0.067,0.936,0.706,0.817,0.188,0.438,0.277,0.793,0.655,0.586,0.271,0.476,0.08,0.51
156,0.54,0.502,0.128,0.26,0.71,0.039,0.205,0.845,0.847,0.594,0.732,0.769,0.204,0.072,0.457,0.784,0.977,0.7,0.541,0.629,0.898,0.789,0.146,0.617,0.491,0.747,0.637,0.455,0.272,0.724,0.127,0.777,0.004,0.789,0.574,0.493,0.574,0.702,0.713,0.512,0.767,0.835,0.904,0.534,0.704,0.011,0.448,0.403,0.53,0.788,0.819,0.591,0.543,0.862,0.34,0.693,0.38,0.944,0.348,0.637,0.931,0.013,0.661,0.101
158,0.938,0.478,0.044,1.0,0.982,0.22,0.174,0.685,0.405,0.131,0.971,0.766,0.136,0.31,0.094,0.088,0.871,0.187,0.867,0.768,0.111,0.642,0.436,0.718,0.104,0.346,0.092,0.244,0.688,0.534,0.665,0.165,0.417,0.069,0.337,0.385,0.094,0.737,0.797,0.579,0.59,0.577,0.696,0.432,0.737,0.07,0.742,0.379,0.685,0.117,0.205,0.417,0.149,0.786,0.841,0.63,0.977,0.846,0.914,0.956,0.861,0.29,0.264,0.666
160,0.681,0.123,0.232,0.096,0.277,0.623,0.8,0.449,0.414,0.939,0.426,0.24,0.017,0.735,0.395,0.311,0.336,0.207,0.573,0.069,0.933,0.983,0.195,0.14,0.704,0.878,0.309,0.534,0.967,0.148,0.474,0.729,0.08,0.605,0.972,0.86,0.526,0.69,0.822,0.551,0.297,0.664,0.658,0.228,0.859,0.412,0.467,0.486,0.226,0.789,0.866,0.189,0.845,0.869,0.412,0.739,0.669,0.954,0.65,0.479,0.541,0.455,0.259,0.729
162,0.432,0.733,0.352,0.904,0.239,0.121,0.659,0.45,0.304,0.464,0.971,0.98,0.832,0.805,0.703,0.626,0.252,0.943,0.414,0.211,0.543,0.971,0.358,0.814,0.657,0.283,0.123,0.194,0.344,0.27,0.197,0.106,0.142,0.832,0.485,0.868,0.568,0.184,0.334,0.909,0.832,0.903,0.702,0.677,0.315,0.212,0.928,0.618,0.896,0.43,0.734,0.814,0.765,0.949,0.67,0.492,0.349,0.629,0.202,0.498,0.561,0.743,0.565,0.171
164,0.058,0.368,0.992,0.113,0.753,0.08,0.153,0.048,0.779,0.978,0.144,0.771,0.986,0.428,0.998,0.054,0.479,0.508,0.392,0.323,0.01,0.168,0.789,0.462,0.922,0.946,0.894,0.379,0.97,0.758,0.737,0.224,0.408,0.327,0.626,0.44,0.517,0.866,0.666,0.211,0.851,0.707,0.71,0.106,0.248,0.858,0.141,0.144,0.638,0.539,0.928,0.312,0.654,0.185,0.227,0.897,0.718,0.953,0.986,0.764,0.039,0.571,0.703,0.046
166,0.76,0.475,0.198,0.443,0.328,0.363,0.708,0.604,0.721,0.966,0.419,0.634,0.858,0.819,0.867,0.626,0.048,0.012,0.003,0.527,0.572,0.808,0.111,0.972,0.992,0.506,0.399,0.216,0.124,0.914,0.23,0.194,0.355,0.792,0.503,0.416,0.77,0.87,0.105,0.779,0.572,0.945,0.242,0.991,0.583,0.583,0.231,0.85,0.226,0.637,0.492,0.532,0.423,0.855,0.371,0.888,0.212,0.408,0.097,0.892,0.232,0.146,0.292,0.918
168,0.712,0.319,0.937,0.807,0.98,0.911,0.131,0.882,0.252,0.826,0.925,0.215,0.052,0.97,0.863,0.367,0.355,0.686,0.466,0.768,0.008,0.775,0.598,0.047,0.38,0.859,0.747,0.055,0.343,0.352,0.935,0.559,0.239,0.783,0.146,0.117,0.859,0.492,0.067,0.921,0.291,0.333,0.558,0.332,0.352,0.959,0.45,0.053,0.03,0.807,0.782,0.96,0.981,0.828,0.332,0.813,0.001,0.432,0.989,0.42,0.988,0.971,0.707,0.228
170,0.741,0.949,0.894,0.519,0.85,0.239,0.879,0.185,0.873,0.48,0.233,0.603,0.837,0.799,0.893,0.864,0.795,0.411,0.67,0.599,0.266,0.912,0.906,0.666,0.062,0.354,0.832,0.464,0.433,0.245,0.414,0.041,0.309,0.594,0.386,0.834,0.908,0.353,0.557,0.701,0.946,0.744,0.011,0.352,0.528,0.303,0.897,0.502,0.609,0.99,0.343,0.983,0.76,0.065,0.057,0.346,0.803,0.557,0.316,0.031,0.07,0.04,0.412,0.238
172,0.247,0.765,0.359,0.059,0.262,0.716,0.896,0.18,0.77,0.608,0.682,0.12,0.795,0.327,0.191,0.609,0.426,0.999,0.095,0.925,0.76,0.523,0.206,0.351,0.097,0.302,0.645,0.291,0.53,0.467,0.9,0.942,0.041,0.886,0.992,0.963,0.561,0.456,0.072,0.392,0.834,0.456,0.088,0.026,0.45,0.603,0.408,0.388,0.156,0.58,0.283,0.119,0.43,0.971,0.445,0.909,0.985,0.7,0.772,0.245,0.992,0.322,0.255,0.374
174,0.201,0.445,0.451,0.386,0.112,0.67,0.672,0.972,0.325,0.702,0.907,0.031,0.165,0.877,0.666,0.23,0.852,0.444,0.654,0.16,0.325,0.925,0.21,0.358,0.956,0.286,0.924,0.782,0.056,0.675,0.881,0.945,0.718,0.612,0.866,0.038,0.618,0.287,0.614,0.271,0.577,0.202,0.236,0.096,0.907,0.264,0.338,0.945,0.569,0.499,0.947,0.841,0.493,0.391,0.573,0.354,0.908,0.566,0.358,0.043,0.346,0.942,0.679,0.838
176,0.168,0.295,0.866,0.521,0.894,0.247,0.789,0.241,0.881,0.848,0.325,0.003,0.331,0.556,0.391,0.462,0.033,0.992,0.377,0.88,0.936,0.36,0.204,0.937,0.701,0.545,0.927,0.192,0.463,0.256,0.336,0.449,0.716,0.566,0.977,0.709,0.729,0.52,0.213,0.013,0.093,0.456,0.336,0.985,0.042,0.72,0.658,0.252,0.512,0.822,0.603,0.346,0.54,0.168,0.798,0.372,0.075,0.907,0.588,0.48,0.81,0.294,0.021,0.04
178,0.143,0.65,0.136,0.48,0.468,0.156,0.519,0.97,0.408,0.431,0.849,0.048,0.728,0.898,0.754,0.346,0.566,0.175,0.136,0.211,0.402,0.932,0.475,0.771,0.414,0.452,0.245,0.395,0.447,0.142,0.752,0.276,0.756,0.775,0.65,0.381,0.613,0.415,0.452,0.397,0.41,0.853,0.319,0.13,0.367,0.354,0.142,0.967,0.11,0.516,0.308,0.814,0.516,0.778,0.565,0.635,0.001,0.992,0.458,0.936,0.886,0.697,0.248,0.528
180,0.793,0.275,0.255,0.36,0.234,0.773,0.699,0.187,0.594,0.511,0.84,0.597,0.88,0.982,0.135,0.564,0.263,0.322,0.543,0.708,0.717,0.048,0.038,0.473,0.911,0.296,0.849,0.218,0.676,0.906,0.21,0.482,0.323,0.936,0.42,0.237,0.056,0.361,0.338,0.29,0.545,0.648,0.485,0.878,0.825,0.731,0.764,0.373,0.918,0.674,0.076,0.97,0.841,0.459,0.524,0.199,0.245,0.958,0.668,0.006,0.749,0.165,0.058,0.489
182,0.056,0.705,0.957,0.372,0.055,0.026,0.316,0.029,0.644,0.34,0.154,0.871,0.913,0.372,0.605,0.974,0.597,0.564,0.63,0.787,0.319,0.623,0.621,0.951,0.987,0.548,0.146,0.652,0.93,0.635,0.41,0.315,0.89,0.205,0.159,0.222,0.537,0.88,0.184,0.145,0.981,0.172,0.333,0.216,0.458,0.288,0.998,0.237,0.216,0.395,0.107,0.205,0.966,0.605,0.46,0.877,0.494,0.888,0.91,0.381,0.378,0.056,0.235,0.169
184,0.447,0.495,0.033,0.605,0.483,0.383,0.355,0.235,0.818,0.314,0.825,0.309,0.504,0.685,0.18,0.618,0.361,0.898,0.139,0.333,0.282,0.253,0.271,0.876,0.695,0.517,0.695,0.119,0.524,0.177,0.481,0.896,0.795,0.009,0.336,0.151,0.123,0.891,0.541,0.713,0.303,0.478,0.818,0.647,0.651,0.47,0.652,0.293,0.823,0.075,0.925,0.819,0.089,0.675,0.857,0.562,0.728,0.8,0.254,0.874,0.768,0.717,0.117,0.944
186,0.093,0.588,0.546,0.087,0.389,0.15,0.795,0.035,0.633,0.05,0.982,0.161,0.132,0.779,0.077,0.042,0.571,0.164,0.627,0.834,0.8,0.945,0.703,0.525,0.233,0.234,0.773,0.207,0.95,0.277,0.654,0.708,0.689,0.581,0.901,0.612,0.807,0.862,0.635,0.911,0.142,0.696,0.472,0.655,0.551,0.212,0.049,0.552,0.463,0.174,0.131,0.479,0.468,0.875,0.43,0.892,0.058,0.982,0.849,0.177,0.368,0.933,0.716,0.871
188,0.823,0.099,0.771,0.732,0.926,0.044,0.323,0.796,0.362,0.493,0.294,0.663,0.66,0.383,0.763,0.978,0.73,0.818,0.16,0.601,0.671,0.696,0.065,0.049,0.654,0.287,0.655,0.526,0.049,0.61,0.576,0.401,0.416,0.737,0.442,0.012,0.323,0.709,0.846,0.428,0.493,0.523,0.429,0.827,0.755,0.135,0.682,0.974,0.037,0.537,0.202,0.109,0.512,0.84,0.265,0.947,0.291,0.302,0.436,0.898,0.446,0.529,0.143,0.469
190,0.475,0.624,0.742,0.973,0.304,0.26,0.399,0.485,0.77,0.712,0.522,0.761,0.805,0.743,0.292,0.125,0.031,0.13,0.428,0.929,0.556,0.472,0.784,0.632,0.068,0.318,0.032,0.681,0.587,0.48,0.305,0.136,0.579,0.223,0.635,0.172,0.257,0.281,0.736,0.332,0.855,0.915,0.823,0.636,0.93,0.721,0.274,0.073,0.314,0.321,0.584,0.72,0.014,0.098,0.366,0.383,0.907,0.041,0.404,0.656,0.865,0.124,0.355,0.307
192,0.261,0.657,0.043,0.573,0.468,0.002,0.54,0.263,0.463,0.702,0.677,0.509,0.87,0.377,0.984,0.65,0.681,0.499,0.111,0.672,0.116,0.322,0.802,0.463,0.57,0.806,0.053,0.998,0.737,0.36,0.185,0.071,0.91,0.389,0.771,0.649,0.811,0.895,0.123,0.76,0.051,0.635,0.724,0.054,0.054,0.333,0.285,0.528,0.14,0.43,0.599,0.377,0.608,0.407,0.755,0.055,0.298,0.887,0.128,0.936,0.636,0.498,0.525,0.998
194,0.58,0.295,0.035,0.867,0.384,0.407,0.007,0.752,0.11,0.481,0.308,0.995,0.999,0.735,0.685,0.095,0.993,0.081,0.954,0.833,0.445,0.597,0.125,0.625,0.768,0.561,0.69,0.412,0.71,0.601,0.151,0.605,0.241,0.504,0.656,0.623,0.166,0.297,0.011,0.069,0.267,0.344,0.975,0.61,0.311,0.336,0.91,0.765,0.162,0.054,0.422,0.218,0.261,0.598,0.003,0.632,0.922,0.479,0.172,0.25,0.467,0.342,0.768,0.429
196,0.103,0.405,0.377,0.083,0.071,0.615,0.583,0.798,0.046,0.85,0.121,0.184,0.524,0.651,0.364,0.207,0.902,0.454,0.305,0.587,0.081,0.467,0.381,0.477,0.141,0.22,0.924,0.8,0.75,0.37,0.16,0.016,0.94,0.946,0.978,0.772,0.485,0.987,0.093,0.389,0.44,0.871,0.078,0.644,0.707,0.285,0.886,0.174,0.839,0.487,0.062,0.89,0.615,0.707,0.426,0.422,0.442,0.044,0.003,0.194,0.2,0.122,0.279,0.13
198,0.287,0.722,0.315,0.867,0.123,0.457,0.044,0.414,0.737,0.505,0.054,0.544,0.728,0.668,0.687,0.191,0.918,0.31,0.808,0.878,0.713,0.112,0.885,0.766,0.235,0.239,0.966,0.826,0.585,0.301,0.896,0.647,0.998,0.582,0.29,0.111,0.174,0.037,0.004,0.967,0.055,0.756,0.183,0.807,0.331,0.6,0.05,0.878,0.403,0.905,0.303,0.396,0.32,0.121,0.354,0.019,0.626,0.076,0.37,0.903,0.375,0.73,0.924,0.91
200,0.968,0.909,0.294,0.182,0.399,0.022,0.839,0.061,0.034,0.316,0.942,0.451,0.289,0.001,0.601,0.809,0.818,0.664,0.95,0.768,0.438,0.821,0.78,0.337,0.662,0.425,0.452,0.158,0.01,0.426,0.889,0.183,0.251,0.64,0.827,0.125,0.348,0.328,0.817,0.056,0.585,0.031,0.341,0.928,0.814,0.267,0.855,0.86,0.374,0.835,0.169,0.604,0.248,0.753,0.069,0.284,0.786,0.166,0.517,0.671,0.773,0.937,0.172,0.465
202,0.93,0.664,0.235,0.22,0.185,0.772,0.297,0.099,0.533,0.385,0.916,0.568,0.686,0.289,0.753,0.976,0.894,0.304,0.342,0.946,0.039,0.433,0.491,0.813,0.254,0.89,0.439,0.638,0.937,0.766,0.32,0.919,0.999,0.775,0.569,0.172,0.863,0.007,0.997,0.783,0.874,0.32,0.165,0.516,0.437,0.762,0.85,0.069,0.061,0.658,0.212,0.895,0.302,0.396,0.259,0.96,0.522,0.276,0.904,0.82,0.931,0.616,0.019,0.171
204,0.653,0.41,0.293,0.786,0.05,0.743,0.919,0.04,0.404,0.902,0.383,0.54,0.721,0.118,0.962,0.468,0.304,0.471,0.798,0.446,0.113,0.742,0.483,0.372,0.296,0.379,0.211,0.209,0.48,0.36,0.314,0.095,0.619,0.059,0.382,0.936,0.812,0.036,0.915,0.283,0.659,0.776,0.689,0.369,0.366,0.068,0.493,0.644,0.757,0.817,0.303,0.352,0.201,0.39,0.143,0.517,0.908,0.446,0.47,0.161,0.345,0.777,0.418,0.02
206,0.241,0.474,0.568,0.292,0.918,0.215,0.917,0.342,0.932,0.255,0.124,0.532,0.853,0.021,0.124,0.751,0.042,0.938,0.27,0.513,0.6,0.213,0.256,0.889,0.931,0.492,0.059,0.848,0.698,0.97,0.315,0.411,0.289,0.195,0.053,0.25,0.778,0.929,0.461,0.723,0.846,0.858,0.217,0.372,0.881,0.508,0.953,0.704,0.742,0.114,0.485,0.093,0.183,0.396,0.227,0.294,0.867,0.363,0.842,0.363,0.531,0.766,0.999,0.526
208,0.022,0.689,0.766,0.712,0.773,0.729,0.834,0.055,0.136,0.207,0.21,0.781,0.632,0.367,0.84,0.774,0.993,0.128,0.558,0.92,0.286,0.443,0.986,0.122,0.333,0.276,0.842,0.662,0.393,0.6,0.336,0.732,0.844,0.091,0.124,0.737,0.494,0.924,0.257,0.349,0.748,0.353,0.39,0.586,0.115,0.485,0.009,0.114,0.389,0.03,0.203,0.918,0.263,0.026,0.321,0.277,0.253,0.322,0.93,0.054,0.27,0.193,0.389,0.648
210,0.708,0.364,0.88,0.936,0.168,0.889,0.043,0.863,0.232,0.569,0.034,0.414,0.944,0.732,0.829,0.487,0.431,0.827,0.247,0.524,0.923,0.682,0.022,0.014,0.672,0.327,0.587,0.744,0.459,0.256,0.523,0.503,0.714,0.491,0.625,0.002,0.505,0.581,0.659,0.0,0.779,0.48,0.466,0.658,0.923,0.594,0.031,0.126,0.322,0.955,0.309,0.223,0.468,0.692,0.767,0.967,0.367,0.452,0.927,0.706,0.781,0.994,0.287,0.648
212,0.033,0.296,0.74,0.005,0.922,0.587,0.045,0.648,0.094,0.098,0.867,0.065,0.743,0.892,0.317,0.158,0.983,0.268,0.322,0.437,0.377,0.473,0.491,0.9,0.688,0.414,0.718,0.132,0.789,0.303,0.446,0.014,0.077,0.319,0.447,0.595,0.497,0.146,0.766,0.338,0.47,0.814,0.173,0.085,0.254,0.652,0.349,0.387,0.409,0.588,0.939,0.093,0.315,0.229,0.449,0.445,0.906,0.333,0.432,0.942,0.388,0.566,0.467,0.819
214,0.562,0.809,0.34,0.546,0.926,0.447,0.77,0.785,0.096,0.699,0.82,0.096,0.728,0.166,0.294,0.502,0.03,0.102,0.263,0.637,0.379,0.293,0.741,0.101,0.424,0.485,0.397,0.652,0.354,0.392,0.103,0.727,0.881,0.789,0.671,0.25,0.011,0.882,0.215,0.194,0.77,0.563,0.471,0.448,0.502,0.412,0.408,0.107,0.865,0.219,0.758,0.268,0.889,0.424,0.072,0.608,0.041,0.213,0.186,0.006,0.373,0.315,0.861,0.838
216,0.716,0.101,0.587,0.165,0.653,0.538,0.392,0.155,0.826,0.605,0.75,0.048,0.065,0.838,0.769,0.959,0.98,0.423,0.209,0.471,0.602,0.102,0.537,0.272,0.273,0.621,0.184,0.72,0.681,0.451,0.428,0.469,0.251,0.802,0.591,0.537,0.001,0.844,0.542,0.458,0.799,0.425,0.114,0.335,0.555,0.786,0.101,0.899,0.28,0.214,0.134,0.512,0.231,0.306,0.587,0.464,0.312,0.835,0.17,0.274,0.693,0.414,0.044,0.562
218,0.188,0.297,0.856,0.809,0.009,0.159,0.641,0.836,0.296,0.615,0.467,0.448,0.992,0.532,0.676,0.055,0.082,0.386,0.92,0.097,0.446,0.996,0.302,0.15,0.807,0.08,0.419,0.835,0.293,0.551,0.497,0.692,0.699,0.293,0.946,0.05,0.839,0.803,0.293,0.621,0.632,0.512,0.862,0.1,0.119,0.964,0.772,0.887,0.005,0.43,0.207,0.752,0.228,0.395,0.059,0.697,0.841,0.805,0.197,0.961,0.908,0.899,0.579,0.936
220,0.897,0.586,0.369,0.954,0.427,0.717,0.844,0.136,0.809,0.318,0.458,0.837,0.953,0.506,0.634,0.972,0.836,0.88,0.308,0.501,0.068,0.806,0.228,0.614,0.379,0.894,0.67,0.817,0.204,0.311,0.14,0.202,0.833,0.896,0.6,0.222,0.635,0.417,0.717,0.254,0.052,0.261,0.245,0.273,0.593,0.227,0.768,0.381,0.336,0.176,0.365,0.584,0.44,0.148,0.454,0.024,0.684,0.575,0.389,0.2,0.766,0.688,0.08,0.095
222,0.782,0.829,0.444,0.584,0.24,0.66,0.667,0.428,0.36,0.922,0.779,0.99,0.441,0.17,0.305,0.19,0.068,0.032,0.282,0.993,0.896,0.296,0.339,0.492,0.753,0.554,0.386,0.788,0.487,0.809,0.254,0.103,0.244,0.338,0.72,0.867,0.483,0.872,0.719,0.001,0.598,0.282,0.473,0.641,0.208,0.799,0.083,0.326,0.205,0.432,0.457,0.386,0.242,0.982,0.524,0.489,0.43,0.87,0.393,0.195,0.975,0.254,0.27,0.111
224,0.201,0.231,0.033,0.863,0.745,0.239,0.532,0.434,0.52,0.693,0.365,0.974,0.141,0.808,0.96,0.822,0.148,0.363,0.036,0.311,0.136,0.649,0.629,0.893,0.108,0.563,0.471,0.073,0.915,0.978,0.633,0.51,0.079,0.678,0.672,0.368,0.543,0.372,0.51,0.282,0.737,0.65,0.435,0.882,0.745,0.766,0.527,0.545,0.623,0.058,0.209,0.898,0.986,0.717,0.612,0.996,0.072,0.836,0.05,0.764,0.347,0.739,0.202,0.175
226,0.312,0.955,0.778,0.951,0.896,0.835,0.018,0.94,0.14,0.532,0.315,0.139,0.566,0.213,0.546,0.571,0.327,0.935,0.172,0.523,0.637,0.99,0.266,0.696,0.403,0.722,0.712,0.77,0.457,0.912,0.079,0.724,0.706,0.154,0.712,0.18,0.944,0.323,0.542,0.223,0.376,0.375,0.621,0.995,0.363,0.373,0.972,0.184,0.495,0.259,0.417,0.304,0.014,0.115,0.439,0.587,0.55,0.455,0.13,0.658,0.861,0.071,0.885,0.807
228,0.809,0.992,0.241,0.562,0.342,0.979,0.526,0.038,0.991,0.948,0.952,0.444,0.392,0.717,0.919,0.372,0.807,0.618,0.739,0.824,0.246,0.853,0.357,0.264,0.011,0.542,0.311,0.853,0.057,0.57,0.277,0.915,0.78,0.888,0.042,0.831,0.988,0.083,0.967,0.294,0.143,0.396,0.138,0.665,0.703,0.86,0.821,0.696,0.054,0.894,0.529,0.576,0.213,0.509,0.293,0.165,0.911,0.327,0.876,0.191,0.733,0.924,0.756,0.869
230,0.022,0.234,0.243,0.217,0.681,0.586,0.187,0.145,0.172,0.385,0.778,0.19,0.22,0.252,0.395,0.329,0.839,0.806,0.313,0.59,0.548,0.695,0.381,0.524,0.203,0.281,0.135,0.166,0.156,0.78,0.504,0.272,0.244,0.686,0.406,0.593,0.671,0.612,0.84,0.824,0.643,0.083,0.667,0.181,0.634,0.739,0.316,0.08,0.478,0.456,0.22,0.369,0.907,0.67,0.062,0.232,0.055,0.391,0.102,0.161,0.553,0.796,0.885,0.294
232,0.805,0.089,0.436,0.868,0.776,0.973,0.148,0.899,0.265,0.868,0.215,0.295,0.418,0.765,0.952,0.433,0.451,0.969,0.644,0.642,0.923,0.839,0.083,0.629,0.543,0.181,0.946,0.837,0.079,0.477,0.855,0.354,0.121,0.876,0.644,0.808,0.236,0.337,0.845,0.153,0.494,0.471,0.115,0.067,0.751,0.417,0.573,0.336,0.679,0.801,0.695,0.751,0.161,0.627,0.605,0.469,0.919,0.82,0.9,0.197,0.797,0.052,0.81,0.145
234,0.596,0.677,0.589,0.604,0.749,0.582,0.688,0.047,0.377,0.684,0.747,0.944,0.027,0.004,0.615,0.294,0.326,0.713,0.278,0.266,0.348,0.023,0.358,0.584,0.868,0.132,0.39,0.88,0.553,0.124,0.331,0.796,0.868,0.218,0.196,0.269,0.106,0.839,0.887,0.358,0.866,0.709,0.343,0.113,0.814,0.273,0.846,0.967,0.65,0.13,0.389,0.59,0.746,0.56,0.02,0.594,0.191,0.791,0.346,0.855,0.957,0.339,0.282,0.092
236,0.95,0.952,0.632,0.611,0.666,0.187,0.288,0.057,0.786,0.779,0.515,0.149,0.963,0.683,0.916,0.956,0.997,0.499,0.285,0.257,0.473,0.297,0.947,0.778,0.766,0.692,0.383,0.177,0.743,0.037,0.962,0.816,0.506,0.916,0.712,0.306,0.053,0.888,0.6,0.426,0.698,0.447,0.621,0.092,0.712,0.131,0.799,0.44,0.444,0.841,0.516,0.546,0.799,0.622,0.57,0.734,0.704,0.051,0.52,0.805,0.242,0.428,0.838,0.805
238,0.516,0.479,0.178,0.91,0.518,0.236,0.092,0.649,0.291,0.758,0.941,0.603,0.069,0.02,0.421,0.628,0.412,0.246,0.334,0.849,0.604,0.216,0.569,0.856,0.791,0.825,0.767,0.857,0.308,0.127,0.031,0.744,0.308,0.362,0.902,0.519,0.634,0.358,0.701,0.302,0.958,0.054,0.19,0.235,0.792,0.485,0.078,0.155,0.909,0.951,0.802,0.624,0.745,0.194,0.374,0.824,0.536,0.864,0.755,0.971,0.73,0.806,0.195,0.9
240,0.598,0.518,0.605,0.136,0.642,0.973,0.985,0.916,0.813,0.606,0.602,0.318,0.374,0.568,0.182,0.846,0.759,0.151,0.114,0.817,0.772,0.357,0.969,0.275,0.257,0.75,0.882,0.85,0.29,0.409,0.704,0.845,0.682,0.787,0.049,0.358,0.862,0.102,0.643,0.05,0.435,0.855,0.811,0.05,0.578,0.764,0.128,0.073,0.372,0.933,0.948,0.468,0.798,0.027,0.737,0.285,0.669,0.554,0.489,0.144,0.668,0.015,0.41,0.589
242,0.256,0.564,0.844,0.571,0.56,0.919,0.407,0.313,0.39,0.075,0.283,0.404,0.592,0.532,0.665,0.953,0.975,0.695,0.536,0.548,0.35,0.833,0.87,0.306,0.929,0.063,0.075,0.927,0.496,0.826,0.946,0.458,0.057,0.813,0.901,0.893,0.443,0.392,0.93,0.356,0.923,0.349,0.724,0.952,0.458,0.041,0.876,0.789,0.975,0.782,0.792,0.296,0.477,0.648,0.328,0.343,0.481,0.108,0.387,0.461,0.094,0.647,0.135,0.702
244,0.113,0.443,0.083,0.109,0.721,0.778,0.366,0.851,0.393,0.222,0.314,0.126,0.127,0.035,0.763,0.889,0.278,0.859,0.521,0.433,0.941,0.395,0.596,0.029,0.498,0.817,0.441,0.303,0.572,0.658,0.461,0.236,0.765,0.184,0.716,0.324,0.603,0.82,0.229,0.113,0.975,0.439,0.365,0.16,0.159,0.958,0.605,0.067,0.471,0.016,0.144,0.343,0.381,0.907,0.768,0.642,0.74,0.663,0.711,0.768,0.242,0.024,0.923,0.653
246,0.252,0.982,0.871,0.427,0.952,0.828,0.009,0.067,0.213,0.211,0.779,0.74,0.052,0.278,0.537,0.703,0.211,0.858,0.552,0.989,0.983,0.243,0.588,0.013,0.928,0.829,0.788,0.553,0.78,0.269,0.502,0.821,0.452,0.168,0.73,0.36,0.409,0.252,0.88,0.193,0.764,0.086,0.941,0.512,0.406,0.183,0.038,0.205,0.925,0.118,0.925,0.264,0.787,0.476,0.964,0.065,0.585,0.777,0.418,0.159,0.731,0.637,0.875,0.203
248,0.265,0.781,0.153,0.634,0.555,0.228,0.691,0.953,0.411,0.226,0.384,0.176,0.121,0.9,0.787,0.786,0.3,0.982,0.655,0.144,0.842,0.269,0.843,0.356,0.65,0.526,0.609,0.264,0.662,0.879,0.699,0.656,0.584,0.163,0.924,0.243,0.602,0.148,0.862,0.273,0.352,0.987,0.708,0.961,0.948,0.105,0.119,0.353,0.106,0.428,0.105,0.077,0.413,0.254,0.837,0.421,0.876,0.504,0.906,0.165,0.587,0.699,0.07,0.435
250,0.61,0.838,0.012,0.141,0.447,0.952,0.616,0.242,0.25,0.798,0.012,0.227,0.483,0.793,0.064,0.304,0.611,0.356,0.268,0.537,0.226,0.148,0.758,0.583,0.403,0.499,0.667,0.093,0.727,0.23,0.999,0.064,0.722,0.693,0.652,0.564,0.09,0.069,0.442,0.606,0.503,0.985,0.41,0.682,0.325,0.188,0.989,0.817,0.57,0.315,0.479,0.593,0.926,0.069,0.259,0.807,0.52,0.9,0.421,0.355,0.351,0.186,0.071,0.412
252,0.178,0.471,0.611,0.101,0.494,0.123,0.02,0.18,0.318,0.426,0.191,0.269,0.497,0.628,0.334,0.07,0.385,0.572,0.289,0.895,0.825,0.817,0.508,0.466,0.227,0.635,0.87,0.237,0.545,0.402,0.496,0.391,0.865,0.119,0.668,0.307,0.371,0.753,0.644,0.498,0.596,0.181,0.809,0.471,0.324,0.675,0.963,0.875,0.78,0.406,0.069,0.444,0.095,0.378,0.271,0.249,0.636,0.923,0.482,0.455,0.731,0.951,0.819,0.908
254,0.648,0.202,0.073,0.784,0.739,0.136,0.87,0.731,0.467,0.158,0.739,0.612,0.225,0.333,0.015,0.964,0.429,0.801,0.171,0.7,0.979,0.509,0.686,0.771,0.387,0.505,0.135,0.717,0.559,0.63,0.877,0.264,0.308,0.461,0.047,0.392,0.754,0.741,0.307,0.923,0.22,0.315,0.354,0.775,0.089,0.885,0.666,0.033,0.284,0.599,0.405,0.928,0.995,0.343,0.372,0.382,0.581,0.651,0.95,0.203,0.92,0.076,0.608,0.579
256,0.184,0.777,0.945,0.715,0.609,0.201,0.67,0.998,0.95,0.414,0.231,0.579,0.535,0.447,0.217,0.168,0.096,0.88,0.794,0.44,0.836,0.232,0.568,0.203,0.308,0.376,0.041,0.066,0.807,0.465,0.967,0.925,0.11,0.684,0.439,0.337,0.613,0.038,0.661,0.78,0.081,0.974,0.964,0.763,0.807,0.32,0.284,0.222,0.184,0.178,0.282,0.109,0.04,0.668,0.073,0.008,0.555,0.535,0.95,0.61,0.732,0.954,0.83,0.882
258,0.586,0.933,0.149,0.861,0.058,0.913,0.849,0.609,0.611,0.407,0.652,0.524,0.673,0.94,0.756,0.837,0.717,0.849,0.323,0.699,0.963,0.641,0.872,0.07,0.448,0.2,0.752,0.833,0.462,0.164,0.005,0.862,0.136,0.633,0.102,0.985,0.036,0.263,0.889,0.222,0.852,0.687,0.037,0.61,0.972,0.283,0.086,0.582,0.786,0.505,0.338,0.673,0.875,0.597,0.711,0.678,0.562,0.521,0.206,0.153,0.364,0.952,0.057,0.895
260,0.998,0.153,0.405,0.291,0.144,0.633,0.366,0.881,0.449,0.764,0.348,0.502,0.249,0.639,0.477,0.456,0.438,0.778,0.159,0.67,0.553,0.659,0.779,0.059,0.877,0.877,0.324,0.5,0.283,0.029,0.533,0.124,0.245,0.339,0.71,0.558,0.309,0.914,0.221,0.972,0.775,0.718,0.237,0.794,0.912,0.499,0.45,0.611,0.409,0.943,0.072,0.289,0.352,0.11,0.524,0.846,0.695,0.625,0.039,0.445,0.186,0.876,0.809,0.952
262,0.646,0.937,0.423,0.82,0.69,0.963,0.778,0.973,0.847,0.551,0.336,0.88,0.522,0.665,0.326,0.375,0.37,0.078,0.12,0.918,0.547,0.181,0.232,0.291,0.554,0.309,0.607,0.245,0.226,0.753,0.303,0.731,0.302,0.178,0.719,0.764,0.23,0.633,0.349,0.001,0.885,0.899,0.771,0.836,0.668,0.316,0.849,0.783,0.831,0.167,0.986,0.146,0.366,0.79,0.417,0.967,0.719,0.642,0.258,0.76,0.932,0.538,0.332,0.363
264,0.941,0.344,0.77,0.12,0.886,0.779,0.015,0.725,0.521,0.902,0.833,0.385,0.505,0.281,0.155,0.664,0.21,0.193,0.785,0.974,0.174,0.121,0.558,0.578,0.43,0.407,0.983,0.525,0.546,0.701,0.179,0.808,0.532,0.306,0.778,0.948,0.11,0.126,0.057,0.179,0.674,0.43,0.751,0.529,0.34,0.713,0.689,0.883,0.827,0.332,0.582,0.098,0.286,0.566,0.095,0.682,0.216,0.499,0.653,0.949,0.049,0.111,0.017,0.403
266,0.906,0.689,0.571,0.553,0.259,0.971,0.033,0.393,0.898,0.171,0.101,0.117,0.971,0.81,0.046,0.231,0.215,0.609,0.39,0.262,0.395,0.534,0.726,0.415,0.124,0.286,0.914,0.022,0.998,0.815,0.352,0.698,0.679,0.341,0.283,0.324,0.887,0.66,0.214,0.082,0.55,0.077,0.342,0.66,0.049,0.597,0.304,0.088,0.274,0.596,0.776,0.929,0.53,0.571,0.918,0.774,0.047,0.455,0.737,0.942,0.898,0.007,0.763,0.249
268,0.827,0.924,0.541,0.43,0.505,0.308,0.928,0.152,0.007,0.193,0.921,0.065,0.002,0.319,0.748,0.308,0.356,0.013,0.901,0.341,0.292,0.704,0.728,0.73,0.869,0.952,0.57,0.131,0.136,0.012,0.733,0.673,0.275,0.08,0.036,0.496,0.039,0.431,0.429,0.933,0.411,0.413,0.439,0.803,0.665,0.746,0.51,0.19,0.932,0.568,0.761,0.022,0.326,0.675,0.886,0.848,0.575,0.707,0.874,0.181,0.081,0.361,0.922,0.608
270,0.951,0.765,0.219,0.612,0.278,0.187,0.457,0.766,0.759,0.946,0.076,0.577,0.188,0.171,0.337,0.835,0.63,0.303,0.403,0.38,0.144,0.443,0.843,0.726,0.219,0.654,0.472,0.79,0.946,0.788,0.961,0.757,0.134,0.512,0.815,0.265,0.102,0.925,0.374,0.847,0.781,0.797,0.298,0.755,0.547,0.215,0.34,0.854,0.15,0.569,0.508,0.238,0.454,0.191,0.61,0.233,0.397,0.531,0.117,0.368,0.805,0.279,0.333,0.537
272,0.95,0.637,0.802,0.831,0.363,0.952,0.35,0.602,0.326,0.255,0.368,0.789,0.503,0.512,0.967,0.467,0.175,0.798,0.659,0.36,0.274,0.847,0.096,0.854,0.819,0.878,0.596,0.722,0.944,0.891,0.785,0.138,0.768,0.894,0.687,0.677,0.559,0.024,0.262,0.828,0.768,0.497,0.635,0.432,0.598,0.17,0.855,0.123,0.538,0.304,0.261,0.666,0.91,0.582,0.762,0.983,0.313,0.418,0.941,0.94,0.736,0.849,0.54,0.148
274,0.293,0.239,0.938,0.001,0.328,0.736,0.438,0.93,0.909,0.794,0.013,0.115,0.872,0.246,0.184,0.955,0.365,0.926,0.411,0.906,0.728,0.859,0.263,0.683,0.517,0.276,0.961,0.864,0.092,0.544,0.834,0.593,0.512,0.31,0.369,0.961,0.602,0.066,0.585,0.705,0.83,0.964,0.941,0.749,0.241,0.401,0.121,0.963,0.888,0.704,0.26,0.784,0.12,0.333,0.895,0.918,0.456,0.796,0.269,0.353,0.491,0.309,0.207,0.014
276,0.872,0.07,0.275,0.902,0.604,0.588,0.506,0.471,0.067,0.812,0.832,0.401,0.178,0.666,0.549,0.068,0.702,0.117,0.329,0.022,0.865,0.297,0.842,0.799,0.212,0.4,0.257,0.072,0.131,0.845,0.195,0.723,0.177,0.899,0.911,0.261,0.709,0.284,0.422,0.669,0.05,0.656,0.429,0.227,0.999,0.366,0.375,0.745,0.403,0.654,0.799,0.919,0.502,0.887,0.768,0.534,0.126,0.905,0.275,0.343,0.937,0.909,0.109,0.857
278,0.285,0.925,0.079,0.806,0.598,0.577,0.399,0.956,0.819,0.268,0.602,0.519,0.316,0.3,0.342,0.432,0.486,0.087,0.813,0.599,0.459,0.691,0.511,0.391,0.115,0.743,0.023,0.247,0.242,0.397,0.905,0.656,0.677,0.6,0.377,0.563,0.803,0.123,0.058,0.947,0.122,0.853,0.656,0.065,0.913,0.474,0.019,0.047,0.756,0.773,0.589,0.395,0.66,0.359,0.19,0.89,0.545,0.538,0.409,0.378,0.176,0.856,0.311,0.161
280,0.319,0.817,0.317,0.895,0.109,0.561,0.428,0.264,0.268,0.676,0.595,0.431,0.746,0.566,0.474,0.84,0.943,0.204,0.062,0.044,0.808,0.585,0.123,0.739,0.997,0.6,0.215,0.07,0.806,0.397,0.552,0.837,0.202,0.559,0.278,0.541,0.995,0.143,0.13,0.925,0.113,0.576,0.92,0.663,0.058,0.532,0.902,0.544,0.182,0.69,0.355,0.247,0.784,0.853,0.83,0.339,0.734,0.924,0.647,0.165,0.079,0.983,0.54,0.68
282,0.642,0.117,0.734,0.701,0.387,0.544,0.478,0.68,0.593,0.692,0.072,0.889,0.516,0.271,0.842,0.712,0.09,0.08,0.209,0.075,0.517,0.627,0.693,0.273,0.816,0.112,0.431,0.437,0.083,0.741,0.346,0.977,0.757,0.381,0.498,0.92,0.761,0.945,0.491,0.931,0.51,0.079,0.644,0.575,0.225,0.111,0.813,0.875,0.179,0.146,0.527,0.072,0.99,0.215,0.961,0.573,0.302,0.732,0.289,0.115,0.866,0.974,0.159,0.609
284,0.199,0.296,0.974,0.324,0.961,0.221,0.43,0.542,0.593,0.227,0.064,0.516,0.437,0.5,0.418,0.198,0.758,0.212,0.733,0.217,0.699,0.765,0.998,0.736,0.738,0.839,0.765,0.093,0.28,0.012,0.385,0.469,0.602,0.142,0.873,0.487,0.849,0.917,0.222,0.773,0.035,0.996,0.79,0.025,0.106,0.958,0.902,0.953,0.992,0.598,0.327,0.616,0.889,0.381,0.513,0.383,0.404,0.789,0.868,0.843,0.589,0.015,0.816,0.07
286,0.397,0.077,0.414,0.649,0.438,0.66,0.402,0.812,0.389,0.451,0.42,0.014,0.331,0.661,0.86,0.138,0.607,0.926,0.059,0.461,0.251,0.167,0.967,0.092,0.222,0.774,0.212,0.52,0.932,0.47,0.31,0.511,0.715,0.631,0.371,0.52,0.71,0.333,0.373,0.854,0.755,0.509,0.749,0.967,0.818,0.268,0.335,0.63,0.53,0.67,0.453,0.789,0.889,0.845,0.077,0.035,0.209,0.312,0.012,0.132,0.593,0.889,0.059,0.679
288,0.498,0.061,0.429,0.036,0.531,0.122,0.766,0.181,0.221,0.072,0.425,0.912,0.722,0.167,0.816,0.797,0.452,0.347,0.062,0.64,0.45,0.35,0.955,0.917,0.13,0.113,0.07,0.156,0.972,0.533,0.757,0.702,0.005,0.691,0.195,0.319,0.578,0.408,0.436,0.224,0.711,0.875,0.375,0.406,0.378,0.66,0.8,0.479,0.752,0.372,0.601,0.111,0.975,0.151,0.789,0.548,0.216,0.974,0.639,0.434,0.043,0.61,0.888,0.385
290,0.865,0.673,0.103,0.716,0.066,0.917,0.77,0.034,0.844,0.393,0.557,0.218,0.164,0.575,0.178,0.979,0.081,0.412,0.809,0.097,0.484,0.486,0.47,0.192,0.809,0.315,0.162,0.036,0.602,0.643,0.155,0.026,0.647,0.53,0.302,0.38,0.334,0.214,0.837,0.637,0.905,0.159,0.085,0.31,0.337,0.467,0.125,0.411,0.098,0.559,0.421,0.362,0.659,0.805,0.164,0.174,0.429,0.98,0.569,0.307,0.382,0.529,0.006,0.551
292,0.339,0.948,0.351,0.504,0.935,0.433,0.81,0.224,0.986,0.263,0.889,0.485,0.372,0.624,0.989,0.633,0.466,0.927,0.478,0.463,0.979,0.232,0.808,0.204,0.382,0.814,0.378,0.219,0.668,0.933,0.054,0.344,0.28,0.49,0.502,0.028,0.534,0.243,0.589,0.009,0.286,0.607,0.501,0.348,0.936,0.504,0.229,0.954,0.272,0.915,0.868,0.263,0.02,0.561,0.472,0.084,0.886,0.306,0.936,0.73,0.96,0.571,0.174,0.873
294,0.748,0.623,0.295,0.981,0.269,0.005,0.517,0.113,0.833,0.8,0.336,0.707,0.477,0.612,0.783,0.562,0.17,0.605,0.275,0.403,0.107,0.009,0.855,0.168,0.611,0.074,0.193,0.387,0.732,0.275,0.637,0.122,0.583,0.943,0.285,0.317,0.889,0.617,0.141,0.174,0.765,0.413,0.475,0.094,0.559,0.383,0.389,0.516,0.909,0.176,0.363,0.647,0.95,0.163,0.533,0.662,0.948,0.604,0.401,0.808,0.008,0.008,0.766,0.84
296,0.553,0.117,0.573,0.136,0.882,0.448,0.452,0.085,0.973,0.211,0.884,0.451,0.394,0.998,0.869,0.82,0.54,0.457,0.617,0.062,0.952,0.376,0.29,0.174,0.576,0.331,0.352,0.524,0.16,0.678,0.028,0.48,0.025,0.577,0.252,0.667,0.176,0.806,0.309,0.717,0.677,0.233,0.895,0.703,0.483,0.874,0.233,0.683,0.847,0.389,0.565,0.897,0.278,0.702,0.067,0.045,0.964,0.331,0.538,0.052,0.195,0.081,0.522,0.222
298,0.09,0.01,0.342,0.445,0.532,0.131,0.9,0.478,0.678,0.566,0.584,0.647,0.79,0.275,0.806,0.196,0.558,0.36,0.782,0.274,0.947,0.857,0.342,0.618,0.409,0.056,0.49,0.565,0.847,0.098,0.092,0.492,0.782,0.959,0.915,0.066,0.707,0.831,0.081,0.183,0.415,0.352,0.145,0.453,0.521,0.388,0.114,0.348,0.907,0.971,0.727,0.456,0.153,0.499,0.585,0.961,0.792,0.234,0.557,0.48,0.457,0.268,0.791,0.974
300,0.631,0.687,0.733,0.064,0.664,0.33,0.178,0.473,0.187,0.476,0.954,0.701,0.785,0.175,0.976,0.816,0.735,0.134,0.889,0.759,0.518,0.323,0.314,0.797,0.515,0.586,0.859,0.345,0.932,0.001,0.4,0.969,0.151,0.555,0.113,0.86,0.226,0.958,0.787,0.557,0.298,0.409,0.335,0.44,0.667,0.516,0.706,0.839,0.642,0.098,0.708,0.72,0.927,0.089,0.929,0.197,0.642,0.876,0.703,0.487,0.661,0.879,0.008,0.138
302,0.592,0.658,0.723,0.847,0.711,0.008,0.497,0.288,0.336,0.943,0.022,0.324,0.868,0.472,0.599,0.736,0.242,0.439,0.605,0.382,0.77,0.08,0.904,0.871,0.691,0.027,0.25,0.275,0.511,0.806,0.627,0.82,0.37,0.624,0.517,0.974,0.14,0.53,0.888,0.034,0.291,0.01,0.466,0.821,0.782,0.627,0.293,0.299,0.025,0.717,0.068,0.692,0.477,0.65,0.366,0.119,0.922,0.148,0.39,0.015,0.921,0.414,0.246,0.57
304,0.819,0.15,0.829,0.08,0.372,0.623,0.873,0.333,0.791,0.972,0.701,0.096,0.102,0.977,0.649,0.47,0.154,0.382,0.457,0.549,0.691,0.468,0.796,0.759,0.985,0.963,0.933,0.977,0.13,0.825,0.347,0.222,0.234,0.994,0.498,0.699,0.165,0.118,0.837,0.041,0.916,0.465,0.793,0.193,0.274,0.819,0.122,0.672,0.131,0.201,0.394,0.153,0.61,0.18,0.718,0.268,0.903,0.854,0.41,0.601,0.704,0.912,0.982,0.464
306,0.898,0.024,0.099,0.576,0.825,0.978,0.004,0.104,0.853,0.744,0.745,0.642,0.949,0.184,0.199,0.292,0.944,0.834,0.819,0.739,0.904,0.996,0.464,0.849,0.107,0.409,0.126,0.965,0.508,0.283,0.107,0.233,0.155,0.122,0.785,0.517,0.49,0.746,0.768,0.438,0.276,0.079,0.528,0.322,0.678,0.613,0.808,0.06,0.961,0.561,0.59,0.689,0.573,0.065,0.728,0.646,0.185,0.902,0.781,0.483,0.885,0.612,0.205,0.105
308,0.911,0.996,0.284,0.075,0.86,0.159,0.576,0.316,0.175,0.823,0.785,0.376,0.255,0.719,0.654,0.437,0.93,0.884,0.851,0.248,0.103,0.94,0.466,0.779,0.398,0.264,0.835,0.874,0.397,0.714,0.545,0.812,0.966,0.802,0.855,0.48,0.162,0.323,0.216,0.701,0.048,0.042,0.052,0.353,0.083,0.188,0.674,0.53,0.472,0.114,0.49,0.654,0.644,0.088,0.539,0.013,0.711,0.404,0.895,0.01,0.739,0.682,0.682,0.162
310,0.267,0.334,0.615,0.521,0.082,0.97,0.465,0.245,0.151,0.213,0.941,0.187,0.164,0.23,0.89,0.692,0.347,0.167,0.466,0.259,0.017,0.185,0.368,0.323,0.341,0.693,0.17,0.543,0.962,0.445,0.953,0.816,0.017,0.8,0.857,0.889,0.606,0.971,0.398,0.544,0.32,0.742,0.613,0.069,0.138,0.145,0.221,0.032,0.619,0.347,0.082,0.434,0.989,0.384,0.055,0.84,0.275,0.194,0.497,0.401,0.839,0.477,0.062,0.932
312,0.941,0.329,0.049,0.123,0.991,0.411,0.25,0.09,0.828,0.897,0.741,0.708,0.469,0.663,0.659,0.686,0.929,0.078,0.589,0.858,0.404,0.031,0.319,0.283,0.897,0.866,0.205,0.442,0.816,0.011,0.094,0.998,0.872,0.388,0.054,0.948,0.257,0.897,0.663,0.263,0.579,0.133,0.392,0.161,0.365,0.786,0.393,0.346,0.589,0.8,0.655,0.014,0.192,0.147,0.132,0.474,0.687,0.286,0.765,0.027,0.466,0.689,0.385,0.281
314,0.524,0.51,0.669,0.942,0.732,0.129,0.444,0.53,0.706,0.798,0.329,0.857,0.502,0.151,0.161,0.565,0.103,0.973,0.281,0.516,0.814,0.441,0.011,0.122,0.633,0.077,0.716,0.148,0.635,0.476,0.802,0.299,0.086,0.827,0.546,0.567,0.26,0.042,0.023,0.424,0.496,0.139,0.153,0.979,0.305,0.689,0.906,0.603,0.675,0.865,0.082,0.293,0.003,0.494,0.762,0.959,0.893,0.964,0.763,0.844,0.278,0.141,0.027,0.404
316,0.014,0.702,0.902,0.7,0.626,0.582,0.108,0.413,0.359,0.016,0.599,0.168,0.532,0.401,0.355,0.219,0.187,0.73,0.041,0.014,0.323,0.366,0.655,0.214,0.268,0.263,0.893,0.254,0.356,0.84,0.889,0.918,0.657,0.919,0.983,0.152,0.372,0.618,0.209,0.647,0.454,0.181,0.453,0.721,0.492,0.409,0.738,0.226,0.641,0.418,0.106,0.14,0.822,0.718,0.495,0.105,0.175,0.684,0.69,0.394,0.181,0.521,0.315,0.961
318,0.59,0.106,0.113,0.071,0.838,0.604,0.313,0.969,0.689,0.105,0.02,0.691,0.781,0.095,0.843,0.967,0.096,0.06,0.452,0.983,0.35,0.975,0.977,0.079,0.468,0.557,0.314,0.783,0.353,0.619,0.956,0.997,0.751,0.471,0.909,0.61,0.724,0.238,0.175,0.07,0.302,0.24,0.414,0.703,0.134,0.57,0.632,0.083,0.08,0.565,0.262,0.657,0.806,0.278,0.705,0.542,0.811,0.237,0.359,0.057,0.182,0.869,0.083,0.406
320,0.058,0.48,0.778,0.044,0.513,0.937,0.4,0.97,0.52,0.817,0.331,0.335,0.519,0.851,0.678,0.001,0.659,0.799,0.584,0.259,0.009,0.167,0.743,0.092,0.371,0.102,0.513,0.225,0.16,0.714,0.104,0.52,0.023,0.64,0.471,0.979,0.856,0.458,0.921,0.416,0.94,0.846,0.352,0.511,0.736,0.271,0.248,0.833,0.395,0.683,0.879,0.038,0.893,0.445,0.182,0.985,0.813,0.457,0.23,0.673,0.27,0.617,0.926,0.435
322,0.989,0.475,0.577,0.658,0.379,0.687,0.289,0.98,0.376,0.787,0.617,0.814,0.407,0.947,0.297,0.517,0.954,0.242,0.56,0.269,0.505,0.797,0.036,0.248,0.029,0.827,0.261,0.285,0.891,0.431,0.729,0.669,0.624,0.801,0.887,0.433,0.745,0.301,0.12,0.402,0.079,0.47,0.461,0.421,0.263,0.148,0.981,0.286,0.68,0.384,0.207,0.618,0.617,0.066,0.121,0.615,0.354,0.88,0.371,0.792,0.813,0.677,0.988,0.542
324,0.776,0.687,0.476,0.473,0.282,0.567,0.321,0.141,0.072,0.778,0.659,0.47,0.323,0.047,0.264,0.284,0.68,0.017,0.417,0.119,0.134,0.917,0.336,0.89,0.32,0.082,0.974,0.518,0.095,0.996,0.382,0.945,0.973,0.094,0.216,0.9,0.426,0.686,0.07,0.224,0.606,0.675,0.685,0.97,0.043,0.107,0.994,0.175,0.184,0.219,0.412,0.695,0.613,0.272,0.09,0.193,0.932,0.667,0.5,0.608,0.929,0.085,0.735,0.541
326,0.232,0.41,0.493,0.133,0.599,0.777,0.949,0.88,0.367,0.566,0.069,0.075,0.121,0.136,0.866,0.083,0.702,0.816,0.091,0.724,0.928,0.692,0.191,0.573,0.952,1.0,0.97,0.469,0.981,0.158,0.054,0.89,0.488,0.572,0.507,0.475,0.751,0.644,0.329,0.267,0.376,0.175,0.13,0.316,0.629,0.332,0.109,0.217,0.105,0.622,0.366,0.631,0.856,0.3,0.926,0.147,0.252,0.029,0.069,0.61,0.685,0.917,0.091,0.176
328,0.363,0.093,0.55,0.933,0.138,0.837,0.559,0.275,0.721,0.459,0.324,0.192,0.844,0.573,0.052,0.724,0.922,0.123,0.181,0.049,0.771,0.592,0.222,0.109,0.692,0.212,0.106,0.614,0.312,0.855,0.163,0.008,0.224,0.935,0.978,0.631,0.973,0.62,0.506,0.357,0.633,0.626,0.14,0.984,0.693,0.387,0.364,0.255,0.664,0.256,0.85,0.691,0.987,0.008,0.618,0.932,0.421,0.731,0.459,0.349,0.192,0.631,0.874,0.443
330,0.217,0.626,0.356,0.969,0.475,0.008,0.062,0.735,0.33,0.167,0.379,0.49,0.48,0.567,0.455,0.732,0.356,0.449,0.798,0.162,0.656,0.34,0.451,0.482,0.96,0.656,0.116,0.196,0.32,0.55,0.814,0.947,0.502,0.295,0.557,0.92,0.549,0.481,0.994,0.958,0.641,0.582,0.028,0.957,0.835,0.69,0.646,0.397,0.01,0.727,0.725,0.994,0.851,0.427,0.428,0.17,0.249,0.879,0.468,0.305,0.786,0.884,0.782,0.277
332,0.225,0.294,0.08,0.665,0.313,0.094,0.289,0.535,0.49,0.329,0.784,0.551,0.265,0.101,0.856,0.123,0.148,0.036,0.747,0.046,0.915,0.386,0.774,0.515,0.144,0.778,0.68,0.607,0.649,0.257,0.679,0.189,0.729,0.832,0.715,0.441,0.376,0.86,0.968,0.283,0.967,0.512,0.161,0.005,0.308,0.424,0.417,0.708,0.887,0.681,0.088,0.485,0.119,0.475,0.929,0.68,0.255,0.877,0.461,0.962,0.419,0.422,0.166,0.269
334,0.516,0.534,0.453,0.329,0.253,0.601,0.041,0.407,0.649,0.421,0.301,0.771,0.742,0.463,0.786,0.394,0.11,0.636,0.984,0.82,0.171,0.22,0.35,0.246,0.563,0.587,0.386,0.249,0.158,0.874,0.227,0.229,0.627,0.09,0.6,0.094,0.774,0.301,0.995,0.355,0.223,0.528,0.653,0.654,0.406,0.019,0.423,0.589,0.34,0.88,0.051,0.103,0.511,0.03,0.318,0.652,0.13,0.158,0.883,0.827,0.461,0.457,0.741,0.5
336,0.736,0.388,0.436,0.602,0.607,0.495,0.487,0.848,0.445,0.253,0.741,0.893,0.36,0.821,0.298,0.956,0.46,0.735,0.121,0.474,0.484,0.111,0.667,0.874,0.736,0.913,0.804,0.105,0.616,0.769,0.308,0.485,0.767,0.402,0.476,0.487,0.612,0.088,0.122,0.893,0.641,0.479,0.404,0.691,0.854,0.655,0.364,0.647,0.229,0.525,0.856,0.1,0.619,0.039,0.009,0.599,0.911,0.458,0.13,0.358,0.001,0.21,0.563,0.743
338,0.16,0.862,0.708,0.374,0.012,0.95,0.542,0.099,0.769,0.398,0.914,0.219,0.535,0.084,0.903,0.885,0.846,0.82,0.293,0.823,0.509,0.984,0.182,0.985,0.017,0.778,0.309,0.956,0.763,0.978,0.493,0.326,0.236,0.449,0.434,0.364,0.204,0.528,0.769,0.613,0.464,0.288,0.007,0.664,0.92,0.069,0.882,0.682,0.1,0.459,0.716,0.98,0.935,0.667,0.157,0.635,0.079,0.173,0.63,0.687,0.379,0.459,0.017,0.686
340,0.636,0.874,0.223,0.138,0.132,0.669,0.946,0.949,0.43,0.331,0.278,0.16,0.717,0.345,0.893,0.693,0.769,0.471,0.874,0.37,0.768,0.199,0.489,0.12,0.458,0.299,0.36,0.487,0.89,0.567,0.305,0.714,0.09,0.371,0.717,0.424,0.899,0.321,0.558,0.065,0.482,0.751,0.052,0.528,0.547,0.004,0.774,0.728,0.501,0.586,0.228,0.177,0.895,0.603,0.639,0.894,0.694,0.437,0.981,0.854,0.579,0.188,0.252,0.257
342,0.768,0.458,0.477,0.052,0.714,0.665,0.64,0.433,0.824,0.613,0.478,0.484,0.112,0.312,0.2,0.877,0.516,0.524,0.285,0.3,0.26,0.502,0.666,0.072,0.832,0.098,0.809,0.75,0.981,0.659,0.993,0.88,0.219,0.769,0.293,0.178,0.135,0.004,0.272,0.453,0.86,0.82,0.309,0.265,0.742,0.652,0.586,0.717,0.337,0.361,0.059,0.939,0.072,0.245,0.674,0.369,0.047,0.796,0.375,0.343,0.802,0.096,0.946,0.428
344,0.378,0.934,0.494,0.574,0.436,0.079,0.536,0.887,0.681,0.684,0.724,0.017,0.789,0.986,0.298,0.362,0.595,0.363,0.771,0.678,0.751,0.18,0.792,0.22,0.109,0.159,0.895,0.249,0.664,0.041,0.498,0.664,0.342,0.181,0.643,0.345,0.282,0.329,0.37,0.702,0.922,0.488,0.99,0.72,0.832,0.032,0.299,0.851,0.306,0.268,0.905,0.236,0.363,0.266,0.994,0.089,0.629,0.484,0.427,0.768,0.61,0.02,0.269,0.404
346,0.501,0.285,0.206,0.539,0.666,0.04,0.571,0.959,0.988,0.968,0.82,0.838,0.772,0.769,0.653,0.173,0.298,0.895,0.42,0.303,0.667,0.838,0.684,0.523,0.139,0.09,0.405,0.832,0.165,0.294,0.414,0.665,0.984,0.529,0.257,0.713,0.772,0.006,0.857,0.969,0.819,0.272,0.541,0.7,0.695,0.695,0.919,0.003,0.559,0.984,0.67,0.869,0.388,0.121,0.277,0.106,0.98,0.668,0.699,0.582,0.213,0.201,0.612,0.812
348,0.928,0.643,0.592,0.567,0.956,0.914,0.128,0.784,0.733,0.129,0.493,0.912,0.372,0.629,0.236,0.376,0.359,0.553,0.483,0.988,0.823,0.245,0.628,0.969,0.22,0.287,0.033,0.9,0.888,0.371,0.038,0.48,0.419,0.467,0.611,0.014,0.242,0.118,0.659,0.256,0.443,0.976,0.592,0.427,0.295,0.328,0.847,0.308,0.712,0.897,0.42,0.729,0.654,0.188,0.025,0.816,0.228,0.101,0.641,0.025,0.809,0.314,0.755,0.034
350,0.741,0.193,0.718,0.138,0.832,0.809,0.728,0.161,0.277,0.752,0.236,0.771,0.082,0.307,0.065,0.749,0.767,0.455,0.836,0.464,0.744,0.472,0.978,0.501,0.565,0.615,0.103,0.643,0.836,0.265,0.088,0.095,0.924,0.847,0.18,0.677,0.835,0.62,0.39,0.136,0.905,0.694,0.642,0.044,0.483,0.971,0.985,0.99,0.072,0.794,0.544,0.797,0.008,0.017,0.905,0.705,0.358,0.601,0.5,0.701,0.181,0.712,0.701,0.174
352,0.634,0.759,0.209,0.884,0.843,0.158,0.767,0.713,0.612,0.069,0.453,0.34,0.12,0.269,0.019,0.617,0.956,0.159,0.186,0.229,0.935,0.587,0.676,0.88,0.265,0.195,0.863,0.308,0.99,0.18,0.464,0.201,0.99,0.998,0.954,0.689,0.848,0.229,0.43,0.664,0.856,0.091,0.466,0.652,0.203,0.814,0.582,0.114,0.416,0.519,0.546,0.139,0.785,0.106,0.978,0.92,0.954,0.996,0.018,0.309,0.706,0.182,0.52,0.361
354,0.869,0.212,0.259,0.053,0.901,0.076,0.511,0.117,0.093,0.818,0.375,0.915,0.882,0.454,0.058,0.737,0.118,0.824,0.077,0.589,0.323,0.176,0.192,0.902,0.825,0.262,0.816,0.287,0.185,0.834,0.391,0.152,0.414,0.75,0.172,0.462,0.928,0.467,0.555,0.894,0.162,0.68,0.908,0.549,0.042,0.214,0.414,0.689,0.739,0.533,0.636,0.921,0.297,0.301,0.683,0.134,0.891,0.632,0.976,0.133,0.193,0.82,0.102,0.202
356,0.696,0.835,0.47,0.15,0.068,0.464,0.474,0.372,0.916,0.773,0.367,0.996,0.01,0.941,0.602,0.843,0.153,0.338,0.046,0.248,0.756,0.795,0.298,0.004,0.922,0.218,0.628,0.609,0.9,0.977,0.724,0.358,0.905,0.136,0.394,0.071,0.372,0.086,0.358,0.925,0.695,0.046,0.884,0.609,0.581,0.004,0.702,0.188,0.901,0.611,0.922,0.346,0.648,0.423,0.092,0.345,0.078,0.834,0.001,0.403,0.35,0.868,0.605,0.665
358,0.819,0.285,0.877,0.364,0.111,0.279,0.136,0.044,0.37,0.176,0.09,0.651,0.501,0.017,0.068,0.303,0.707,0.33,0.933,0.47,0.285,0.28,0.418,0.24,0.981,0.027,0.655,0.519,0.693,0.295,0.527,0.528,0.571,0.24,0.436,0.711,0.62,0.819,0.869,0.968,0.039,0.938,0.261,0.37,0.185,0.357,0.928,0.304,0.364,0.989,0.746,0.169,0.348,0.558,0.887,0.485,0.996,0.002,0.85,0.919,0.072,0.568,0.92,0.771
360,0.07,0.742,0.89,0.384,0.496,0.448,0.629,0.511,0.123,0.35,0.514,0.436,0.837,0.94,0.802,0.804,0.054,0.598,0.977,0.774,0.273,0.315,0.943,0.37,0.415,0.778,0.61,0.011,0.164,0.896,0.913,0.988,0.638,0.611,0.228,0.6,0.314,0.14,0.741,0.532,0.874,0.096,0.156,0.321,0.435,0.593,0.794,0.13,0.093,0.365,0.075,0.682,0.246,0.61,0.233,0.049,0.753,0.947,0.47,0.076,0.719,0.555,0.265,0.596
362,0.354,0.513,0.626,0.209,0.307,0.561,0.745,0.272,0.428,0.896,0.825,0.188,0.812,0.75,0.46,0.234,0.814,0.811,0.972,0.797,0.079,0.063,0.265,0.248,0.529,0.195,0.235,0.956,0.193,0.628,0.308,0.375,0.123,0.104,0.375,0.772,0.064,0.739,0.441,0.993,0.876,0.586,0.188,0.97,0.122,0.949,0.199,0.989,0.124,0.534,0.932,0.777,0.928,0.155,0.323,0.951,0.35,0.731,0.876,0.375,0.89,0.75,0.744,0.907
364,0.119,0.311,0.96,0.712,0.983,0.07,0.832,0.87,0.188,0.114,0.947,0.078,0.666,0.332,0.988,0.112,0.28,0.867,0.088,0.424,0.164,0.252,0.48,0.495,0.875,0.079,0.693,0.013,0.99,0.479,0.559,0.756,0.743,0.372,0.935,0.164,0.146,0.672,0.514,0.165,0.028,0.244,0.013,0.156,0.956,0.676,0.382,0.474,0.372,0.659,0.657,0.059,0.374,0.185,0.268,0.156,0.482,0.674,0.565,0.65,0.541,0.148,0.618,0.15
366,0.854,0.479,0.278,0.484,0.327,0.556,0.459,0.653,0.693,0.852,0.239,0.185,0.987,0.485,0.354,0.023,0.557,0.97,0.313,0.852,0.756,0.459,0.989,0.781,0.262,0.661,0.987,0.292,0.738,0.993,0.963,0.988,0.802,0.199,0.825,0.922,0.462,0.66,0.493,0.211,0.339,0.784,0.399,0.586,0.273,0.77,0.882,0.261,0.093,0.293,0.653,0.911,0.891,0.27,0.177,0.245,0.375,0.588,0.987,0.541,0.32,0.06,0.506,0.582
368,0.189,0.865,0.068,0.111,0.418,0.235,0.037,0.193,0.517,0.365,0.8,0.537,0.664,0.738,0.948,0.782,0.417,0.877,0.566,0.902,0.368,0.993,0.056,0.404,0.043,0.083,0.259,0.947,0.544,0.191,0.82,0.597,0.739,0.713,0.587,0.145,0.497,0.147,0.731,0.823,0.24,0.313,0.112,0.633,0.32,0.409,0.865,0.763,0.088,0.897,0.632,0.166,0.247,0.588,0.718,0.144,0.256,0.408,0.825,0.213,0.119,0.434,0.557,0.554
370,0.626,0.425,0.488,0.78,0.498,0.553,0.491,0.56,0.86,0.046,0.123,0.952,0.813,0.535,0.831,0.435,0.517,0.565,0.519,0.532,0.428,0.951,0.668,0.246,0.388,0.283,0.298,0.548,0.8,0.843,0.651,0.773,0.668,0.805,0.822,0.261,0.501,0.227,0.773,0.52,0.283,0.105,0.737,0.291,0.896,0.544,0.004,0.237,0.296,0.742,0.396,0.276,0.576,0.209,0.811,0.357,0.487,0.525,0.088,0.463,0.618,0.549,0.234,0.927
372,0.227,0.151,0.509,0.969,0.309,0.72,0.742,0.452,0.259,0.997,0.624,0.981,0.813,0.531,0.867,0.702,0.508,0.196,0.623,0.296,0.717,0.762,0.188,0.785,0.024,0.887,0.256,0.632,0.547,0.146,0.149,0.502,0.369,0.518,0.674,0.255,0.876,0.532,0.016,0.275,0.162,0.859,0.503,0.735,0.098,0.603,0.467,0.106,0.83,0.456,0.208,0.276,0.601,0.095,0.628,0.907,0.029,0.782,0.008,0.837,0.92,0.364,0.945,0.523
374,0.554,0.16,0.243,0.765,0.589,0.674,0.621,0.218,0.419,0.022,0.432,0.357,0.447,0.864,0.671,0.748,0.355,0.925,0.139,0.639,0.713,0.378,0.905,0.773,0.705,0.176,0.226,0.885,0.625,0.458,0.551,0.576,0.956,0.113,0.148,0.042,0.152,0.278,0.887,0.131,0.685,0.594,0.408,0.997,0.74,0.719,0.689,0.36,0.063,0.681,0.823,0.907,0.765,0.841,0.333,0.414,0.624,0.681,0.058,0.628,0.521,0.408,0.169,0.623
376,0.634,0.24,0.12,0.662,0.371,0.912,0.627,0.558,0.371,0.07,0.01,0.49,0.053,0.773,0.281,0.192,0.121,0.903,0.662,0.263,0.129,0.692,0.202,0.746,0.581,0.352,0.769,0.051,0.565,0.803,0.269,0.84,0.999,0.791,0.456,0.699,0.394,0.33,0.862,0.794,0.887,0.329,0.145,0.029,0.568,0.147,0.338,0.554,0.976,0.741,0.173,0.22,0.739,0.865,0.696,0.591,0.427,0.04,0.954,0.56,0.5,0.395,0.347,0.852
378,0.096,0.357,0.685,0.826,0.204,0.917,0.584,0.646,0.054,0.307,0.314,0.75,0.479,0.986,0.635,0.495,0.099,0.43,0.106,0.016,0.158,0.824,0.037,0.332,0.81,0.535,0.215,0.671,0.826,0.025,0.994,0.447,0.852,0.521,0.369,0.097,0.507,0.371,0.609,0.594,0.05,0.09,0.4,0.849,0.102,0.552,0.243,0.075,0.704,0.263,0.827,0.931,0.238,0.399,0.734,0.033,0.977,0.626,0.194,0.955,0.34,0.923,0.594,0.807
380,0.529,0.041,0.797,0.563,0.501,0.936,0.148,0.613,0.598,0.4,0.578,0.13,0.149,0.737,0.356,0.417,0.187,0.918,0.942,0.177,0.02,0.116,0.665,0.584,0.701,0.316,0.275,0.673,0.233,0.579,0.13,0.518,0.931,0.435,0.174,0.042,0.524,0.095,0.627,0.656,0.481,0.054,0.465,0.174,0.947,0.823,0.163,0.15,0.749,1.0,0.129,0.811,0.011,0.737,0.452,0.559,0.372,0.397,0.49,0.961,0.053,0.214,0.614,0.325
382,0.642,0.304,0.984,0.118,0.58,0.699,0.559,0.115,0.443,0.131,0.402,0.147,0.35,0.982,0.579,0.59,0.881,0.54,0.569,0.804,0.15,0.303,0.409,0.546,0.514,0.744,0.255,0.083,0.218,0.685,0.466,0.684,0.995,0.636,0.509,0.674,0.623,0.824,0.94,0.695,0.238,0.897,0.986,0.677,0.23,0.461,0.484,0.199,0.468,0.867,0.705,0.915,0.95,0.151,0.838,0.119,0.28,0.735,0.912,0.433,0.856,0.925,0.664,0.264
384,0.64,0.914,0.363,0.848,0.823,0.523,0.187,0.845,0.047,0.878,0.245,0.866,0.353,0.693,0.993,0.924,0.265,0.501,0.6,0.645,0.26,0.318,0.929,0.357,0.974,0.933,0.826,0.989,0.503,0.531,0.156,0.425,0.268,0.572,0.894,0.616,0.967,0.348,0.8,0.587,0.994,0.097,0.682,0.845,0.804,0.913,0.431,0.868,0.837,0.889,0.369,0.726,0.072,0.541,0.942,0.347,0.878,0.061,0.928,0.092,0.36,0.167,0.705,0.319
386,0.065,0.688,0.977,0.302,0.407,0.633,0.209,0.951,0.629,0.541,0.205,0.583,0.133,0.292,0.237,0.259,0.816,0.858,0.739,0.114,0.148,0.068,0.007,0.044,0.656,0.055,0.741,0.923,0.815,0.664,0.144,0.338,0.213,0.655,0.767,0.467,0.345,0.082,0.365,0.945,0.47,0.14,0.02,0.303,0.136,0.484,0.176,0.739,0.159,0.19,0.149,0.761,0.591,0.427,0.398,0.845,0.163,0.247,0.654,0.627,0.6,0.441,0.236,0.932
388,0.893,0.667,0.968,0.894,0.084,0.165,0.3,0.582,0.121,0.241,0.433,0.758,0.156,0.234,0.251,0.161,0.233,0.906,0.074,0.251,0.417,0.554,0.192,0.784,0.094,0.923,0.389,0.445,0.959,0.546,0.65,0.592,0.737,0.891,0.305,0.645,0.007,0.1,0.625,0.816,0.656,0.002,0.842,0.349,0.905,0.687,0.273,0.847,0.248,0.214,0.424,0.428,0.35,0.483,0.357,0.422,0.264,0.854,0.814,0.584,0.469,0.963,0.264,0.182
390,0.193,0.362,0.718,0.854,0.974,0.074,0.798,0.08,0.839,0.286,0.467,0.004,0.805,0.136,0.069,0.254,0.928,0.338,0.981,0.771,0.607,0.673,0.904,0.047,0.927,0.888,0.744,0.927,0.06,0.877,0.623,0.856,0.025,0.852,0.681,0.063,0.563,0.084,0.023,0.256,0.277,0.897,0.43,0.997,0.153,0.362,0.471,0.267,0.447,0.454,0.865,0.684,0.842,0.877,0.717,0.706,0.565,0.976,0.996,0.003,0.337,0.237,0.904,0.649
392,0.467,0.71,0.852,0.345,0.585,0.486,0.38,0.164,0.679,0.865,0.67,0.276,0.039,0.012,0.201,0.596,0.874,0.923,0.269,0.745,0.694,0.714,0.929,0.117,0.634,0.199,0.599,0.365,0.589,0.451,0.193,0.41,0.177,0.616,0.882,0.021,0.575,0.666,0.224,0.235,0.946,0.328,0.664,0.516,0.49,0.643,0.54,0.078,0.557,0.85,0.645,0.666,0.375,0.036,0.77,0.787,0.26,0.93,0.307,0.02,0.75,0.644,0.383,0.005
394,0.708,0.242,0.823,0.954,0.893,0.078,0.787,0.078,0.292,0.562,0.717,0.306,0.621,0.788,0.706,0.682,0.436,0.447,0.408,0.672,0.769,0.777,0.479,0.401,0.367,0.504,0.075,0.566,0.25,0.372,0.005,0.913,0.679,0.227,0.701,0.633,0.298,0.09,0.139,0.199,0.196,0.278,0.401,0.817,0.662,0.34,0.322,0.421,0.754,0.985,0.543,0.533,0.619,0.073,0.605,0.418,0.374,0.448,0.9,0.019,0.938,0.297,0.476,0.746
396,0.347,0.896,0.636,0.083,0.265,0.793,0.636,0.063,0.221,0.317,0.832,0.484,0.211,0.16,0.154,0.399,0.648,0.348,0.18,0.257,0.961,0.127,0.718,0.507,0.914,0.613,0.406,0.845,0.872,0.051,0.158,0.859,0.654,0.684,0.661,0.272,0.699,0.565,0.751,0.699,0.097,0.875,0.384,0.728,0.648,0.394,0.253,0.709,0.6,0.696,0.489,0.658,0.68,0.474,0.601,0.288,0.13,0.812,0.265,0.274,0.707,0.015,0.766,0.008
398,0.852,0.952,0.379,0.366,0.294,0.309,0.41,0.227,0.164,0.556,0.726,0.768,0.898,0.647,0.37,0.111,0.721,0.521,0.36,0.888,0.844,0.915,0.001,0.074,0.523,0.681,0.77,0.421,0.744,0.037,0.344,0.766,0.833,0.276,0.031,0.986,0.486,0.246,1.0,0.817,0.274,0.644,0.894,0.051,0.406,0.729,0.919,0.967,0.833,0.613,0.57,0.454,0.084,0.293,0.246,0.249,0.019,0.725,0.692,0.165,0.644,0.827,0.082,0.204
