time,CP6,F7,CP2,FT8,P1,PO8,P9,P4,CPz,P6,FT7,AF8,Fp2,P2,CP5,Pz,O1,FC5,F8,P5,Oz,FC3,P3,PO7,F5,FC2,TP8,CP1,TP7,POz,CP3,T8,Fp1,FC1,F10,F1,C3,T7,C1,C2,C4,FC4,C6,C5,F2,F6,AF3,PO4,P10,P8,P7,PO3,Fz,AF7,FCz,CP4,F4,AF4,Cz,FC6,F9,F3,O2,AFz
-100,0.662,0.085,0.029,0.089,0.714,0.492,0.661,0.2,0.532,0.871,0.264,0.35,0.892,0.274,0.242,0.332,0.333,0.163,0.852,0.876,0.007,0.591,0.433,0.129,0.07,0.677,0.815,0.166,0.088,0.499,0.565,0.843,0.262,0.569,0.16,0.735,0.041,0.894,0.269,0.846,0.605,0.01,0.433,0.948,0.724,0.171,0.512,0.471,0.815,0.269,0.185,0.683,0.942,0.112,0.755,0.745,0.098,0.074,0.75,0.428,0.053,0.871,0.728,0.535
-98,0.935,0.835,0.618,0.727,0.789,0.297,0.486,0.375,0.524,0.112,0.119,0.898,0.053,0.975,0.433,0.387,0.087,0.597,0.377,0.569,0.634,0.635,0.214,0.105,0.736,0.699,0.398,0.177,0.556,0.3,0.87,0.561,0.097,0.604,0.441,0.557,0.864,0.591,0.306,0.116,0.42,0.007,0.401,0.592,0.88,0.954,0.922,0.346,0.336,0.568,0.3,0.319,0.1,0.932,0.305,0.42,0.144,0.444,0.118,0.318,0.268,0.419,0.634,0.628
-96,0.96,0.572,0.975,0.3,0.49,0.223,0.268,0.254,0.619,0.995,0.669,0.411,0.296,0.958,0.569,0.333,0.485,0.666,1.0,0.39,0.469,0.604,0.143,0.536,0.236,0.813,0.054,0.631,0.035,0.276,0.39,0.826,0.369,0.586,0.61,0.863,0.76,0.319,0.854,0.684,0.477,0.681,0.941,0.619,0.294,0.96,0.92,0.324,0.799,0.52,0.851,0.706,0.879,0.944,0.073,0.902,0.959,0.388,0.171,0.85,0.077,0.03,0.554,0.185
-94,0.744,0.623,0.666,0.021,0.847,0.719,0.777,0.502,0.852,0.624,0.085,0.113,0.025,0.179,0.638,0.237,0.306,0.445,0.0,0.116,0.218,0.306,0.974,0.9,0.915,0.084,0.875,0.867,0.588,0.304,0.265,0.486,0.167,0.554,0.131,0.679,0.288,0.737,0.176,0.395,0.141,0.638,0.45,0.554,0.805,0.247,0.225,0.691,0.793,0.388,0.924,0.478,0.773,0.678,0.413,0.801,0.981,0.149,0.832,0.486,0.737,0.847,0.318,0.587
-92,0.87,0.871,0.548,0.372,0.061,0.323,0.326,0.832,0.391,0.045,0.661,0.569,0.491,0.36,0.361,0.528,0.604,0.22,0.075,0.927,0.997,0.643,0.988,0.504,0.064,0.489,0.925,0.178,0.55,0.537,0.588,0.663,0.034,0.403,0.558,0.755,0.659,0.791,0.87,0.296,0.95,0.288,0.33,0.234,0.28,0.166,0.819,0.143,0.809,0.294,0.974,0.304,0.228,0.221,0.753,0.383,0.964,0.629,0.779,0.662,0.524,0.562,0.721,0.528
-90,0.308,0.63,0.32,0.772,0.71,0.347,0.207,0.183,0.767,0.351,0.765,0.403,0.301,0.674,0.618,0.265,0.856,0.541,0.93,0.956,0.719,0.672,0.954,0.428,0.784,0.725,0.075,0.147,0.57,0.13,0.45,0.059,0.544,0.229,0.106,0.214,0.85,0.263,0.358,0.159,0.164,0.184,0.178,0.482,0.769,0.081,0.1,0.233,0.239,0.907,0.126,0.932,0.247,0.214,0.009,0.149,0.504,0.234,0.128,0.808,0.92,0.703,0.21,0.884
-88,0.031,0.042,0.196,0.498,0.238,0.42,0.987,0.894,0.126,0.439,0.43,0.514,0.569,0.264,0.355,0.918,0.484,0.156,0.861,0.603,0.308,0.268,0.717,0.431,0.631,0.256,0.021,0.397,0.775,0.292,0.181,0.085,0.422,0.057,0.452,0.746,0.324,0.113,0.835,0.668,0.239,0.606,0.056,0.763,0.68,0.3,0.707,0.436,0.706,0.162,0.721,0.912,0.497,0.029,0.191,0.138,0.352,0.071,0.153,0.208,0.301,0.748,0.568,0.964
-86,0.243,0.032,0.669,0.549,0.686,0.776,0.065,0.949,0.92,0.221,0.288,0.663,0.998,0.147,0.68,0.03,0.577,0.574,0.635,0.921,0.059,0.08,0.871,0.073,0.169,0.717,0.129,0.272,0.969,0.121,0.432,0.199,0.098,0.013,0.77,0.473,0.711,0.863,0.891,0.4,0.649,0.381,0.754,0.716,0.899,0.384,0.691,0.752,0.552,0.057,0.021,0.433,0.232,0.825,0.702,0.74,0.433,0.09,0.294,0.473,0.896,0.462,0.419,0.853
-84,0.344,0.846,0.174,0.727,0.716,0.083,0.959,0.882,0.964,0.067,0.531,0.22,0.333,0.471,0.482,0.917,0.581,0.966,0.819,0.428,0.506,0.293,0.534,0.383,0.465,0.799,0.862,0.849,0.001,0.134,0.093,0.007,0.335,0.175,0.033,0.107,0.943,0.735,0.619,0.696,0.565,0.165,0.87,0.569,0.342,0.543,0.808,0.6,0.831,0.211,0.048,0.336,0.102,0.608,0.001,0.429,0.797,0.537,0.361,0.471,0.571,0.616,0.458,0.861
-82,0.778,0.684,0.449,0.776,0.399,0.201,0.032,0.045,0.856,0.365,0.736,0.103,0.141,0.79,0.985,0.22,0.381,0.07,0.516,0.511,0.581,0.57,0.655,0.398,0.866,0.134,0.552,0.881,0.252,0.014,0.433,0.036,0.047,0.777,0.671,0.337,0.653,0.627,0.342,0.541,0.58,0.033,0.836,0.033,0.833,0.804,0.225,0.121,0.622,0.822,0.835,0.503,0.175,0.498,0.537,0.514,0.513,0.131,0.283,0.626,0.945,0.006,0.597,0.622
-80,0.32,0.951,0.551,0.273,0.448,0.08,0.275,0.415,0.095,0.788,0.367,0.653,0.112,0.329,0.193,0.497,0.511,0.29,0.989,0.808,0.729,0.138,0.081,0.258,0.381,0.54,0.631,0.824,0.563,0.16,0.668,0.547,0.699,0.014,0.235,0.406,0.97,0.39,0.679,0.629,0.772,0.955,0.004,0.641,0.907,0.537,0.51,0.762,0.202,0.614,0.302,0.477,0.717,0.698,0.348,0.262,0.113,0.354,0.084,0.629,0.684,0.521,0.992,0.818
-78,0.374,0.453,0.511,0.043,0.832,0.367,0.01,0.215,0.638,0.695,0.483,0.188,0.823,0.238,0.246,0.131,0.636,0.74,0.022,0.856,0.733,0.219,0.489,0.351,0.788,0.76,0.151,0.073,0.055,0.963,0.672,0.81,0.312,0.691,0.882,0.279,0.205,0.862,0.839,0.695,0.103,0.486,0.249,0.726,0.842,0.762,0.127,0.996,0.223,0.614,0.35,0.103,0.191,0.315,0.219,0.752,0.431,0.141,0.866,0.404,0.804,0.968,0.241,0.965
-76,0.843,0.709,0.361,0.934,0.636,0.759,0.568,0.434,0.253,0.812,0.494,0.845,0.229,0.23,0.045,0.379,0.992,0.101,0.568,0.823,0.579,0.464,0.175,0.93,0.447,0.152,0.602,0.967,0.654,0.235,0.459,0.114,0.319,0.935,0.289,0.72,0.456,0.675,0.969,0.971,0.922,0.692,0.79,0.079,0.724,0.425,0.424,0.949,0.81,0.691,0.334,0.088,0.212,0.658,0.757,0.924,0.27,0.407,0.547,0.963,0.673,0.328,0.003,0.476
-74,0.209,0.168,0.923,0.547,0.88,0.702,0.296,0.953,0.268,0.745,0.513,0.078,0.622,0.184,0.013,0.756,0.743,0.825,0.5,0.98,0.514,0.827,0.899,0.383,0.57,0.269,0.129,0.32,0.952,0.155,0.443,0.13,0.698,0.808,0.792,0.595,0.068,0.122,0.496,0.738,0.703,0.882,0.043,0.614,0.567,0.975,0.785,0.178,0.795,0.158,0.627,0.164,0.352,0.955,0.7,0.759,0.881,0.217,0.503,0.155,0.361,0.302,0.835,0.541
-72,0.662,0.671,0.75,0.189,0.055,0.486,0.071,0.462,0.366,0.55,0.638,0.698,0.862,0.843,0.039,0.151,0.995,0.264,0.964,0.444,0.992,0.873,0.282,0.197,0.706,0.007,0.677,0.12,0.08,0.061,1.0,0.479,0.619,0.178,0.923,0.656,0.832,0.758,0.873,0.296,0.29,0.39,0.721,0.937,0.528,0.327,0.838,0.997,0.52,0.757,0.285,0.658,0.068,0.119,0.89,0.651,0.018,0.321,0.841,0.662,0.14,0.564,0.065,0.032
-70,0.491,0.249,0.574,0.644,0.346,0.66,0.19,0.844,0.124,0.246,0.67,0.863,0.848,0.567,0.829,0.019,0.649,0.265,0.392,0.49,0.978,0.213,0.451,0.882,0.195,0.589,0.941,0.793,0.542,0.39,0.505,0.618,0.836,0.858,0.77,0.428,0.036,0.049,0.363,0.853,0.986,0.052,0.423,0.667,0.93,0.535,0.833,0.458,0.455,0.272,0.925,0.034,0.497,0.743,0.094,0.734,0.112,0.559,0.182,0.137,0.366,0.741,0.575,0.587
-68,0.295,0.636,0.423,0.265,0.79,0.232,0.922,0.355,0.945,0.43,0.427,0.2,0.381,0.541,0.312,0.638,0.782,0.425,0.529,0.05,0.708,0.235,0.474,0.907,0.969,0.472,0.758,0.36,0.554,0.663,0.176,0.62,0.352,0.803,0.554,0.67,0.63,0.555,0.947,0.888,0.543,0.496,0.573,0.116,0.015,0.007,0.212,0.627,0.933,0.771,0.97,0.355,0.007,0.054,0.656,0.478,0.478,0.123,0.163,0.419,0.579,0.503,0.769,0.098
-66,0.203,0.3,0.448,0.695,0.642,0.638,0.234,0.6,0.818,0.163,0.18,0.551,0.422,0.599,0.833,0.246,0.412,0.432,0.55,0.44,0.086,0.883,1.0,0.628,0.34,0.821,0.626,0.591,0.409,0.3,0.418,0.712,0.986,0.661,0.472,0.626,0.88,0.755,0.382,0.308,0.041,0.213,0.971,0.533,0.325,0.346,0.577,0.059,0.822,0.541,0.429,0.574,0.162,0.165,0.821,0.401,0.681,0.32,0.839,0.89,0.015,0.15,0.01,0.522
-64,0.18,0.072,0.152,0.168,0.591,0.587,0.093,0.171,0.949,0.71,0.536,0.507,0.279,0.619,0.608,0.152,0.6,0.891,0.223,0.882,0.288,0.227,0.317,0.561,0.864,0.134,0.192,0.413,0.365,0.162,0.735,0.766,0.098,0.515,0.22,0.155,0.717,0.848,0.274,0.801,0.906,0.521,0.509,0.603,0.184,0.877,0.824,0.439,0.371,0.052,0.007,0.984,0.263,0.86,0.664,0.123,0.029,0.555,0.475,0.075,0.291,0.165,0.222,0.922
-62,0.357,0.62,0.861,0.391,0.889,0.762,0.976,0.806,0.46,0.191,0.854,0.818,0.52,0.438,0.188,0.322,0.236,0.671,0.636,0.422,0.518,0.358,0.746,0.622,0.393,0.728,0.376,0.516,0.6,0.054,0.807,0.928,0.273,0.698,0.217,0.136,0.939,0.846,0.818,0.616,0.982,0.957,0.241,0.746,0.493,0.693,0.262,0.266,0.592,0.734,0.792,0.948,0.091,0.207,0.475,0.068,0.441,0.366,0.582,0.613,0.944,0.55,0.283,0.083
-60,0.529,0.797,0.706,0.249,0.02,0.843,0.184,0.089,0.563,0.117,0.839,0.538,0.532,0.51,0.293,0.574,0.363,0.334,0.338,0.244,0.122,0.926,0.587,0.722,0.846,0.143,0.94,0.922,0.586,0.083,0.099,0.47,0.967,0.337,0.727,0.955,0.326,0.411,0.031,0.241,0.011,0.958,0.575,0.23,0.942,0.661,0.764,0.506,0.052,0.715,0.564,0.052,0.387,0.353,0.386,0.361,0.306,0.547,0.142,0.182,0.69,0.898,0.696,0.156
-58,0.311,0.278,0.747,0.204,0.202,0.053,0.915,0.165,0.288,0.017,0.967,0.335,0.47,0.945,0.703,0.011,0.336,0.129,0.523,0.129,0.279,0.923,0.052,0.872,0.785,0.306,0.232,0.247,0.09,0.306,0.092,0.725,0.362,0.926,0.77,0.211,0.755,0.126,0.337,0.934,0.813,0.146,0.566,0.163,0.951,0.706,0.103,0.801,0.949,0.68,0.387,0.69,0.021,0.913,0.018,0.874,0.997,0.936,0.888,0.656,0.147,0.587,0.291,0.465
-56,0.818,0.339,0.981,0.531,0.783,0.587,0.269,0.736,0.106,0.023,0.365,1.0,0.978,0.757,0.657,0.661,0.302,0.405,0.826,0.407,0.244,0.569,0.02,0.335,0.708,0.17,0.92,0.534,0.646,0.538,0.499,0.261,0.58,0.16,0.099,0.236,0.165,0.564,0.439,0.732,0.079,0.091,0.219,0.044,0.259,0.502,0.879,0.096,0.102,0.124,0.788,0.953,0.756,0.177,0.363,0.576,0.458,0.55,0.706,0.259,0.147,0.984,0.456,0.426
-54,0.421,0.813,0.575,0.754,0.383,0.609,0.882,0.249,0.267,0.254,0.51,0.356,0.511,0.961,0.998,0.81,0.734,0.404,0.058,0.847,0.773,0.713,0.916,0.715,0.885,0.24,0.866,0.9,0.555,0.313,0.729,0.111,0.002,0.839,0.75,0.228,0.817,0.846,0.843,0.518,0.258,0.862,0.037,0.833,0.022,0.307,0.442,0.345,0.37,0.933,0.482,0.349,0.2,0.311,0.641,0.187,0.23,0.148,0.447,0.206,0.705,0.119,0.334,0.338
-52,0.186,0.603,0.54,0.293,0.53,0.132,0.291,0.058,0.175,0.881,0.813,0.781,0.353,0.837,0.071,0.224,0.894,0.835,0.259,0.171,0.962,0.406,0.42,0.796,0.083,0.363,0.372,0.441,0.648,0.124,0.843,0.502,0.663,0.04,0.135,0.714,0.223,0.612,0.272,0.089,0.143,0.54,0.113,0.71,0.518,0.643,0.278,0.036,0.496,0.361,0.066,0.996,0.916,0.155,0.775,0.901,0.247,0.688,0.446,0.449,0.62,0.333,0.729,0.291
-50,0.897,0.683,0.396,0.15,0.497,0.041,0.676,0.644,0.814,0.59,0.862,0.099,0.873,0.837,0.494,0.765,0.285,0.27,0.042,0.509,0.058,0.76,0.4,0.178,0.27,0.987,0.73,0.897,0.094,0.355,0.657,0.73,0.317,0.972,0.494,0.167,0.337,0.484,0.67,0.051,0.09,0.431,0.754,0.222,0.055,0.736,0.403,0.41,0.972,0.578,0.313,0.685,0.006,0.32,0.447,0.213,0.264,0.982,0.069,0.145,0.074,0.825,1.0,0.109
-48,0.126,0.889,0.162,0.387,0.481,0.262,0.998,0.225,0.312,0.027,0.862,0.354,0.974,0.562,0.218,0.523,0.093,0.786,0.774,0.365,0.089,0.714,0.033,0.367,0.867,0.846,0.425,0.209,0.197,0.411,0.887,0.034,0.922,0.902,0.74,0.729,0.216,0.349,0.149,0.797,0.827,0.832,0.156,0.617,0.055,0.075,0.197,0.632,0.674,0.31,0.125,0.756,0.674,0.025,0.591,0.401,0.141,0.852,0.238,0.295,0.799,0.401,0.297,0.201
-46,0.866,0.98,0.598,0.202,0.31,0.563,0.971,0.045,0.789,0.516,0.928,0.537,0.31,0.514,0.511,0.066,0.424,0.978,0.924,0.379,0.073,0.934,0.391,0.878,0.842,0.121,0.723,0.862,0.967,0.993,0.244,0.102,0.394,0.72,0.076,0.239,0.14,0.154,0.39,0.927,0.484,0.246,0.531,0.171,0.469,0.461,0.193,0.847,0.504,0.592,0.943,0.679,0.26,0.624,0.256,0.232,0.466,0.666,0.514,0.922,0.704,0.36,0.801,0.356
-44,0.433,0.263,0.558,0.677,0.401,0.329,0.087,0.227,0.134,0.098,0.881,0.654,0.668,0.047,0.593,0.592,0.165,0.854,0.539,0.204,0.325,0.225,0.489,0.154,0.211,0.204,0.809,0.452,0.074,0.089,0.064,0.811,0.125,0.848,0.18,0.662,0.268,0.673,0.885,0.847,0.138,0.426,0.604,0.792,0.449,0.959,0.247,0.802,0.677,0.014,0.242,0.775,0.297,0.909,0.331,0.704,0.475,0.99,0.981,0.659,0.877,0.74,0.418,0.921
-42,0.367,0.307,0.31,0.803,0.89,0.29,0.195,0.293,0.34,0.491,0.737,0.491,0.488,0.107,0.837,0.385,0.804,0.56,0.429,0.399,0.251,0.448,0.119,0.941,0.947,0.887,0.104,0.461,0.82,0.549,0.59,0.12,0.007,0.22,0.75,0.258,0.289,0.877,0.091,0.582,0.668,0.903,0.057,0.175,0.626,0.628,0.507,0.101,0.086,0.428,0.377,0.418,0.795,0.651,0.082,0.425,0.602,0.289,0.39,0.64,0.8,0.28,0.71,0.854
-40,0.916,0.722,0.748,0.765,0.098,0.709,0.199,0.728,0.774,0.311,0.423,0.946,0.88,0.962,0.753,0.978,0.078,0.396,0.835,0.25,0.07,0.897,0.737,0.895,0.966,0.841,0.474,0.781,0.172,0.019,0.087,0.325,0.124,0.001,0.049,0.808,0.859,0.117,0.548,0.08,0.516,0.973,0.189,0.203,0.612,0.966,0.595,0.766,0.548,0.415,0.233,0.104,0.958,0.884,0.376,0.421,0.092,0.056,0.831,0.882,0.831,0.024,0.595,0.106
-38,0.852,0.907,0.526,0.064,0.634,0.003,0.902,0.884,0.286,0.236,0.538,0.284,0.615,0.758,0.508,0.352,0.703,0.411,0.076,0.849,0.037,0.917,0.844,0.351,0.687,0.982,0.564,0.379,0.623,0.754,0.041,0.461,0.73,0.413,0.39,0.317,0.06,0.738,0.896,0.67,0.143,0.806,0.759,0.337,0.428,0.546,0.192,0.817,0.614,0.169,0.756,0.17,0.414,0.793,0.473,0.209,0.921,0.669,0.255,0.024,0.041,0.245,0.647,0.709
-36,0.941,0.379,0.959,0.348,0.582,0.62,0.218,0.706,0.559,0.841,0.698,0.044,0.062,0.536,0.375,0.623,0.975,0.381,0.742,0.733,0.296,0.081,0.831,0.911,0.149,0.289,0.469,0.901,0.876,0.065,0.713,0.848,0.069,0.811,0.274,0.471,0.562,0.395,0.557,0.309,0.389,0.147,0.92,0.077,0.411,0.771,0.959,0.862,0.398,0.598,0.327,0.96,0.379,0.619,0.847,0.337,0.325,0.873,0.266,0.542,0.64,0.185,0.734,0.965
-34,0.695,0.599,0.454,0.812,0.537,0.461,0.316,0.522,0.305,0.875,0.721,0.505,0.858,0.822,0.318,0.583,0.477,0.013,0.08,0.493,0.998,0.353,0.735,0.245,0.59,0.455,0.125,0.181,0.711,0.198,0.474,0.368,0.956,0.528,0.318,0.16,0.632,0.964,0.857,0.114,0.743,0.367,0.394,0.897,0.584,0.883,0.337,0.621,0.689,0.242,0.383,0.074,0.759,0.605,0.983,0.07,0.478,0.344,0.554,0.73,0.847,0.945,0.653,0.734
-32,0.447,0.452,0.184,0.479,0.064,0.217,0.79,0.305,0.279,0.658,0.853,0.783,0.158,0.965,0.096,0.841,0.815,0.991,0.688,0.616,0.93,0.136,0.479,0.74,0.822,0.973,0.917,0.006,0.057,0.757,0.859,0.471,0.515,0.637,0.23,0.461,0.208,0.126,0.335,0.522,0.97,0.409,0.843,0.294,0.403,0.908,0.169,0.747,0.947,0.356,0.979,0.756,0.735,0.622,0.157,0.557,0.453,0.341,0.007,0.161,0.419,0.752,0.787,0.216
-30,0.311,0.632,0.586,0.265,0.286,0.888,0.205,0.137,0.218,0.885,0.433,0.953,0.26,0.065,0.166,0.152,0.527,0.88,0.016,0.519,0.299,0.08,0.993,0.38,0.535,0.589,0.651,0.347,0.78,0.552,0.707,0.761,0.872,0.989,0.142,0.225,0.306,0.64,0.412,0.637,0.574,0.894,0.636,0.97,0.252,0.106,0.429,0.998,0.744,0.29,0.692,0.659,0.01,0.824,0.408,0.536,0.571,0.926,0.297,0.896,0.456,0.6,0.482,0.264
-28,0.245,0.321,0.007,0.843,0.107,0.563,0.253,0.939,0.151,0.112,0.837,0.267,0.952,0.025,0.879,0.493,0.591,0.362,0.874,0.275,0.965,0.427,0.799,0.541,0.4,0.915,0.559,0.937,0.563,0.586,0.271,0.301,0.738,0.585,0.498,0.296,0.472,0.546,0.341,0.174,0.021,0.83,0.886,0.581,0.729,0.402,0.798,0.222,0.13,0.737,0.53,0.868,0.86,0.422,0.924,0.329,0.237,0.714,0.957,0.396,0.622,0.974,0.465,0.53
-26,0.219,0.029,0.057,0.237,0.242,0.609,0.164,0.065,0.317,0.957,0.319,0.395,0.978,0.618,0.414,0.432,0.564,0.151,0.466,0.963,0.896,0.96,0.809,0.14,0.125,0.641,0.945,0.18,0.416,0.784,0.729,0.929,0.045,0.14,0.159,0.987,0.544,0.929,0.023,0.989,0.93,0.218,0.963,0.914,0.38,0.905,0.305,0.623,0.229,0.516,0.053,0.569,0.692,0.039,0.344,0.283,0.198,0.951,0.995,0.148,0.107,0.345,0.438,0.49
-24,0.215,0.6,0.759,0.171,0.444,0.204,0.814,0.655,0.531,0.779,0.371,0.479,0.169,0.735,0.982,0.522,0.199,0.64,0.723,0.941,0.981,0.244,0.053,0.264,0.882,0.893,0.381,0.592,0.653,0.552,0.005,0.072,0.324,0.634,0.91,0.804,0.869,0.451,0.322,0.412,0.272,0.617,0.28,0.524,0.46,0.983,0.29,0.169,0.663,0.51,0.248,0.302,0.978,0.635,0.008,0.451,0.691,0.301,0.649,0.086,0.284,0.433,0.374,0.898
-22,0.539,0.252,0.468,0.91,0.452,0.364,0.511,0.204,0.791,0.011,0.187,0.467,0.244,0.345,0.661,0.398,0.571,0.246,0.828,0.538,0.485,0.492,0.472,0.929,0.161,0.482,0.396,0.558,0.622,0.023,0.602,0.451,0.881,0.926,0.594,0.496,0.549,0.535,0.125,0.822,0.837,0.111,0.702,0.965,0.203,0.652,0.187,0.453,0.311,0.426,0.536,0.387,0.721,0.922,0.931,0.819,0.55,0.751,0.624,0.236,0.048,0.06,0.113,0.449
-20,0.811,0.078,0.993,0.202,0.102,0.497,0.574,0.047,0.739,0.993,0.158,0.207,0.069,0.597,0.527,0.825,0.079,0.324,0.124,0.89,0.675,0.459,0.91,0.597,0.722,0.452,0.082,0.348,0.529,0.56,0.684,0.533,0.293,0.01,0.731,0.53,0.53,0.39,0.279,0.49,0.377,0.453,0.076,0.982,0.201,0.463,0.286,0.319,0.651,0.072,0.832,0.745,0.12,0.003,0.437,0.628,0.076,0.059,0.064,0.927,0.374,0.004,0.114,0.893
-18,0.784,0.262,0.543,0.15,0.694,0.056,0.78,0.984,0.852,0.416,0.397,0.824,0.736,0.927,0.091,0.793,0.761,0.886,0.337,0.914,0.574,0.565,0.129,0.894,0.088,0.356,0.414,0.778,0.541,0.503,0.343,0.317,0.586,0.876,0.367,0.559,0.382,0.144,0.152,0.132,0.216,0.643,0.028,0.016,0.642,0.326,0.033,0.251,0.437,0.922,0.751,0.641,0.384,0.383,0.262,0.587,0.133,0.605,0.743,0.788,0.744,0.215,0.665,0.758
-16,0.351,0.126,0.138,0.852,0.425,0.412,0.973,0.218,0.319,0.654,0.263,0.331,0.794,0.602,0.674,0.192,0.124,0.465,1.0,0.64,0.163,0.89,0.731,0.853,0.455,0.705,0.333,0.995,0.009,0.506,0.073,0.119,0.47,0.205,0.708,0.016,0.247,0.058,0.901,0.935,0.682,0.223,0.943,0.228,0.233,0.634,0.053,0.541,0.247,0.723,0.853,0.801,0.478,0.432,0.695,0.716,0.54,0.349,0.01,0.554,0.016,0.438,0.179,0.739
-14,0.19,0.768,0.095,0.348,0.175,0.264,0.358,0.061,0.551,0.538,0.906,0.146,0.875,0.438,0.577,0.226,0.475,0.008,0.202,0.423,0.42,0.025,0.013,0.928,0.963,0.788,0.315,0.324,0.576,0.276,0.639,0.82,0.702,0.922,0.072,0.526,0.938,0.829,0.455,0.041,0.711,0.45,0.787,0.309,0.287,0.55,0.269,0.488,0.927,0.055,0.073,0.805,0.338,0.232,0.589,0.018,0.476,0.218,0.25,0.647,0.184,0.738,0.096,0.077
-12,0.112,0.4,0.815,0.31,0.085,0.311,0.963,0.346,0.014,0.606,0.478,0.635,0.345,0.518,0.942,0.796,0.028,0.082,0.893,0.11,0.575,0.079,0.543,0.583,0.826,0.843,0.37,0.071,0.7,0.573,0.325,0.136,0.747,0.65,0.562,0.473,0.633,0.604,0.117,0.101,0.325,0.4,0.219,0.84,0.108,0.239,0.239,0.634,0.044,0.882,0.162,0.668,0.467,0.512,0.001,0.077,0.007,0.469,0.119,0.894,0.492,0.033,0.839,0.263
-10,0.279,0.931,0.262,0.185,0.765,0.741,0.524,0.379,0.347,0.665,0.662,0.996,0.655,0.013,0.46,0.688,0.396,0.751,0.313,0.947,0.703,0.132,0.087,0.352,0.736,0.363,0.821,0.43,0.842,0.249,0.132,0.727,0.916,0.336,0.645,0.748,0.3,0.791,0.076,0.009,0.051,0.634,0.134,0.448,0.223,0.689,0.258,0.233,0.054,0.608,0.067,0.651,0.764,0.788,0.873,0.101,0.617,0.569,0.547,1.0,0.299,0.877,0.417,0.727
-8,0.123,0.085,0.718,0.397,0.484,0.178,0.671,0.784,0.384,0.767,0.877,0.444,0.709,0.079,0.36,0.849,0.267,0.273,0.221,0.48,0.839,0.354,0.057,0.51,0.798,0.589,0.202,0.073,0.962,0.415,0.853,0.201,0.023,0.263,0.599,0.729,0.243,0.992,0.259,0.157,0.946,0.998,0.869,0.008,0.984,0.432,0.92,0.519,0.111,0.279,0.05,0.692,0.775,0.732,0.146,0.931,0.346,0.087,0.127,0.373,0.036,0.184,0.722,0.611
-6,0.858,0.75,0.537,0.674,0.105,0.57,0.927,0.675,0.425,0.532,0.977,0.14,0.968,0.212,0.673,0.069,0.061,0.56,0.873,0.321,0.407,0.551,0.934,0.583,0.387,0.909,0.131,0.076,0.549,0.841,0.931,0.791,0.185,0.597,0.404,0.634,0.823,0.614,0.285,0.606,0.792,0.785,0.218,0.101,0.6,0.875,0.996,0.894,0.284,0.698,0.2,0.798,0.137,0.761,0.482,0.164,0.528,0.709,0.324,0.9,0.809,0.134,0.268,0.941
-4,0.533,0.152,0.487,0.303,0.331,0.839,0.872,0.589,0.056,0.953,0.405,0.981,0.137,0.85,0.723,0.417,0.719,0.62,0.663,0.426,0.125,0.281,0.493,0.123,0.736,0.661,0.921,0.249,0.595,0.598,0.362,0.467,0.224,0.245,0.941,0.974,0.766,0.745,0.915,0.659,0.618,0.46,0.221,0.648,0.205,0.098,0.572,0.749,0.663,0.134,0.798,0.63,0.144,0.488,0.772,0.76,0.118,0.709,0.523,0.73,0.795,0.367,0.223,0.994
-2,0.143,0.716,0.301,0.364,0.658,0.624,0.829,0.485,0.079,0.949,0.574,0.604,0.777,0.273,0.931,0.793,0.503,0.277,0.117,0.121,0.514,0.319,0.753,0.973,0.238,0.977,0.519,0.095,0.01,0.298,0.194,0.577,0.556,0.196,0.68,0.868,0.991,0.25,0.111,0.211,0.219,0.716,0.334,0.511,0.727,0.029,0.97,0.863,0.897,0.804,0.674,0.226,0.83,0.3,0.015,0.585,0.759,0.186,0.213,0.559,0.894,0.344,0.416,0.167
0,0.306,0.208,0.144,0.749,0.083,0.06,0.975,0.87,0.696,0.529,0.119,0.66,0.407,0.769,0.895,0.604,0.891,0.979,0.514,0.501,0.631,0.953,0.5,0.843,0.218,0.685,0.317,0.323,0.099,0.135,0.069,0.427,0.476,0.652,0.691,0.8,0.75,0.461,0.578,0.964,0.159,0.806,0.543,0.309,0.787,0.386,0.724,0.252,0.981,0.491,0.157,0.803,0.818,0.502,0.866,0.869,0.542,0.24,0.736,0.62,0.107,0.04,0.3,0.64
2,0.712,0.314,0.128,0.921,0.515,0.294,0.944,0.906,0.297,0.633,0.987,0.997,0.844,0.823,0.256,0.368,0.289,0.205,0.251,0.992,0.556,0.599,0.482,0.004,0.101,0.525,0.059,0.615,0.833,0.776,0.877,0.557,0.846,0.012,0.042,0.064,0.742,0.392,0.66,0.571,0.616,0.929,0.575,0.169,0.602,0.841,0.153,0.091,0.066,0.084,0.293,0.838,0.491,0.381,0.788,0.224,0.378,0.983,0.362,0.22,0.868,0.795,0.078,0.003
4,0.277,0.08,0.885,0.253,0.467,0.747,0.172,0.638,0.371,0.572,0.005,0.742,0.798,0.03,0.616,0.594,0.657,0.388,0.194,0.97,0.741,0.448,0.467,0.781,0.16,0.622,0.315,0.991,0.419,0.202,0.601,0.833,0.812,0.282,0.539,0.109,0.556,0.634,0.837,0.29,0.668,0.065,0.703,0.298,0.512,0.867,0.201,0.263,0.546,0.008,0.987,0.623,0.361,0.41,0.491,0.378,0.602,0.419,0.489,0.042,0.344,0.164,0.222,0.238
6,0.521,0.965,0.975,0.075,0.27,0.676,0.152,0.554,0.424,0.046,0.638,0.795,0.927,0.166,0.259,0.782,0.208,0.332,0.984,0.341,0.839,0.549,0.017,0.164,0.816,0.883,0.919,0.359,0.818,0.198,0.237,0.493,0.312,0.428,0.273,0.75,0.56,0.702,0.178,0.898,0.331,0.603,0.877,0.477,0.405,0.413,0.617,0.445,0.584,0.239,0.907,0.033,0.568,0.277,0.31,0.084,0.131,0.304,0.614,0.659,0.364,0.465,0.758,0.243
8,0.961,0.81,0.326,0.483,0.234,0.652,0.995,0.794,0.456,0.797,0.791,0.219,0.077,0.024,0.308,0.792,0.618,0.636,0.907,0.608,0.163,0.983,0.211,0.233,0.858,0.074,0.881,0.202,0.421,0.512,0.044,0.334,0.365,0.502,0.967,0.675,0.207,0.92,0.274,0.175,0.074,0.958,0.79,0.811,0.378,0.506,0.007,0.394,0.865,0.38,0.175,0.623,0.347,0.301,0.571,0.378,0.62,0.384,0.678,0.067,0.702,0.548,0.68,0.551
10,0.609,0.744,0.939,0.074,0.007,0.292,0.239,0.887,0.544,0.479,0.237,0.167,0.043,0.735,0.734,0.417,0.407,0.155,0.496,0.348,0.739,0.085,0.106,0.875,0.166,0.386,0.014,0.168,0.238,0.497,0.275,0.845,0.039,0.332,0.305,0.904,0.356,0.466,0.548,0.4,0.333,0.654,0.757,0.957,0.825,0.05,0.0,0.618,0.939,0.443,0.403,0.412,0.281,0.97,0.803,0.331,0.127,0.231,0.284,0.447,0.307,0.351,0.146,0.141
12,0.338,0.746,0.759,0.997,0.002,0.415,0.346,0.546,0.946,0.88,0.005,0.04,0.765,0.99,0.934,0.304,0.931,0.893,0.808,0.344,0.287,0.022,0.854,0.247,0.934,0.633,0.239,0.669,0.179,0.172,0.383,0.921,0.847,0.142,0.422,0.067,0.717,0.714,0.413,0.16,0.26,0.719,0.815,0.74,0.388,0.044,0.792,0.627,0.812,0.689,0.246,0.65,0.596,0.679,0.286,0.476,0.423,0.533,0.33,0.522,0.004,0.588,0.674,0.91
14,0.931,0.662,0.788,0.523,0.957,0.91,0.895,0.778,0.288,0.917,0.08,0.917,0.544,0.806,0.198,0.303,0.898,0.569,0.48,0.033,0.969,0.353,0.417,0.411,0.022,0.596,0.806,0.742,0.975,0.814,0.144,0.474,0.956,0.767,0.396,0.961,0.954,0.404,0.863,0.713,0.469,0.523,0.756,0.974,0.189,0.879,0.022,0.394,0.546,0.829,0.722,0.575,0.594,0.139,0.235,0.637,0.332,0.891,0.338,0.06,0.24,0.673,0.734,0.114
16,0.414,0.662,0.487,0.372,0.704,0.868,0.212,0.531,0.455,0.697,0.942,0.748,0.856,0.843,0.833,0.102,0.232,0.246,0.818,0.137,0.682,0.198,0.849,0.192,0.151,0.245,0.74,0.101,0.931,0.297,0.655,0.318,0.913,0.832,0.09,0.893,0.582,0.178,0.842,0.039,0.136,0.87,0.21,0.923,0.601,0.633,0.304,0.573,0.429,0.077,0.736,0.832,0.376,0.08,0.331,0.905,0.584,0.607,0.539,0.72,0.513,0.299,0.607,0.956
18,0.379,0.364,0.585,0.444,0.881,0.251,0.494,0.354,0.35,0.875,0.804,0.605,0.085,0.364,0.755,0.144,0.589,0.615,0.249,0.253,0.723,0.701,0.344,0.939,0.757,0.698,0.075,0.285,0.478,0.886,0.477,0.153,0.95,0.319,0.739,0.653,0.104,0.597,0.569,0.66,0.052,0.819,0.269,0.594,0.269,0.841,0.042,0.516,0.867,0.989,0.372,0.179,0.605,0.938,0.752,0.239,0.146,0.261,0.049,0.305,0.561,0.849,0.768,0.137
20,0.334,0.309,0.712,0.93,0.143,0.681,0.334,0.306,0.321,0.904,0.713,0.015,0.587,0.755,0.475,0.943,0.358,0.085,0.18,0.67,0.84,0.824,0.28,0.588,0.009,0.336,0.575,0.173,0.729,0.042,0.936,0.168,0.795,0.045,0.736,0.715,0.175,0.792,0.192,0.619,0.554,0.437,0.799,0.255,0.159,0.258,0.119,0.392,0.585,0.282,0.207,0.381,0.198,0.877,0.19,0.96,0.551,0.658,0.913,0.915,0.16,0.206,0.505,0.903
22,0.242,0.693,0.472,0.966,0.116,0.492,0.953,0.819,0.79,0.983,0.589,0.399,0.524,0.785,0.87,0.804,0.829,0.794,0.471,0.602,0.725,0.343,0.64,0.861,0.259,0.156,0.73,0.067,0.659,0.112,0.686,0.669,0.799,0.375,0.4,0.367,0.365,0.591,0.896,0.711,0.159,0.905,0.899,0.551,0.283,0.316,0.398,0.245,0.6,0.328,0.246,0.679,0.812,0.545,0.989,0.078,0.335,0.058,0.534,0.242,0.351,0.891,0.56,0.699
24,0.398,0.445,0.954,0.285,0.058,0.575,0.443,0.968,0.034,0.793,0.456,0.53,0.888,0.761,0.323,0.963,0.48,0.857,0.54,0.244,0.279,0.74,0.018,0.461,0.714,0.246,0.144,0.945,0.409,0.644,0.723,0.168,0.501,0.579,0.018,0.935,0.988,0.146,0.764,0.081,0.957,0.357,0.419,0.641,0.22,0.752,0.295,0.382,0.25,0.832,0.757,0.409,0.793,0.838,0.775,0.8,0.468,0.559,0.026,0.657,0.526,0.389,0.011,0.098
26,0.981,0.973,0.349,0.837,0.358,0.109,0.802,0.873,0.218,0.29,0.547,0.058,0.144,0.605,0.772,0.358,0.205,0.031,0.776,0.109,0.41,0.357,0.918,0.221,0.382,0.451,0.101,0.24,0.321,0.42,0.375,0.071,0.874,0.112,0.265,0.612,0.538,0.905,0.511,0.854,0.616,0.398,0.734,0.907,0.59,0.952,0.671,0.063,0.509,0.888,0.314,0.791,0.091,0.528,0.09,0.598,0.601,0.668,0.762,0.757,0.81,0.731,0.47,0.526
28,0.454,0.134,0.631,0.626,0.566,0.248,0.362,0.582,0.268,0.438,0.77,0.94,1.0,0.436,0.624,0.832,0.651,0.19,0.081,0.225,0.587,0.838,0.374,0.982,0.381,0.425,0.982,0.328,0.984,0.866,0.237,0.745,0.635,0.217,0.862,0.398,0.275,0.38,0.158,0.541,0.006,0.328,0.689,0.443,0.693,0.45,0.456,0.92,0.612,0.172,0.955,0.092,0.913,0.051,0.807,0.362,0.335,0.111,0.334,0.931,0.094,0.348,0.584,0.514
30,0.032,0.223,0.047,0.984,0.43,0.033,0.832,0.028,0.78,0.904,0.395,0.443,0.796,0.512,0.942,0.06,0.155,0.988,0.959,0.337,0.467,0.476,0.295,0.371,0.734,1.0,0.17,0.723,0.087,0.51,0.69,0.587,0.656,0.2,0.08,0.721,0.474,0.626,0.298,0.587,0.301,0.497,0.972,0.285,0.191,0.08,0.279,0.057,0.453,0.35,0.127,0.521,0.185,0.751,0.709,0.284,0.827,0.635,0.58,0.699,0.769,0.081,0.203,0.105
32,0.549,0.256,0.385,0.066,0.133,0.29,0.064,0.1,0.834,0.932,0.199,0.337,0.29,0.259,0.798,0.148,0.492,0.973,0.061,0.72,0.355,0.576,0.296,0.097,0.09,0.926,0.779,0.035,0.959,0.828,0.8,0.159,0.209,0.671,0.44,0.854,0.947,0.453,0.558,0.069,0.485,0.014,0.01,0.249,0.936,0.053,0.62,0.072,0.976,0.822,0.342,0.435,0.003,0.158,0.148,0.916,0.442,0.692,0.817,0.533,0.018,0.518,0.334,0.194
34,0.994,0.732,0.833,0.788,0.781,0.787,0.772,0.485,0.327,0.601,0.037,0.201,0.241,0.713,0.246,0.183,0.252,0.815,0.29,0.745,0.701,0.208,0.058,0.423,0.108,0.313,0.096,0.492,0.029,0.942,0.142,0.995,0.334,0.494,0.936,0.971,0.059,0.328,0.147,0.174,0.883,0.81,0.916,0.414,0.362,0.439,0.363,0.348,0.601,0.845,0.763,0.324,0.147,0.388,0.272,0.269,0.095,0.691,0.826,0.178,0.378,0.126,0.384,0.691
36,0.749,0.422,0.161,0.274,0.516,0.163,0.785,0.133,0.184,0.351,0.473,0.062,0.963,0.614,0.033,0.45,0.697,0.938,0.52,0.898,0.247,0.614,0.215,0.108,0.227,0.232,0.471,0.888,0.788,0.033,0.733,0.844,0.557,0.154,0.927,0.879,0.908,0.116,0.76,0.039,0.058,0.341,0.32,0.592,0.597,0.945,0.41,0.83,0.188,0.025,0.896,0.659,0.5,0.325,0.818,0.83,0.793,0.162,0.74,0.585,0.507,0.631,0.33,0.11
38,0.797,0.658,0.218,0.72,0.925,0.417,0.654,0.24,0.462,0.561,0.033,0.858,0.922,0.623,0.821,0.211,0.732,0.286,0.011,0.066,0.089,0.902,0.904,0.163,0.193,0.864,0.088,0.891,0.07,0.318,0.793,0.028,0.752,0.352,0.035,0.486,0.954,0.406,0.788,0.617,0.894,0.443,0.529,0.373,0.326,0.328,0.811,0.493,0.691,0.176,0.6,0.121,0.497,0.798,0.456,0.422,0.959,0.48,0.393,0.688,0.533,0.736,0.042,0.027
40,0.285,0.693,0.503,0.122,0.244,0.686,0.386,0.328,0.559,0.985,0.136,0.662,0.807,0.676,0.096,0.859,0.375,0.175,0.025,0.907,0.966,0.457,0.674,0.05,0.481,0.4,0.733,0.385,0.507,0.28,0.488,0.283,0.727,0.438,0.702,0.417,0.834,0.04,0.385,0.198,0.027,0.003,0.239,0.298,0.669,0.497,0.668,0.367,0.07,0.37,0.618,0.971,0.953,0.202,0.461,0.073,0.457,0.643,0.258,0.761,0.205,0.976,0.512,0.334
42,0.529,0.283,0.805,0.959,0.543,0.067,0.568,0.972,0.569,0.074,0.612,0.744,0.735,0.556,0.264,0.904,0.908,0.267,0.875,0.728,0.01,0.506,0.186,0.235,0.514,0.963,0.448,0.307,0.773,0.858,0.252,0.109,0.733,0.604,0.92,0.359,0.855,0.741,0.644,0.089,0.572,0.776,0.775,0.893,0.881,0.587,0.491,0.019,0.193,0.818,0.938,0.659,0.189,0.269,0.863,0.437,0.164,0.503,0.207,0.94,0.131,0.725,0.545,0.799
44,0.351,0.142,0.921,0.402,0.327,0.88,0.516,0.052,0.611,0.55,0.285,0.03,0.273,0.585,0.515,0.023,0.282,0.025,0.082,0.58,0.342,0.055,0.579,0.744,0.925,0.356,0.957,0.694,0.298,0.003,0.7,0.563,0.666,0.141,0.494,0.594,0.599,0.226,0.351,0.656,0.308,0.497,0.861,0.63,0.797,0.839,0.369,0.364,0.861,0.323,0.505,0.283,0.275,0.165,0.282,0.639,0.066,0.342,0.545,0.984,0.158,0.202,0.635,0.597
46,0.83,0.266,0.33,0.243,0.369,0.28,0.177,0.735,0.901,0.414,0.032,0.673,0.041,0.921,0.705,0.824,0.628,0.113,0.477,0.093,0.744,0.017,0.25,0.295,0.877,0.162,0.54,0.499,0.166,0.677,0.744,0.224,0.459,0.44,0.879,0.424,0.67,0.193,0.492,0.725,0.662,0.123,0.367,0.941,0.305,0.421,0.677,0.574,0.28,0.558,0.199,0.769,0.012,0.871,0.476,0.45,0.713,0.324,0.237,0.777,0.281,0.678,0.918,0.351
48,0.968,0.237,0.509,0.422,0.312,0.366,0.135,0.001,0.087,0.684,0.874,0.802,0.808,0.046,0.626,0.006,0.667,0.447,0.399,0.872,0.193,0.889,0.368,0.214,0.793,0.577,0.027,0.358,0.088,0.965,0.547,0.184,0.152,0.081,0.626,0.397,0.245,0.834,0.51,0.692,0.55,0.255,0.666,0.826,0.23,0.329,0.289,0.832,0.634,0.625,0.181,0.096,0.744,0.373,0.833,0.682,0.73,0.411,0.483,0.944,0.098,0.791,0.723,0.654
50,0.895,0.455,0.299,0.962,0.036,0.706,0.085,0.004,0.018,0.236,0.889,0.876,0.327,0.569,0.692,0.626,0.912,0.236,0.174,0.601,0.054,0.611,0.732,0.698,0.652,0.54,0.255,0.709,0.434,0.816,0.25,0.044,0.184,0.649,0.486,0.109,0.284,0.195,0.178,0.007,0.815,0.198,0.972,0.627,0.65,0.563,0.068,0.131,0.238,0.552,0.071,0.448,0.441,0.5,0.062,0.191,0.323,0.561,0.675,0.31,0.496,0.937,0.746,0.07
52,0.427,0.853,0.006,0.607,0.634,0.638,0.439,0.869,0.183,0.789,0.172,0.662,0.166,0.273,0.23,0.173,0.557,0.68,0.963,0.076,0.483,0.943,0.252,0.151,0.527,0.167,0.422,0.771,0.05,0.936,0.448,0.728,0.245,0.523,0.513,0.394,0.751,0.577,0.809,0.587,0.858,0.499,0.677,0.535,0.175,0.785,0.758,0.107,0.338,0.19,0.079,0.889,0.925,0.669,0.864,0.525,0.201,0.852,0.787,0.216,0.065,0.893,0.007,0.717
54,0.732,0.081,0.374,0.446,0.1,0.453,0.005,0.856,0.716,0.328,0.122,0.77,0.648,0.34,0.055,0.777,0.975,0.201,0.747,0.384,0.058,0.441,0.455,0.852,0.094,0.078,0.653,0.056,0.94,0.673,0.017,0.156,0.554,0.2,0.848,0.68,0.975,0.071,0.978,0.382,0.992,0.299,0.748,0.305,0.92,0.027,0.936,0.3,0.746,0.453,0.212,0.8,0.092,0.218,0.415,0.744,0.146,0.114,0.635,0.436,0.949,0.408,0.194,0.323
56,0.291,0.414,0.537,0.846,0.384,0.548,0.4,0.101,0.553,0.381,0.896,0.899,0.911,0.492,0.774,0.952,0.46,0.819,0.843,0.438,0.758,0.109,0.676,0.381,0.437,0.666,0.586,0.317,0.817,0.117,0.955,0.145,0.408,0.953,0.192,0.197,0.812,0.628,0.426,0.27,0.798,0.705,0.06,0.471,0.147,0.98,0.281,0.562,0.032,0.586,0.364,0.534,0.826,0.567,0.388,0.266,0.799,0.224,0.594,0.173,0.266,0.153,0.043,0.787
58,0.741,0.417,0.962,0.588,0.649,0.426,0.363,0.185,0.911,0.013,0.888,0.977,0.259,0.626,0.071,0.471,0.467,0.739,0.725,0.069,0.176,0.589,0.46,0.42,0.134,0.806,0.429,0.923,0.266,0.066,0.471,0.399,0.086,0.72,0.509,0.655,0.194,0.061,0.696,0.97,0.63,0.673,0.161,0.88,0.848,0.163,0.334,0.178,0.056,0.054,0.286,0.729,0.492,0.038,0.078,0.566,0.403,0.399,0.842,0.589,0.663,0.884,0.004,0.785
60,0.756,0.44,0.645,0.853,0.354,0.636,0.592,0.098,0.286,0.514,0.191,0.671,0.45,0.883,0.259,0.94,0.979,0.388,0.795,0.101,0.761,0.335,0.77,0.202,0.159,0.927,0.78,0.196,0.545,0.881,0.493,0.207,0.083,0.621,0.095,0.678,0.913,0.925,0.474,0.295,0.042,0.521,0.057,0.137,0.914,0.707,0.763,0.741,0.549,0.552,0.934,0.887,0.823,0.351,0.192,0.379,0.539,0.119,0.625,0.262,0.248,0.647,0.408,0.759
62,0.148,0.965,0.585,0.376,0.588,0.358,0.111,0.865,0.483,0.639,0.383,0.089,0.066,0.477,0.877,0.659,0.21,0.455,0.523,0.764,0.198,0.761,0.963,0.508,0.288,0.432,0.288,0.102,0.685,0.185,0.466,0.342,0.831,0.923,0.157,0.027,0.073,0.913,0.607,0.059,0.618,0.59,0.783,0.466,0.65,0.378,0.112,0.201,0.102,0.904,0.948,0.301,0.872,0.908,0.404,0.522,0.307,0.048,0.803,0.398,0.617,0.618,0.097,0.407
64,0.386,0.811,0.973,0.49,0.403,0.842,0.838,0.256,0.372,0.204,0.534,0.184,0.836,0.01,0.341,0.476,0.991,0.859,0.439,0.258,0.69,0.044,0.88,0.605,0.203,0.092,0.348,0.561,0.141,0.497,0.459,0.33,0.136,0.338,0.7,0.27,0.04,0.224,0.841,0.486,0.174,0.384,0.925,0.154,0.093,0.171,0.305,0.762,0.705,0.071,0.988,0.243,0.592,0.616,0.108,0.676,0.186,0.377,0.129,0.87,0.175,0.166,0.74,0.174
66,0.539,0.6,0.372,0.181,0.972,0.268,0.173,0.393,0.021,0.328,0.985,0.634,0.191,0.04,0.591,0.782,0.324,0.293,0.747,0.923,0.914,0.556,0.266,0.9,0.297,0.879,0.066,0.517,0.573,0.24,0.223,0.933,0.754,0.241,0.601,0.573,0.526,0.542,0.114,0.943,0.282,0.195,0.443,0.119,0.467,0.758,0.36,0.251,0.65,0.99,0.223,0.743,0.897,0.606,0.217,0.516,0.152,0.453,0.254,0.898,0.012,0.765,0.121,0.424
68,0.119,0.707,0.264,0.292,0.745,0.926,0.202,0.327,0.39,0.891,0.328,0.439,0.8,0.157,0.176,0.263,0.332,0.873,0.762,0.376,0.89,0.794,0.44,0.626,0.681,0.761,0.936,0.992,0.247,0.23,0.509,0.01,0.507,0.772,0.112,0.018,0.42,0.364,0.696,0.64,0.157,0.294,0.197,0.586,0.417,0.459,0.291,0.54,0.676,0.616,0.587,0.942,0.545,0.479,0.012,0.204,0.648,0.015,0.869,0.102,0.162,0.807,0.521,0.299
70,0.773,0.058,0.311,0.069,0.42,0.67,0.044,0.791,0.482,0.737,0.83,0.048,0.541,0.74,0.688,0.564,0.963,0.163,0.053,0.931,0.46,0.051,0.631,0.58,0.133,0.847,0.627,0.16,0.19,0.472,0.904,0.162,0.799,0.473,0.641,0.861,0.392,0.464,0.621,0.475,0.037,0.387,0.706,0.724,0.277,0.105,0.5,0.532,0.488,0.208,0.582,0.433,0.975,0.454,0.12,0.255,0.01,0.831,0.52,0.229,0.18,0.852,0.744,0.821
72,0.635,0.271,0.185,0.799,0.339,0.327,0.347,0.408,0.321,0.397,0.322,0.127,0.028,0.137,0.445,0.596,0.375,0.927,0.296,0.21,0.536,0.129,0.692,0.447,0.444,0.932,0.82,0.047,0.818,0.593,0.229,0.797,0.566,0.924,0.359,0.255,0.987,0.693,0.524,0.502,0.15,0.754,0.701,0.874,0.486,0.605,0.109,0.61,0.39,0.814,0.328,0.21,0.365,0.709,0.052,0.061,0.041,0.975,0.242,0.434,0.759,0.988,0.618,0.619
74,0.105,0.227,0.705,0.127,0.403,0.103,0.839,0.444,0.848,0.944,0.374,0.997,0.435,0.263,0.834,0.595,0.696,0.408,0.234,0.894,0.762,0.004,0.682,0.502,0.397,0.71,0.576,0.156,0.031,0.139,0.694,0.073,0.201,0.334,0.734,0.973,0.796,0.581,0.495,0.13,0.036,0.827,0.837,0.273,0.131,0.098,0.621,0.033,0.825,0.192,0.283,0.757,0.901,0.196,0.475,0.449,0.729,0.309,0.44,0.935,0.406,0.98,0.718,0.412
76,0.265,0.095,0.895,0.445,0.424,0.182,0.855,0.641,0.319,0.472,0.262,0.881,0.919,0.913,0.597,0.958,0.09,0.313,0.152,0.606,0.576,0.672,0.279,0.987,0.343,0.725,0.253,0.801,0.619,0.291,0.089,0.6,0.496,0.054,0.817,0.206,0.383,0.317,0.916,0.738,0.027,0.781,0.361,0.615,0.317,0.038,0.754,0.235,0.267,0.887,0.294,0.081,0.997,0.754,0.017,0.459,0.653,0.91,0.549,0.322,0.163,0.359,0.281,0.738
78,0.143,0.565,0.69,0.023,0.564,0.736,0.633,0.851,0.924,0.394,0.311,0.257,0.403,0.096,0.191,0.896,0.397,0.72,0.315,0.953,0.505,0.4,0.32,0.887,0.049,0.82,0.97,0.891,0.86,0.612,0.942,0.981,0.94,0.315,0.415,0.31,0.254,0.83,0.048,0.84,0.298,0.735,0.254,0.697,0.574,0.006,0.802,0.624,0.305,0.218,0.861,0.931,0.484,0.311,0.396,0.249,0.637,0.09,0.089,0.157,0.633,0.562,0.069,0.843
80,0.873,0.187,0.899,0.584,0.301,0.672,0.53,0.054,0.43,0.237,0.438,0.044,0.004,0.341,0.47,0.268,0.833,0.648,0.143,0.083,0.482,0.663,0.643,0.251,0.162,0.876,0.635,0.458,0.229,0.029,0.688,0.584,0.028,0.04,0.743,0.479,0.689,0.516,0.389,0.613,0.46,0.567,0.754,0.813,0.724,0.831,0.313,0.819,0.674,0.392,0.155,0.784,0.004,0.986,0.96,0.239,0.348,0.946,0.982,0.958,0.829,0.436,0.609,0.66
82,0.804,0.111,0.201,0.44,0.131,0.115,0.7,0.376,0.234,0.095,0.325,0.502,0.325,0.827,0.689,0.237,0.825,0.632,0.74,0.642,0.449,0.661,0.598,0.454,0.145,0.713,0.34,0.692,0.183,0.678,0.636,0.671,0.756,0.028,0.346,0.358,0.086,0.599,0.969,0.801,0.491,0.501,0.064,0.688,0.001,0.753,0.348,0.378,0.457,0.982,0.019,0.376,0.443,0.856,0.345,0.9,0.925,0.033,0.175,0.877,0.501,0.978,0.781,0.785
84,0.387,0.696,0.294,0.802,0.593,0.367,0.516,0.648,0.5,0.911,0.512,0.125,0.051,0.989,0.864,0.584,0.725,0.168,0.554,0.109,0.024,0.652,0.617,0.502,0.627,0.83,0.798,0.533,0.017,0.004,0.333,0.441,0.617,0.34,0.511,0.633,0.136,0.265,0.16,0.718,0.791,0.756,0.393,0.227,0.641,0.923,0.812,0.211,0.143,0.948,0.381,0.292,0.726,0.167,0.93,0.482,0.826,0.513,0.167,0.89,0.021,0.968,0.758,0.753
86,0.969,0.98,0.788,0.101,0.385,0.917,0.44,0.159,0.684,0.174,0.299,0.804,0.366,0.894,0.273,0.989,0.554,0.573,0.375,0.896,0.707,0.052,0.246,0.617,0.601,0.395,0.499,0.963,0.635,0.555,0.511,0.631,0.384,0.308,0.422,0.145,0.15,0.358,0.71,0.386,0.47,0.464,0.52,0.483,0.576,0.289,0.056,0.773,0.727,0.081,0.77,0.326,0.582,0.645,0.363,0.113,0.697,0.605,0.68,0.683,0.665,0.543,0.45,0.356
88,0.586,0.98,0.146,0.069,0.953,0.915,0.857,0.105,0.109,0.026,0.572,0.799,0.002,0.761,0.481,0.867,0.983,0.772,0.672,0.004,0.606,0.981,0.101,0.769,0.408,0.485,0.012,0.671,0.693,0.331,0.931,0.257,0.914,0.135,0.774,0.408,0.752,0.752,0.717,0.211,0.566,0.107,0.84,0.476,0.247,0.277,0.388,0.072,0.041,0.0,0.466,0.272,0.57,0.515,0.728,0.893,0.077,0.524,0.61,0.651,0.82,0.142,0.996,0.506
90,0.041,0.976,0.461,0.157,0.683,0.854,0.529,0.969,0.636,0.418,0.755,0.765,0.757,0.855,0.36,0.855,0.205,0.495,0.377,0.186,0.883,0.02,0.536,0.057,0.131,0.998,0.868,0.665,0.634,0.958,0.406,0.298,0.76,0.529,0.286,0.975,0.052,0.817,0.605,0.049,0.773,0.605,0.33,0.163,0.35,0.167,0.304,0.975,0.731,0.096,0.996,0.289,0.797,0.518,0.27,0.621,0.514,0.793,0.208,0.56,0.565,0.089,0.074,0.178
92,0.337,0.316,0.612,0.452,0.182,0.495,0.378,0.02,0.152,0.021,0.176,0.428,0.853,0.478,0.623,0.777,0.382,0.622,0.55,0.617,0.043,0.13,0.685,0.778,0.626,0.21,0.255,0.868,0.274,0.177,0.444,0.073,0.032,0.568,0.241,0.551,0.88,0.402,0.301,0.345,0.054,0.121,0.542,0.156,0.301,0.016,0.873,0.981,0.866,0.854,0.744,0.744,0.465,0.868,0.137,0.987,0.06,0.77,0.837,0.333,0.285,0.379,0.09,0.023
94,0.537,0.449,0.988,0.227,0.559,0.748,0.509,0.811,0.899,0.401,0.985,0.622,0.265,0.062,0.933,0.546,0.624,0.92,0.091,0.972,0.183,0.939,0.595,0.039,0.143,0.211,0.305,0.555,0.587,0.924,0.795,0.336,0.018,0.238,0.783,0.462,0.295,0.186,0.344,0.704,0.676,0.889,0.643,0.306,0.664,0.91,0.519,0.358,0.405,0.486,0.288,0.747,0.392,0.47,0.964,0.597,0.561,0.157,0.973,0.895,0.797,0.283,0.445,0.846
96,0.914,0.638,0.347,0.808,0.651,0.463,0.042,0.198,0.047,0.871,0.447,0.659,0.937,0.74,0.778,0.74,0.079,0.665,0.389,0.658,0.839,0.333,0.361,0.856,0.791,0.697,0.84,0.192,0.427,0.66,0.384,0.179,0.198,0.294,0.993,0.114,0.515,0.875,0.949,0.891,0.426,0.179,0.742,0.702,0.512,0.594,0.614,0.923,0.904,0.945,0.327,0.367,0.961,0.449,0.039,0.623,0.53,0.374,0.871,0.018,0.962,0.81,0.351,0.029
98,0.351,0.672,0.263,0.09,0.684,0.782,0.359,0.53,0.286,0.97,0.939,0.724,0.776,0.445,0.413,0.706,0.392,0.737,0.534,0.775,0.055,0.532,0.183,0.434,0.011,0.513,0.64,0.438,0.259,0.986,0.02,0.232,0.683,0.145,0.137,0.433,0.196,0.913,0.636,0.373,0.209,0.837,0.12,0.115,0.874,0.684,0.68,0.397,0.643,0.22,0.715,0.413,0.124,0.739,0.487,0.76,0.822,0.72,0.228,0.142,0.845,0.831,0.224,0.856
100,0.144,0.999,0.765,0.819,0.069,0.186,0.773,0.775,0.997,0.993,0.387,0.444,0.986,0.92,0.97,0.407,0.231,0.524,0.538,0.11,0.263,0.263,0.219,0.399,0.405,0.983,0.091,0.378,0.054,0.793,0.052,0.019,0.109,0.396,0.179,0.889,0.69,0.348,0.189,0.468,0.919,0.253,0.973,0.532,0.218,0.024,0.859,0.586,0.956,0.019,0.666,0.067,0.583,0.578,0.554,0.023,0.724,0.551,0.736,0.886,0.255,0.091,0.463,0.515
102,0.42,0.886,0.485,0.462,0.22,0.753,0.431,0.032,0.142,0.112,0.124,0.486,0.995,0.359,0.304,0.712,0.693,0.946,0.083,0.481,0.273,0.299,0.934,0.048,0.591,0.854,0.445,0.545,0.955,0.026,0.002,0.637,0.365,0.11,0.387,0.867,0.606,0.995,0.891,0.975,0.432,0.264,0.406,0.768,0.165,0.972,0.059,0.757,0.657,0.331,0.777,0.781,0.656,0.396,0.746,0.935,0.888,0.177,0.524,0.307,0.959,0.457,0.511,0.771
104,0.021,0.582,0.404,0.968,0.289,0.573,0.615,0.885,0.551,0.136,0.823,0.886,0.224,0.739,0.925,0.933,0.067,0.59,0.107,0.35,0.139,0.089,0.057,0.023,0.192,0.862,0.385,0.256,0.193,0.096,0.475,0.459,0.534,0.533,0.347,0.621,0.268,0.157,0.318,0.462,0.49,0.637,0.26,0.78,0.024,0.039,0.054,0.774,0.521,0.56,0.779,0.965,0.595,0.069,0.304,0.583,0.864,0.461,0.584,0.319,0.203,0.612,0.073,0.417
106,0.307,0.118,0.812,0.635,0.973,0.69,0.153,0.235,0.878,0.55,0.26,0.402,0.806,0.806,0.189,0.722,0.106,0.475,0.489,0.741,0.9,0.883,0.534,0.208,0.936,0.576,0.836,0.488,0.926,0.358,0.617,0.542,0.497,0.145,0.747,0.989,0.533,0.85,0.811,0.794,0.105,0.466,0.554,0.708,0.415,0.039,0.292,0.776,0.437,0.664,0.819,0.913,0.123,0.696,0.413,0.124,0.503,0.354,0.74,0.716,0.049,0.735,0.225,0.023
108,0.689,0.502,0.876,0.816,0.878,0.963,0.368,0.009,0.966,0.254,0.656,0.587,0.418,0.547,0.766,0.394,0.872,0.738,0.667,0.808,0.898,0.448,0.975,0.002,0.935,0.684,0.941,0.89,0.132,0.038,0.739,0.213,0.789,0.1,0.246,0.066,0.213,0.036,0.405,0.296,0.83,0.974,0.13,0.941,0.331,0.376,0.238,0.269,0.411,0.392,0.301,0.752,0.892,0.683,0.671,0.591,0.041,0.485,0.336,0.662,0.543,0.098,0.238,0.52
110,0.526,0.849,0.356,0.826,0.862,0.267,0.894,0.106,0.245,0.92,0.707,0.012,0.828,0.129,0.013,0.31,0.698,0.544,0.419,0.308,0.655,0.07,0.839,0.029,0.398,0.119,0.389,0.206,0.806,0.316,0.833,0.219,0.463,0.696,0.097,0.715,0.813,0.065,0.809,0.092,0.598,0.511,0.439,0.989,0.379,0.418,0.199,0.669,0.081,0.452,0.406,0.025,0.602,0.297,0.501,0.399,0.648,0.672,0.789,0.465,0.465,0.293,0.76,0.283
112,0.15,0.538,0.911,0.533,0.739,0.71,0.822,0.924,0.047,0.473,0.403,0.827,0.286,0.679,0.085,0.117,0.375,0.387,0.549,0.4,0.166,0.265,0.764,0.309,0.313,0.484,0.555,0.305,0.927,0.1,0.6,0.938,0.125,0.857,0.087,0.29,0.871,0.3,0.153,0.899,0.641,0.655,0.888,0.272,0.478,0.635,0.077,0.424,0.703,0.4,0.063,0.924,0.708,0.447,0.072,0.555,0.091,0.663,0.352,0.02,0.408,0.885,0.745,0.166
114,0.851,0.855,0.191,0.558,0.731,0.177,0.178,0.028,0.871,0.11,0.96,0.254,0.76,0.63,0.389,0.472,0.295,0.068,0.004,0.42,0.628,0.569,0.378,0.309,0.952,0.734,0.545,0.781,0.427,0.717,0.247,0.144,0.503,0.056,0.838,0.593,0.937,0.076,0.792,0.132,0.816,0.317,0.581,0.917,0.205,0.794,0.985,0.028,0.06,0.49,0.407,0.134,0.836,0.448,0.796,0.379,0.047,0.572,0.668,0.781,0.363,0.847,0.969,0.842
116,0.132,0.711,0.139,0.017,0.758,0.451,0.862,0.34,0.847,0.312,0.844,0.992,0.863,0.137,0.17,0.699,0.148,0.378,0.431,0.459,0.715,0.279,0.272,0.595,0.035,0.445,0.043,0.961,0.585,0.928,0.915,0.664,0.18,0.604,0.378,0.833,0.321,0.003,0.288,0.557,0.659,0.649,0.024,0.767,0.802,0.579,0.711,0.244,0.661,0.596,0.339,0.978,0.294,0.359,0.206,0.586,0.528,0.375,0.229,0.398,0.901,0.15,0.202,0.229
118,0.818,0.649,0.233,0.826,0.899,0.853,0.484,0.11,0.211,0.957,0.684,0.029,0.042,0.896,0.829,0.896,0.377,0.97,0.246,0.087,0.001,0.351,0.808,0.212,0.477,0.331,0.77,0.765,0.657,0.68,0.452,0.109,0.908,0.808,0.206,0.987,0.944,0.011,0.241,0.327,0.137,0.202,0.314,0.566,0.655,0.17,0.977,0.914,0.069,0.062,0.383,0.747,0.484,0.932,0.945,0.509,0.779,0.461,0.456,0.908,0.583,0.967,0.555,0.82
120,0.986,0.722,0.143,0.962,0.166,0.801,0.089,0.538,0.073,0.804,0.773,0.121,0.346,0.98,0.601,0.348,0.356,0.744,0.565,0.98,0.225,0.553,0.043,0.558,0.784,0.369,0.876,0.068,0.689,0.374,0.008,0.183,0.636,0.803,0.828,0.946,0.038,0.364,0.082,0.079,0.285,0.84,0.946,0.824,0.779,0.487,0.878,0.304,0.628,0.877,0.712,0.449,0.694,0.61,0.468,0.096,0.952,0.625,0.82,0.207,0.799,0.687,0.448,0.228
122,0.602,0.388,0.426,0.938,0.008,0.004,0.323,0.68,0.494,0.351,0.149,0.971,0.352,0.411,0.971,0.221,0.179,0.096,0.261,0.248,0.041,0.943,0.436,0.514,0.247,0.828,0.028,0.369,0.301,0.841,0.324,0.247,0.181,0.985,0.307,0.466,0.694,0.755,0.592,0.912,0.977,0.072,0.11,0.793,0.415,0.034,0.199,0.117,0.54,0.157,0.251,0.997,0.422,0.376,0.532,0.122,0.939,0.982,0.798,0.726,0.611,0.905,0.712,0.065
124,0.768,0.882,0.882,0.845,0.43,0.359,0.805,0.846,0.788,0.121,0.426,0.6,0.644,0.724,0.012,0.333,0.002,0.134,0.995,0.206,0.476,0.25,0.372,0.507,0.14,0.873,0.073,0.854,0.46,0.447,0.813,0.787,0.835,0.485,0.547,0.72,0.468,0.397,0.778,0.414,0.733,0.269,0.399,0.998,0.47,0.836,0.498,0.293,0.447,0.347,0.229,0.438,0.609,0.742,0.917,0.084,0.635,0.706,0.054,0.992,0.364,0.885,0.982,0.806
126,0.89,0.697,0.979,0.467,0.319,0.092,0.241,0.505,0.976,0.015,0.728,0.255,0.374,0.928,0.132,0.095,0.811,0.524,0.354,0.889,0.078,0.526,0.728,0.923,0.313,0.386,0.854,0.992,0.323,0.053,0.394,0.898,0.388,0.54,0.14,0.521,0.622,0.734,0.176,0.522,0.288,0.603,0.29,0.866,0.147,0.716,0.256,0.268,0.248,0.905,0.569,0.712,0.449,0.118,0.519,0.967,0.205,0.337,0.432,0.589,0.626,0.551,0.452,0.699
128,0.444,0.37,0.228,0.229,0.998,0.887,0.166,0.113,0.741,0.426,0.345,0.753,0.745,0.625,0.721,0.015,0.421,0.716,0.337,0.869,0.261,0.576,0.219,0.133,0.443,0.324,0.626,0.714,0.103,0.643,0.38,0.07,0.948,0.054,0.44,0.4,0.143,0.937,0.169,0.252,0.475,0.192,0.344,0.239,0.826,0.85,0.381,0.545,0.649,0.917,0.35,0.524,0.51,0.309,0.253,0.062,0.132,0.78,0.552,0.618,0.439,0.813,0.97,0.064
130,0.036,0.335,0.681,0.709,0.341,0.956,0.705,0.758,0.991,0.075,0.261,0.746,0.128,0.645,0.372,0.602,0.318,0.779,0.033,0.851,0.764,0.694,0.567,0.946,0.42,0.859,0.123,0.51,0.945,0.315,0.205,0.705,0.719,0.344,0.802,0.367,0.808,0.673,0.242,0.84,0.35,0.047,0.877,0.499,0.61,0.041,0.707,0.126,0.655,0.082,0.452,0.387,0.92,0.022,0.968,0.212,0.498,0.102,0.842,0.051,0.707,0.191,0.379,0.102
132,0.985,0.293,0.013,0.754,0.166,0.3,0.951,0.156,0.388,0.913,0.861,0.279,0.09,0.661,0.175,0.306,0.836,0.918,0.147,0.821,0.739,0.895,0.365,0.611,0.623,0.068,0.794,0.432,0.409,0.675,0.551,0.935,0.89,0.28,0.288,0.429,0.891,0.416,0.463,0.888,0.99,0.408,0.538,0.76,0.152,0.288,0.128,0.404,0.813,0.901,0.052,0.888,0.278,0.423,0.153,0.14,0.153,0.995,0.738,0.201,0.45,0.094,0.011,0.181
134,0.009,0.892,0.492,0.382,0.532,0.441,0.352,0.809,0.943,0.208,0.545,0.558,0.241,0.31,0.373,0.827,0.567,0.733,0.586,0.982,0.223,0.733,0.732,0.501,0.063,0.321,0.742,0.373,0.675,0.066,0.99,0.565,0.288,0.539,0.85,0.619,0.196,0.601,0.965,0.774,0.397,0.568,0.565,0.394,0.553,0.556,0.108,0.56,0.706,0.352,0.15,0.573,0.793,0.754,0.457,0.083,0.547,0.645,0.07,0.439,0.534,0.518,0.157,0.834
136,0.536,0.252,0.508,0.434,0.175,0.489,0.991,0.645,0.356,0.862,0.193,0.387,0.457,0.632,0.287,0.743,0.112,0.862,0.623,0.936,0.916,0.87,0.069,0.01,0.632,0.918,0.738,0.136,0.722,0.302,0.922,0.163,0.452,0.403,0.055,0.558,0.628,0.807,0.778,0.781,0.153,0.141,0.813,0.317,0.659,0.369,0.254,0.313,0.937,0.015,0.335,0.806,0.853,0.619,0.513,0.22,0.16,0.498,0.855,0.972,0.037,0.949,0.719,0.007
138,0.065,0.002,0.406,0.906,0.431,0.017,0.269,0.546,0.242,0.369,0.122,0.036,0.671,0.254,0.118,0.062,0.215,0.864,0.07,0.464,0.168,0.893,0.99,0.936,0.505,0.416,0.195,0.796,0.565,0.625,0.404,0.528,0.237,0.829,0.132,0.265,0.551,0.532,0.709,0.911,0.468,0.795,0.3,0.965,0.971,0.973,0.325,0.853,0.736,0.917,0.759,0.92,0.65,0.925,0.662,0.312,0.857,0.245,0.152,0.291,0.962,0.333,0.082,0.455
140,0.597,0.335,0.343,0.185,0.006,0.086,0.348,0.331,0.797,0.122,0.906,0.82,0.419,0.104,0.813,0.664,0.281,0.832,0.802,0.837,0.065,0.041,0.178,0.32,0.76,0.427,0.204,0.664,0.779,0.427,0.801,0.32,0.168,0.356,0.911,0.256,0.427,0.238,0.988,0.15,0.176,0.555,0.707,0.868,0.658,0.268,0.244,0.505,0.444,0.626,0.263,0.901,0.879,0.016,0.306,0.476,0.069,0.857,0.096,0.543,0.585,0.734,0.899,0.075
142,0.624,0.222,0.513,0.552,0.14,0.31,0.557,0.311,0.294,0.184,0.168,0.928,0.089,0.007,0.467,0.756,0.618,0.665,0.873,0.529,0.417,0.596,0.219,0.286,0.925,0.463,0.866,0.449,0.996,0.101,0.286,0.595,0.308,0.78,0.16,0.141,0.838,0.263,0.372,0.499,0.14,0.618,0.024,0.255,0.543,0.875,0.089,0.239,0.804,0.967,0.782,0.281,0.024,0.657,0.44,0.308,0.514,0.419,0.944,0.801,0.731,0.808,0.092,0.429
144,0.876,0.194,0.46,0.18,0.517,0.999,0.97,0.755,0.102,0.978,0.423,0.019,0.651,0.162,0.053,0.202,0.866,0.523,0.719,0.705,0.375,0.838,0.171,0.16,0.298,0.977,0.115,0.954,0.967,0.214,0.606,0.528,0.5,0.648,0.788,0.17,0.926,0.643,0.906,0.193,0.371,0.178,0.375,0.339,0.193,0.697,0.429,0.604,0.856,0.642,0.155,0.923,0.79,0.58,0.324,0.814,0.672,0.436,0.914,0.555,0.444,0.195,0.933,0.592
146,0.408,0.826,0.658,0.552,0.239,0.029,0.311,0.51,0.171,0.857,0.782,0.182,0.567,0.386,0.998,0.759,0.851,0.804,0.457,0.097,0.696,0.293,0.136,0.431,0.67,0.076,0.851,0.942,0.386,0.202,0.278,0.505,0.016,0.725,0.906,0.441,0.837,0.614,0.968,0.568,0.093,0.304,0.515,0.226,0.665,0.328,0.204,0.019,0.122,0.002,0.469,0.331,0.319,0.827,0.385,0.223,0.175,0.887,0.919,0.159,0.049,0.212,0.486,0.786
148,0.364,0.378,0.677,0.752,0.03,0.505,0.196,0.23,0.461,0.878,0.507,0.162,0.038,0.557,0.832,0.511,0.26,0.231,0.219,0.599,0.42,0.206,0.754,0.264,0.586,0.857,0.454,0.59,0.927,0.669,0.524,0.138,0.942,0.881,0.571,0.492,0.714,0.961,0.573,0.245,0.375,0.019,0.334,0.066,0.919,0.019,0.312,0.0,0.211,0.483,0.925,0.044,0.927,0.877,0.359,0.022,0.156,0.949,0.543,0.296,0.4,0.216,0.025,0.256
150,0.34,0.62,0.722,0.81,0.734,0.232,0.891,0.948,0.565,0.27,0.062,0.26,0.694,0.585,0.577,0.304,0.245,0.29,0.75,0.205,0.296,0.268,0.265,0.315,0.023,0.295,0.455,0.083,0.547,0.869,0.834,0.057,0.933,0.151,0.56,0.15,0.356,0.214,0.929,0.594,0.388,0.615,0.928,0.536,0.984,0.546,0.041,0.654,0.936,0.341,0.061,0.79,0.914,0.399,0.668,0.929,0.786,0.164,0.566,0.553,0.201,0.891,0.975,0.984
152,0.88,0.596,0.081,0.557,0.77,0.212,0.438,0.591,0.21,0.071,0.525,0.5,0.48,0.889,0.096,0.264,0.861,0.413,0.105,0.065,0.045,0.082,0.711,0.854,0.471,0.32,0.593,0.436,0.996,0.897,0.417,0.482,0.071,0.355,0.269,0.431,0.544,0.33,0.744,0.682,0.083,0.311,0.82,0.0,0.273,0.312,0.774,0.308,0.939,0.318,0.32,0.589,0.702,0.837,0.524,0.403,0.837,0.034,0.136,0.971,0.552,0.056,0.53,0.067
154,0.524,0.98,0.64,0.059,0.183,0.175,0.392,0.574,0.833,0.693,0.925,0.643,0.848,0.302,0.654,0.555,0.583,0.559,0.877,0.771,0.645,0.929,0.364,0.413,0.223,0.033,0.131,0.317,0.973,0.258,0.406,0.631,0.201,0.52,0.333,0.535,0.885,0.906,0.628,0.87,0.098,0.5,0.736,0.109,0.65,0.64,0.405,0.348,0.85,0.008,0.887,0.992,0.97,0.808,0.359,0.696,0.241,0.092,0.336,0.609,0.432,0.371,0.258,0.121
156,0.943,0.657,0.871,0.905,0.962,0.398,0.223,0.888,0.397,0.132,0.082,0.435,0.464,0.172,0.303,0.056,0.067,0.79,0.956,0.467,0.794,0.808,0.746,0.032,0.786,0.775,0.222,0.178,0.584,0.429,0.844,0.164,0.479,0.006,0.091,0.189,0.961,0.793,0.683,0.393,0.952,0.525,0.179,0.648,0.712,0.923,0.317,0.586,0.648,0.885,0.033,0.949,0.586,0.532,0.789,0.38,0.607,0.921,0.92,0.963,0.158,0.087,0.779,0.966
158,0.565,0.805,0.107,0.556,0.718,0.132,0.606,0.639,0.54,0.501,0.065,0.244,0.917,0.697,0.148,0.844,0.215,0.294,0.937,0.949,0.485,0.89,0.146,0.886,0.985,0.838,0.175,0.454,0.466,0.056,0.203,0.438,0.002,0.44,0.389,0.624,0.912,0.88,0.714,0.818,0.588,0.794,0.656,0.325,0.157,0.471,0.814,0.082,0.952,0.607,0.278,0.315,0.046,0.565,0.84,0.594,0.394,0.712,0.537,0.911,0.793,0.022,0.26,0.435
160,0.219,0.99,0.118,0.142,0.324,0.52,0.539,0.288,0.447,0.027,0.65,0.781,0.027,0.053,0.806,0.022,0.609,0.073,0.82,0.396,0.993,0.326,0.361,0.303,0.504,0.415,0.929,0.622,0.233,0.202,0.036,0.947,0.4,0.347,0.507,0.913,0.249,0.967,0.935,0.729,0.229,0.855,0.05,0.549,0.797,0.037,0.269,0.922,0.367,0.731,0.266,0.584,0.292,0.369,0.239,0.17,0.616,0.947,0.885,0.206,0.79,0.885,0.48,0.749
162,0.28,0.513,0.328,0.65,0.459,0.565,0.73,0.18,0.078,0.862,0.465,0.384,0.587,0.541,0.631,0.287,0.357,0.448,0.871,0.311,0.317,0.42,0.627,0.324,0.203,0.509,0.056,0.193,0.969,0.105,0.686,0.505,0.776,0.386,0.072,0.705,0.783,0.675,0.063,0.634,0.173,0.725,0.478,0.264,0.427,0.217,0.082,0.233,0.368,0.413,0.625,0.744,0.206,0.101,0.946,0.113,0.414,0.338,0.633,0.222,0.61,0.385,0.777,0.334
164,0.189,0.333,0.978,0.487,0.121,0.587,0.534,0.551,0.987,0.217,0.542,0.318,0.562,0.468,0.165,0.272,0.16,0.436,0.676,0.779,0.121,0.628,0.045,0.487,0.793,0.892,0.912,0.823,0.899,0.68,0.109,0.743,0.533,0.556,0.273,0.9,0.26,0.33,0.959,0.089,0.55,0.47,0.103,0.855,0.504,0.013,0.748,0.49,0.912,0.515,0.315,0.673,0.515,0.881,0.211,0.963,0.157,0.813,0.326,0.66,0.917,0.771,0.645,0.775
166,0.553,0.744,0.626,0.176,0.142,0.139,0.577,0.506,0.234,0.134,0.383,0.124,0.954,0.252,0.83,0.762,0.364,0.692,0.888,0.127,0.611,0.137,0.943,0.538,0.15,0.58,0.488,0.832,0.812,0.524,0.301,0.91,0.957,0.438,0.062,0.513,0.716,0.019,0.485,0.832,0.74,0.048,0.113,0.394,0.306,0.949,0.376,0.72,0.081,0.468,0.999,0.414,0.717,0.209,0.089,0.949,0.61,0.199,0.071,0.092,0.733,0.244,0.77,0.508
168,0.484,0.26,0.038,0.106,0.213,0.708,0.796,0.226,0.528,0.977,0.583,0.88,0.714,0.883,0.544,0.873,0.429,0.917,0.042,0.093,0.019,0.302,0.69,0.008,0.956,0.541,0.445,0.213,0.91,0.552,0.371,0.15,0.365,0.221,0.574,0.787,0.805,0.015,0.078,0.862,0.063,0.853,0.069,0.033,0.075,0.57,0.01,0.118,0.434,0.54,0.14,0.927,0.825,0.396,0.107,0.776,0.709,0.176,0.394,0.292,0.582,0.114,0.087,0.885
170,0.718,0.948,0.491,0.605,0.801,0.416,0.437,0.802,0.708,0.057,0.029,0.332,0.224,0.653,0.154,0.801,0.953,0.491,0.296,0.925,0.705,0.781,0.53,0.739,0.798,0.581,0.372,0.132,0.671,0.226,0.132,0.705,0.603,0.809,0.84,0.972,0.863,0.567,0.59,0.455,0.052,0.438,0.689,0.954,0.435,0.656,0.244,0.0,0.611,0.15,0.666,0.982,0.718,0.773,0.965,0.26,0.325,0.987,0.398,0.892,0.226,0.662,0.55,0.388
172,0.6,0.592,0.925,0.545,0.032,0.853,0.591,0.179,0.988,0.31,0.074,0.583,0.916,0.145,0.065,0.322,0.957,0.997,0.941,0.496,0.162,0.342,0.402,0.259,0.896,0.963,0.316,0.879,0.657,0.658,0.539,0.895,0.838,0.014,0.041,0.505,0.148,0.118,0.231,0.05,0.323,0.594,0.612,0.76,0.85,0.799,0.593,0.012,0.301,0.659,0.536,0.106,0.053,0.451,0.921,0.477,0.653,0.329,0.858,0.354,0.938,0.293,0.533,0.449
174,0.93,0.906,0.67,0.306,0.408,0.123,0.554,0.24,0.374,0.369,0.403,0.883,0.301,0.925,0.045,0.489,0.658,0.495,0.929,0.674,0.916,0.001,0.325,0.459,0.353,0.337,0.698,0.329,0.608,0.107,0.377,0.347,0.8,0.752,0.432,0.39,0.827,0.651,0.069,0.005,0.152,0.991,0.748,0.219,0.818,0.192,1.0,0.471,0.805,0.312,0.619,0.209,0.076,0.824,0.781,0.037,0.476,0.982,0.041,0.215,0.324,0.076,0.314,0.381
176,0.526,0.506,0.897,0.085,0.07,0.562,0.947,0.259,0.132,0.843,0.882,0.706,0.249,0.94,0.256,0.049,0.767,0.981,0.945,0.294,0.215,0.178,0.233,0.959,0.057,0.352,0.203,0.806,0.699,0.888,0.788,0.54,0.473,0.661,0.318,0.887,0.716,0.97,0.984,0.708,0.301,0.371,0.537,0.899,0.281,0.349,0.75,0.091,0.655,0.912,0.535,0.279,0.554,0.308,0.953,0.625,0.013,0.667,0.398,0.401,0.604,0.281,0.999,0.28
178,0.198,0.331,0.263,0.947,0.113,0.404,0.979,0.451,0.117,0.722,0.913,0.04,0.428,0.936,0.573,0.135,0.889,0.274,0.938,0.76,0.777,0.529,0.302,0.954,0.864,0.038,0.226,0.068,0.186,0.693,0.574,0.821,0.217,0.288,0.423,0.598,0.636,0.86,0.559,0.931,0.058,0.366,0.482,0.015,0.039,0.645,0.952,0.612,0.739,0.633,0.794,0.608,0.859,0.674,0.658,0.772,0.931,0.066,0.213,0.431,0.139,0.595,0.892,0.97
180,0.785,0.294,0.353,0.318,0.028,0.496,0.292,0.891,0.011,0.876,0.508,0.074,0.413,0.403,0.467,0.223,0.91,0.967,0.482,0.106,0.795,0.727,0.007,0.733,0.03,0.987,0.374,0.215,0.282,0.926,0.591,0.313,0.326,0.248,0.715,0.157,0.137,0.235,0.162,0.399,0.246,0.78,0.452,0.91,0.84,0.081,0.837,0.15,0.54,0.509,0.454,0.626,0.774,0.139,0.035,0.893,0.435,0.86,0.806,0.57,0.195,0.133,0.243,0.632
182,0.195,0.874,0.867,0.729,0.712,0.97,0.359,0.275,0.213,0.589,0.939,0.61,0.813,0.753,0.748,0.283,0.352,0.527,0.337,0.547,0.356,0.016,0.515,0.57,0.614,0.16,0.107,0.564,0.119,0.058,0.719,0.192,0.529,0.989,0.109,0.019,0.918,0.474,0.434,0.729,0.16,0.905,0.701,0.253,0.511,0.88,0.946,0.949,0.435,0.897,0.455,0.682,0.265,0.269,0.67,0.798,0.302,0.46,0.009,0.194,0.73,0.224,0.69,0.614
184,0.137,0.006,0.392,0.229,0.014,0.678,0.682,0.643,0.871,0.722,0.368,0.853,0.156,0.33,0.728,0.063,0.643,0.883,0.093,0.409,0.856,0.619,0.33,0.342,0.203,0.065,0.029,0.981,0.297,0.753,0.203,0.488,0.905,0.607,0.538,0.484,0.682,0.53,0.28,0.588,0.546,0.156,0.671,0.947,0.701,0.183,0.332,0.209,0.166,0.699,0.657,0.256,0.412,0.848,0.612,0.072,0.818,0.387,0.32,0.368,0.059,0.634,0.316,0.2
186,0.862,0.019,0.985,0.353,0.225,0.88,0.018,0.175,0.15,0.297,0.525,0.92,0.66,0.529,0.225,0.172,0.511,0.33,0.02,1.0,0.376,0.838,0.837,0.167,0.59,0.566,0.675,0.531,0.972,0.538,0.473,0.326,0.777,0.885,0.794,0.784,0.08,0.844,0.336,0.938,0.323,0.763,0.932,0.467,0.777,0.82,0.586,0.628,0.667,0.543,0.408,0.817,0.18,0.342,0.282,0.043,0.495,0.943,0.982,0.074,0.18,0.882,0.043,0.663
188,0.083,0.162,0.989,0.612,0.896,0.206,0.146,0.835,0.407,0.853,0.254,0.941,0.459,0.139,0.84,0.965,0.188,0.589,0.214,0.251,0.58,0.785,0.7,0.785,0.904,0.263,0.677,0.589,0.102,0.507,0.646,0.747,0.441,0.337,0.614,0.721,0.82,0.734,0.621,0.996,0.17,0.81,0.72,0.398,0.766,0.614,0.692,0.76,0.175,0.66,0.919,0.343,0.248,0.15,0.67,0.432,0.185,0.162,0.251,0.868,0.675,0.025,0.582,0.812
190,0.157,0.65,0.175,0.843,0.112,0.504,0.353,0.958,0.446,0.208,0.316,0.295,0.008,0.408,0.045,0.388,0.115,0.622,0.894,0.15,0.272,0.559,0.854,0.861,0.003,0.432,0.379,0.16,0.219,0.778,0.519,0.972,0.992,0.72,0.721,0.318,0.357,0.752,0.075,0.518,0.032,0.399,0.634,0.408,0.216,0.568,0.985,0.398,0.168,0.299,0.595,0.715,0.136,0.606,0.096,0.079,0.727,0.544,0.729,0.355,0.831,0.088,0.036,0.31
192,0.499,0.106,0.56,0.178,0.68,0.411,0.191,0.213,0.105,0.861,0.268,0.733,0.434,0.693,0.985,0.711,0.35,0.502,0.691,0.892,0.513,0.899,0.15,0.903,0.268,0.098,0.02,0.984,0.038,0.343,0.875,0.838,0.161,0.559,0.51,0.539,0.503,0.653,0.878,0.438,0.592,0.831,0.583,0.953,0.802,0.952,0.15,0.88,0.99,0.13,0.579,0.87,0.521,0.201,0.506,0.221,0.92,0.204,0.899,0.459,0.793,0.862,0.336,0.81
194,0.491,0.668,0.012,0.777,0.271,0.53,0.114,0.453,0.572,0.266,0.18,0.742,0.367,0.631,0.242,0.369,0.146,0.75,0.908,0.149,0.078,0.482,0.266,0.054,0.181,0.209,0.699,0.605,0.272,0.158,0.07,0.53,0.311,0.468,0.35,0.342,0.926,0.425,0.761,0.067,0.018,0.295,0.464,0.59,0.387,0.853,0.494,0.55,0.669,0.15,0.546,0.503,0.298,0.732,0.412,0.52,0.022,0.189,0.066,0.362,0.476,0.824,0.262,0.649
196,0.132,0.577,0.777,0.845,0.538,0.997,0.906,0.946,0.271,0.058,0.477,0.103,0.593,0.603,0.266,0.084,0.322,0.5,0.567,0.132,0.078,0.949,0.654,0.09,0.906,0.741,0.266,0.619,0.794,0.537,0.095,0.495,0.451,0.0,0.473,0.974,0.684,0.98,0.815,0.442,0.003,0.666,0.518,0.275,0.833,0.737,0.85,0.719,0.225,0.649,0.608,0.423,0.228,0.874,0.648,0.07,0.078,0.861,0.099,0.01,0.076,0.504,0.589,0.404
198,0.56,0.457,0.893,0.168,0.334,0.121,0.953,0.811,0.297,0.299,0.432,0.608,0.683,0.628,0.904,0.462,0.864,0.171,0.789,0.781,0.989,0.977,0.884,0.154,0.035,0.513,0.872,0.662,0.383,0.139,0.244,0.672,0.336,0.912,0.754,0.439,0.664,0.699,0.111,0.432,0.588,0.423,0.269,0.872,0.887,0.675,0.143,0.783,0.606,0.107,0.914,0.162,0.623,0.893,0.002,0.043,0.579,0.105,0.501,0.736,0.718,0.853,0.663,0.573
200,0.805,0.844,0.556,0.551,0.859,0.53,0.44,0.101,0.98,0.294,0.836,0.173,0.516,0.223,0.109,0.195,0.189,0.977,0.426,0.918,0.224,0.7,0.439,0.924,0.284,0.307,0.809,0.496,0.048,0.386,0.794,0.625,0.298,0.84,0.476,0.128,0.096,0.098,0.996,0.733,0.749,0.856,0.717,0.899,0.752,0.979,0.564,0.708,0.356,0.624,0.948,0.802,0.786,0.128,0.385,0.339,0.806,0.309,0.542,0.105,0.187,0.733,0.016,0.389
202,0.549,0.67,0.639,0.967,0.694,0.171,0.073,0.97,0.506,0.369,0.732,0.163,0.227,0.757,0.62,0.481,0.283,0.517,0.404,0.734,0.675,0.899,0.632,0.052,0.764,0.013,0.439,0.93,0.686,0.492,0.544,0.083,0.631,0.349,0.66,0.036,0.853,0.655,0.718,0.147,0.112,0.654,0.829,0.849,0.947,0.506,0.649,0.553,0.322,0.668,0.56,0.175,0.044,0.981,0.272,0.838,0.712,0.321,0.645,0.994,0.014,0.485,0.51,0.103
204,0.942,0.384,0.923,0.765,0.707,0.343,0.232,0.229,0.035,0.952,0.661,0.94,0.381,0.255,0.519,0.423,0.612,0.997,0.724,0.567,0.46,0.006,0.222,0.858,0.258,0.941,0.692,0.886,0.575,0.278,0.989,0.862,0.261,0.365,0.23,0.085,0.376,0.062,0.516,0.797,0.925,0.986,0.839,0.212,0.69,0.48,0.64,0.618,0.815,0.025,0.44,0.875,0.674,0.732,0.248,0.175,0.879,0.51,0.314,0.228,0.11,0.589,0.533,0.419
206,0.882,0.281,0.904,0.035,0.986,0.193,0.318,0.474,0.488,0.137,0.944,0.628,0.49,0.083,0.754,0.477,0.955,0.751,0.964,0.558,0.07,0.958,0.754,0.701,0.701,0.614,0.026,0.005,0.073,0.548,0.732,0.656,0.348,0.376,0.468,0.714,0.532,0.453,0.107,0.426,0.461,0.767,0.274,0.439,0.18,0.596,0.71,0.016,0.136,0.474,0.393,0.284,0.512,0.007,0.431,0.604,0.844,0.434,0.186,0.985,0.379,0.735,0.032,0.194
208,0.181,0.226,0.034,0.588,0.801,0.076,0.389,0.061,0.88,0.841,0.101,0.936,0.159,0.256,0.029,0.487,0.959,0.739,0.89,0.434,0.845,0.39,0.49,0.237,0.578,0.12,0.586,0.835,0.85,0.764,0.683,0.808,0.095,0.578,0.888,0.652,0.774,0.325,0.586,0.519,0.075,0.612,0.904,0.427,0.306,0.701,0.299,0.943,0.945,0.718,0.704,0.579,0.125,0.63,0.253,0.224,0.891,0.153,0.902,0.726,0.688,0.901,0.747,0.055
210,0.874,0.236,0.721,0.86,0.148,0.993,0.461,0.013,0.674,0.327,0.418,0.187,0.932,0.354,0.398,0.164,0.682,0.352,0.329,0.866,0.842,0.777,0.587,0.584,0.436,0.441,0.086,0.706,0.223,0.264,0.661,0.239,0.495,0.691,0.678,0.181,0.532,0.153,0.587,0.03,0.246,0.755,0.525,0.688,0.062,0.293,0.37,0.095,0.853,0.283,0.391,0.042,0.62,0.53,0.343,0.847,0.353,0.796,0.262,0.546,0.635,0.053,0.167,0.138
212,0.753,0.281,0.042,0.075,0.66,0.552,0.016,0.667,0.249,0.15,0.447,0.202,0.238,0.468,0.51,0.312,0.485,0.146,0.735,0.618,0.105,0.728,0.291,0.632,0.395,0.203,0.397,0.211,0.403,0.633,0.238,0.52,0.876,0.728,0.976,0.12,0.604,0.147,0.331,0.445,0.288,0.254,0.513,0.104,0.343,0.216,0.913,0.338,0.315,0.234,0.285,0.105,0.221,0.097,0.893,0.035,0.918,0.361,0.872,0.859,0.266,0.548,0.429,0.473
214,0.351,0.58,0.061,0.658,0.613,0.445,0.634,0.188,0.823,0.635,0.019,0.751,0.346,0.553,0.729,0.836,0.25,0.313,0.34,0.123,0.18,0.789,0.042,0.553,0.749,0.001,0.433,0.477,0.939,0.259,0.872,0.395,0.627,0.386,0.31,0.609,0.516,0.982,0.745,0.433,0.021,0.631,0.33,0.282,0.901,0.719,0.385,0.912,0.447,0.071,0.516,0.205,0.762,0.639,0.922,0.421,0.024,0.189,0.886,0.459,0.605,0.185,0.599,0.102
216,0.651,0.91,0.123,0.985,0.483,0.204,0.405,0.636,0.796,0.49,0.725,0.008,0.05,0.649,0.145,0.358,0.883,0.298,0.297,0.148,0.785,0.486,0.872,0.389,0.086,0.983,0.722,0.768,0.233,0.802,0.264,0.1,0.702,0.717,0.141,0.56,0.094,0.255,0.593,0.011,0.727,0.967,0.864,0.486,0.897,0.512,0.301,0.161,0.193,0.349,0.049,0.281,0.246,0.887,0.692,0.481,0.516,0.958,0.694,0.19,0.653,0.548,0.565,0.303
218,0.297,0.457,0.738,0.855,0.638,0.456,0.419,0.279,0.48,0.463,0.139,0.666,0.388,0.37,0.95,0.385,0.838,0.365,0.196,0.595,0.632,0.771,0.819,0.898,0.642,0.776,0.426,0.818,0.667,0.78,0.322,0.481,0.643,0.111,0.566,0.638,0.146,0.466,0.883,0.026,0.962,0.346,0.451,0.775,0.787,0.332,0.342,0.167,0.478,0.603,0.265,0.894,0.682,0.839,0.034,0.342,0.441,0.25,0.946,0.673,0.377,0.623,0.428,0.143
220,0.905,0.933,0.483,0.315,0.541,0.483,0.354,0.739,0.45,0.217,0.306,0.376,0.638,0.039,0.56,0.424,0.798,0.443,0.719,0.115,0.898,0.513,0.265,0.478,0.251,0.768,0.016,0.523,0.95,0.636,0.51,0.532,0.171,0.895,0.189,0.081,0.063,0.844,0.553,0.059,0.862,0.104,0.084,0.052,0.18,0.433,0.76,0.165,0.986,0.538,0.117,0.735,0.136,0.912,0.966,0.126,0.105,0.734,0.028,0.762,0.245,0.806,0.575,0.726
222,0.367,0.376,0.742,0.019,0.044,0.094,0.687,0.011,0.545,0.432,0.547,0.77,0.783,0.852,0.324,0.508,0.066,0.842,0.189,0.652,0.448,0.972,0.112,0.737,0.102,0.149,0.521,0.343,0.475,0.478,0.844,0.668,0.508,0.036,0.56,0.828,0.812,0.607,0.981,0.416,0.382,0.713,0.041,0.531,0.011,0.953,0.449,0.7,0.811,0.935,0.29,0.605,0.255,0.454,0.46,0.508,0.755,0.911,0.774,0.297,0.455,0.205,0.151,0.096
224,0.218,0.311,0.316,0.894,0.061,0.539,0.747,0.244,0.832,0.242,0.107,0.467,0.014,0.8,0.483,0.287,0.422,0.989,0.689,0.178,0.35,0.917,0.581,0.885,0.024,0.392,0.141,0.43,0.201,0.658,0.289,0.311,0.352,0.741,0.186,0.972,0.544,0.002,0.39,0.979,0.062,0.128,0.008,0.614,0.1,0.152,0.638,0.966,0.801,0.209,0.216,0.918,0.716,0.686,0.578,0.457,0.102,0.515,0.46,0.54,0.53,0.269,0.239,0.524
226,0.548,0.383,0.393,0.297,0.833,0.932,0.751,0.965,0.965,0.871,0.536,0.785,0.115,0.641,0.234,0.876,0.825,0.569,0.873,0.716,0.723,0.6,0.346,0.004,0.635,0.342,0.916,0.404,0.651,0.392,0.642,0.421,0.986,0.5,0.257,0.696,0.124,0.005,0.781,0.591,0.978,0.867,0.624,0.678,0.457,0.887,0.63,0.914,0.317,0.942,0.01,0.795,0.76,0.154,0.352,0.366,0.265,0.121,0.651,0.542,0.293,0.472,0.031,0.295
228,0.326,0.812,0.58,0.035,0.553,0.718,0.38,0.607,0.544,0.342,0.413,0.155,0.084,0.703,0.897,0.585,0.107,0.266,0.929,0.177,0.139,0.435,0.816,0.122,0.337,0.431,0.782,0.639,0.93,0.303,0.349,0.717,0.097,0.693,0.407,0.83,0.866,0.773,0.555,0.749,0.87,0.078,0.807,0.063,0.604,0.29,0.301,0.897,0.705,0.982,0.04,0.645,0.924,0.946,0.616,0.422,0.725,0.674,0.843,0.884,0.788,0.691,0.156,0.954
230,0.135,0.677,0.392,0.621,0.555,0.089,0.768,0.728,0.315,0.171,0.093,0.104,0.922,0.454,0.626,0.774,0.511,0.83,0.671,0.602,0.273,0.943,0.137,0.22,0.056,0.519,0.066,0.542,0.941,0.364,0.288,0.6,0.232,0.205,0.668,0.875,0.991,0.866,0.62,0.774,0.844,0.09,0.081,0.346,0.76,0.591,0.538,0.015,0.753,0.095,0.915,0.116,0.606,0.879,0.763,0.535,0.429,0.279,0.114,0.361,0.828,0.249,0.612,0.329
232,0.62,0.245,0.504,0.653,0.307,0.996,0.604,0.734,0.746,0.885,0.984,0.647,0.476,0.079,0.645,0.214,0.645,0.78,0.402,0.056,0.63,0.747,0.404,0.168,0.413,0.835,0.122,0.693,0.882,0.698,0.309,0.15,0.939,0.212,0.678,0.962,0.764,0.743,0.131,0.438,0.543,0.916,0.284,0.657,0.378,0.401,0.86,0.06,0.64,0.485,0.38,0.415,0.828,0.94,0.122,0.647,0.939,0.627,0.668,0.429,0.859,0.553,0.625,0.587
234,0.953,0.269,0.159,0.925,0.149,0.132,0.951,0.446,0.436,0.844,0.056,0.548,0.277,0.368,0.279,0.573,0.759,0.877,0.815,0.654,0.598,0.453,0.081,0.735,0.865,0.92,0.181,0.105,0.109,0.877,0.023,0.342,0.941,0.09,0.328,0.543,0.2,0.433,0.226,0.539,0.451,0.775,0.988,0.743,0.765,0.414,0.567,0.63,0.835,0.102,0.276,0.849,0.43,0.189,0.747,0.634,0.01,0.653,0.664,0.125,0.792,0.54,0.055,0.692
236,0.802,0.403,0.058,0.997,0.095,0.329,0.971,0.154,0.444,0.405,0.155,0.022,0.781,0.123,0.869,0.084,0.743,0.726,0.458,0.714,0.216,0.105,0.577,0.869,0.433,0.244,0.892,0.715,0.403,0.669,0.318,0.467,0.944,0.693,0.735,0.639,0.72,0.913,0.123,0.744,0.37,0.604,0.756,0.379,0.652,0.854,0.685,0.655,0.264,0.116,0.153,0.049,0.426,0.306,0.967,0.57,0.689,0.701,0.692,0.963,0.846,0.847,0.303,0.024
238,0.817,0.036,0.726,0.692,0.077,0.018,0.206,0.585,0.787,0.192,0.66,0.61,0.353,0.953,0.075,0.855,0.33,0.438,0.272,0.098,0.859,0.289,0.085,0.359,0.763,0.041,0.826,0.01,0.789,0.238,0.029,0.733,0.606,0.993,0.189,0.402,0.591,0.29,0.143,0.781,0.452,0.151,0.844,0.126,0.552,0.535,0.84,0.543,0.615,0.162,0.806,0.86,0.655,0.519,0.905,0.379,0.812,0.845,0.027,0.041,0.884,0.479,0.575,0.023
240,0.272,0.996,0.298,0.3,0.471,0.518,0.769,0.102,0.583,0.937,0.937,0.873,0.928,0.872,0.526,0.793,0.684,0.706,0.731,0.884,0.544,0.343,0.99,0.402,0.471,0.28,0.29,0.951,0.824,0.272,0.031,0.735,0.732,0.496,0.674,0.713,0.478,0.261,0.402,0.841,0.194,0.765,0.847,0.588,0.549,0.948,0.963,0.167,0.899,0.886,0.6,0.358,0.346,0.994,0.549,0.306,0.339,0.587,0.142,0.284,0.551,0.573,0.991,0.27
242,0.691,0.416,0.29,0.146,0.594,0.327,0.727,0.851,0.123,0.205,0.817,0.165,0.625,0.725,0.51,0.322,0.347,0.537,0.133,0.504,0.478,0.518,0.791,0.005,0.456,0.332,0.715,0.377,0.798,0.721,0.968,0.148,0.272,0.682,0.498,0.667,0.016,0.278,0.737,0.702,0.527,0.425,0.196,0.027,0.073,0.188,0.545,0.241,0.346,0.566,0.954,0.092,0.298,0.285,0.741,0.925,0.059,0.883,0.601,0.14,0.382,0.313,0.326,0.419
244,0.838,0.359,0.392,0.666,0.504,0.952,0.386,0.247,0.231,0.96,0.552,0.192,0.59,0.848,0.093,0.933,0.967,0.259,0.759,0.51,0.03,0.532,0.116,0.935,0.732,0.309,0.545,0.172,0.355,0.043,0.286,0.436,0.108,0.554,0.542,0.075,0.668,0.359,0.34,0.536,0.792,0.208,0.618,0.793,0.063,0.47,0.946,0.686,0.196,0.727,0.816,0.236,0.009,0.783,0.522,0.797,0.482,0.516,0.594,0.978,0.009,0.508,0.473,0.544
246,0.329,0.121,0.069,0.177,0.186,0.714,0.262,0.7,0.49,0.427,0.62,0.187,0.014,0.537,0.755,0.886,0.012,0.691,0.543,0.315,0.003,0.645,0.297,0.934,0.725,0.56,0.655,0.005,0.813,0.568,0.893,0.348,0.903,0.327,0.774,0.163,0.365,0.226,0.825,0.68,0.089,0.237,0.953,0.54,0.319,0.962,0.012,0.406,0.264,0.694,0.631,0.097,0.523,0.231,0.204,0.435,0.269,0.806,0.007,0.074,0.529,0.71,0.872,0.594
248,0.577,0.656,0.852,0.431,0.039,0.929,0.217,0.007,0.342,0.029,0.406,0.456,0.08,0.043,0.612,0.75,0.599,0.377,0.344,0.405,0.573,0.484,0.842,0.85,0.716,0.161,0.654,0.736,0.484,0.437,0.757,0.594,0.813,0.844,0.989,0.381,0.558,0.506,0.214,0.299,0.552,0.91,0.756,0.103,0.718,0.091,0.444,0.367,0.576,0.733,0.343,0.873,0.366,0.796,0.876,0.202,0.146,0.882,0.013,0.88,0.448,0.265,0.477,0.368
250,0.321,0.2,0.626,0.062,0.924,0.909,0.584,0.753,0.636,0.868,1.0,0.429,0.063,0.152,0.911,0.111,0.033,0.863,0.715,0.693,0.452,0.676,0.43,0.016,0.485,0.853,0.037,0.116,0.386,0.666,0.73,0.27,0.118,0.976,0.701,0.134,0.852,0.333,0.816,0.834,0.212,0.434,0.87,0.852,0.451,0.185,0.329,0.81,0.072,0.626,0.724,0.496,0.421,0.56,0.524,0.042,0.846,0.915,0.264,0.967,0.796,0.493,0.797,0.529
252,0.778,0.229,0.229,0.772,0.842,0.895,0.187,0.125,0.789,0.034,0.068,0.279,0.574,0.197,0.542,0.807,0.66,0.758,0.762,0.745,0.012,0.704,0.755,0.884,0.379,0.858,0.872,0.383,0.035,0.464,0.978,0.057,0.446,0.57,0.333,0.952,0.957,0.063,0.503,0.391,0.177,0.468,0.555,0.683,0.813,0.812,0.628,0.379,0.698,0.944,0.687,0.528,0.217,0.228,0.848,0.232,0.493,0.125,0.065,0.089,0.476,0.768,0.772,0.435
254,0.62,0.934,0.014,0.96,0.709,0.039,0.533,0.804,0.525,0.861,0.898,0.401,0.915,0.956,0.158,0.947,0.168,0.7,0.398,0.037,0.601,0.842,0.094,0.679,0.953,0.405,0.463,0.777,0.361,0.093,0.78,0.612,0.979,0.729,0.004,0.689,0.654,0.72,0.662,0.397,0.803,0.933,0.436,0.96,0.529,0.281,0.148,0.35,0.114,0.67,0.928,0.905,0.878,0.853,0.805,0.43,0.6,0.849,0.79,0.647,0.664,0.465,0.178,0.085
256,0.153,0.595,0.802,0.836,0.486,0.934,0.764,0.86,0.825,0.293,0.876,0.345,0.301,0.11,0.439,0.863,0.887,0.063,0.605,0.116,0.131,0.434,0.357,0.531,0.161,0.418,0.538,0.876,0.069,0.3,0.678,0.155,0.518,0.323,0.851,0.853,0.585,0.199,0.323,0.945,0.499,0.547,0.824,0.997,0.045,0.026,0.021,0.632,0.195,0.791,0.229,0.663,0.856,0.679,0.157,0.939,0.875,0.0,0.866,0.721,0.67,0.063,0.951,0.492
258,0.141,0.998,0.192,0.021,0.168,0.308,0.69,0.459,0.592,0.15,0.307,0.925,0.802,0.527,0.348,0.821,0.108,0.717,0.059,0.515,0.304,0.662,0.987,0.655,0.646,0.739,0.724,0.838,0.154,0.586,0.941,0.33,0.405,0.974,0.781,0.423,0.294,0.871,0.569,0.916,0.291,0.743,0.947,0.846,0.137,0.022,0.141,0.368,0.593,0.483,0.453,0.496,0.326,0.663,0.553,0.245,0.646,0.215,0.036,0.372,0.006,0.845,0.511,0.942
260,0.755,0.015,0.089,0.457,0.921,0.311,0.405,0.457,0.191,0.961,0.794,0.719,0.851,0.546,0.7,0.946,0.655,0.026,0.617,0.454,0.951,0.778,0.756,0.68,0.862,0.783,0.31,0.956,0.876,0.462,0.82,0.356,0.441,0.247,0.634,0.05,0.294,0.123,0.226,0.632,0.786,0.396,0.672,0.343,0.432,0.517,0.594,0.497,0.003,0.718,0.28,0.867,0.612,0.579,0.651,0.644,0.808,0.891,0.295,0.779,0.871,0.489,0.618,0.839
262,0.902,0.661,0.097,0.39,0.243,0.248,0.992,0.481,0.536,0.113,0.507,0.745,0.808,0.051,0.447,0.097,0.522,0.568,0.444,0.525,0.018,0.169,0.963,0.604,0.06,0.522,0.29,0.204,0.941,0.574,0.928,0.476,0.235,0.478,0.751,0.994,0.324,0.586,0.252,0.262,0.978,0.388,0.223,0.197,0.595,0.584,0.256,0.48,0.208,0.334,0.615,0.243,0.605,0.414,0.351,0.31,0.217,0.998,0.97,0.152,0.04,0.899,0.975,0.409
264,0.811,0.217,0.12,0.25,0.981,0.364,0.644,0.998,0.296,0.473,0.317,0.869,0.124,0.877,0.482,0.524,0.117,0.599,0.923,0.85,0.545,0.801,0.857,0.872,0.91,0.507,0.697,0.829,0.415,0.089,0.364,0.708,0.118,0.517,0.393,0.906,0.539,0.301,0.785,0.349,0.324,0.877,0.628,0.937,0.789,0.424,0.849,0.576,0.917,0.688,0.021,0.079,0.064,0.078,0.806,0.107,0.04,0.902,0.319,0.269,0.532,0.576,0.954,0.089
266,0.814,0.763,0.368,0.202,0.684,0.264,0.316,0.518,0.957,0.727,0.82,0.097,0.921,0.141,0.783,0.112,0.343,0.211,0.154,0.29,0.254,0.126,0.818,0.692,0.687,0.358,0.883,0.659,0.012,0.43,0.943,0.325,0.092,0.87,0.296,0.841,0.367,0.448,0.792,0.433,0.606,0.982,0.398,0.161,0.152,0.139,0.257,0.108,0.442,0.547,0.52,0.666,0.222,0.073,0.481,0.167,0.381,0.27,0.818,0.728,0.054,0.549,0.377,0.259
268,0.107,0.428,0.987,0.718,0.829,0.419,0.726,0.659,0.498,0.037,0.959,0.212,0.798,0.822,0.733,0.037,0.864,0.886,0.686,0.2,0.588,0.186,0.03,0.578,0.785,0.494,0.597,0.328,0.328,0.784,0.759,0.168,0.522,0.723,0.797,0.546,0.589,0.285,0.132,0.295,0.807,0.005,0.7,0.893,0.018,0.591,0.776,0.655,0.414,0.823,0.081,0.558,0.848,0.817,0.728,0.096,0.381,0.031,0.574,0.925,0.767,0.632,0.976,0.273
270,0.282,0.955,0.536,0.413,0.583,0.542,0.839,0.066,0.482,0.25,0.317,0.262,0.493,0.484,0.15,0.356,0.56,0.782,0.365,0.376,0.965,0.081,0.962,0.99,0.324,0.906,0.028,0.58,0.649,0.333,0.852,0.333,0.355,0.273,0.905,0.179,0.092,0.171,0.875,0.312,0.624,0.389,0.733,0.359,0.275,0.495,0.283,0.757,0.122,0.012,0.57,0.765,0.383,0.558,0.026,0.551,0.069,0.087,0.131,0.345,0.151,0.384,0.846,0.598
272,0.675,0.621,0.228,0.212,0.76,0.849,0.296,0.711,0.596,0.748,0.699,0.224,0.772,0.08,0.857,0.422,0.636,0.41,0.466,0.576,0.715,0.276,0.849,0.299,0.263,0.082,0.989,0.974,0.886,0.06,0.354,0.268,0.747,0.84,0.328,0.463,0.502,0.901,0.069,0.83,0.294,0.137,0.973,0.452,0.697,0.604,0.912,0.076,0.942,0.632,0.742,0.066,0.283,0.26,0.446,0.041,1.0,0.742,0.901,0.321,0.343,0.49,0.191,0.633
274,0.215,0.759,0.375,0.459,0.663,0.193,0.068,0.605,0.448,0.682,0.972,0.189,0.11,0.617,0.554,0.196,0.375,0.757,0.837,0.295,0.283,0.489,0.676,0.64,0.616,0.458,0.83,0.825,0.268,0.7,0.58,0.186,0.486,0.487,0.518,0.279,0.786,0.738,0.164,0.597,0.924,0.735,0.737,0.118,0.164,0.81,0.075,0.267,0.518,0.261,0.911,0.203,0.979,0.44,0.574,0.6,0.539,0.506,0.749,0.951,0.664,0.949,0.601,0.954
276,0.051,0.458,0.37,0.962,0.786,0.498,0.865,0.905,0.393,0.152,0.757,0.526,0.785,0.085,0.404,0.335,0.772,0.897,0.302,0.802,0.806,0.394,0.203,0.079,0.153,0.479,0.953,0.03,0.149,0.835,0.602,0.927,0.806,0.085,0.989,0.496,0.757,0.913,0.568,0.019,0.846,0.794,0.955,0.759,0.544,0.985,0.775,0.05,0.171,0.306,0.424,0.731,0.345,0.847,0.773,0.42,0.428,0.19,0.71,0.892,0.006,0.042,0.843,0.668
278,0.814,0.054,0.188,0.953,0.283,0.241,0.615,0.596,0.615,0.824,0.543,0.654,0.056,0.701,0.964,0.784,0.064,0.801,0.358,0.466,0.434,0.099,0.101,0.329,0.578,0.718,0.696,0.478,0.832,0.847,0.324,0.311,0.933,0.691,0.946,0.194,0.9,0.216,0.757,0.165,0.432,0.078,0.971,0.703,0.276,0.546,0.415,0.149,0.231,0.873,0.998,0.124,0.074,0.976,0.289,0.557,0.479,0.029,0.829,0.232,0.107,0.717,0.067,0.489
280,0.105,0.941,0.779,0.057,0.506,0.097,0.953,0.388,0.918,0.447,0.572,0.919,0.467,0.853,0.469,0.107,0.942,0.133,0.034,0.534,0.439,0.981,0.6,0.774,0.829,0.195,0.487,0.656,0.979,0.089,0.093,0.554,0.021,0.777,0.606,0.621,0.127,0.413,0.275,0.386,0.732,0.312,0.36,0.742,0.047,0.773,0.412,0.166,0.556,0.678,0.244,0.027,0.377,0.434,0.46,0.362,0.949,0.586,0.007,0.027,0.81,0.045,0.935,0.458
282,0.51,0.085,0.581,0.903,0.27,0.698,0.557,0.674,0.091,0.334,0.069,0.128,0.908,0.652,0.106,0.191,0.378,0.806,0.22,0.115,0.871,0.437,0.426,0.048,0.828,0.44,0.088,0.94,0.993,0.376,0.514,0.107,0.925,0.485,0.934,0.184,0.857,0.089,0.365,0.455,0.054,0.375,0.534,0.641,0.835,0.583,0.623,0.417,0.288,0.76,0.679,0.677,0.281,1.0,0.552,0.208,0.101,0.707,0.617,0.458,0.568,0.556,0.996,0.128
284,0.707,0.86,0.323,0.394,0.248,0.432,0.895,0.203,0.255,0.478,0.984,0.29,0.219,0.278,0.414,0.203,0.988,0.133,0.086,0.461,0.15,0.064,0.307,0.043,0.037,0.68,0.988,0.916,0.897,0.997,0.319,0.497,0.815,0.604,0.724,0.551,0.848,0.239,0.883,0.331,0.622,0.561,0.748,0.853,0.318,0.384,0.861,0.62,0.25,0.054,0.08,0.547,0.4,0.671,0.546,0.951,0.718,0.768,0.612,0.44,0.509,0.804,0.481,0.422
286,0.009,0.137,0.869,0.46,0.148,0.655,0.884,0.298,0.782,0.037,0.122,0.529,0.896,0.182,0.403,0.525,0.058,0.845,0.121,0.48,0.749,0.03,0.532,0.151,0.06,0.162,0.059,0.841,0.186,0.304,0.457,0.725,0.325,0.513,0.96,0.998,0.101,0.512,0.262,0.983,0.285,0.353,0.854,0.552,0.996,0.983,0.498,0.813,0.836,0.055,0.922,0.438,0.191,0.291,0.53,0.628,0.695,0.036,0.844,0.086,0.535,0.574,0.086,0.039
288,0.409,0.503,0.697,0.344,0.813,0.576,0.56,0.104,0.913,0.638,0.032,0.52,0.341,0.293,0.16,0.23,0.516,0.002,0.767,0.952,0.39,0.257,0.693,0.21,0.964,0.564,0.653,0.062,0.297,0.311,0.188,0.39,0.6,0.513,0.118,0.296,0.601,0.406,0.293,0.853,0.836,0.946,0.569,0.234,0.443,0.776,0.394,0.533,0.517,0.521,0.498,0.629,0.812,0.225,0.354,0.142,0.538,0.63,0.261,0.921,0.382,0.464,0.362,0.308
290,0.553,0.652,0.957,0.373,0.934,0.016,0.142,0.544,0.831,0.915,0.934,0.382,0.308,0.767,0.288,0.921,0.65,0.222,0.642,0.998,0.723,0.542,0.335,0.748,0.147,0.484,0.747,0.643,0.017,0.322,0.572,0.611,0.458,0.256,0.181,0.424,0.531,0.643,0.128,0.235,0.95,0.833,0.388,0.121,0.057,0.74,0.74,0.155,0.306,0.675,0.647,0.084,0.894,0.877,0.888,0.052,0.936,0.695,0.552,0.46,0.748,0.432,0.827,0.03
292,0.309,0.638,0.236,0.86,0.084,0.087,0.236,0.988,0.807,0.27,0.972,0.657,0.696,0.409,0.386,0.82,0.711,0.164,0.697,0.03,0.69,0.111,0.286,0.678,0.608,0.677,0.503,0.723,0.258,0.698,0.918,0.769,0.861,0.287,0.302,0.525,0.499,0.593,0.967,0.012,0.239,0.257,0.413,0.685,0.143,0.078,0.221,0.067,0.772,0.796,0.731,0.937,0.644,0.184,0.771,0.394,0.656,0.611,0.318,0.596,0.704,0.574,0.557,0.173
294,0.729,0.628,0.798,0.43,0.962,0.046,0.091,0.744,0.905,0.606,0.788,0.264,0.462,0.807,0.344,0.21,0.836,0.067,0.01,0.829,0.845,0.758,0.58,0.375,0.821,0.52,0.217,0.894,0.724,0.611,0.701,0.128,0.04,0.175,0.289,0.208,0.974,0.753,0.666,0.421,0.362,0.353,0.515,0.453,0.655,0.682,0.604,0.783,0.906,0.767,0.015,0.672,0.454,0.956,0.12,0.19,0.525,0.68,0.05,0.162,0.73,0.45,0.902,0.379
296,0.04,0.252,0.495,0.377,0.376,0.719,0.719,0.858,0.941,0.512,0.593,0.265,0.361,0.071,0.394,0.709,0.601,0.989,0.402,0.266,0.176,0.822,0.505,0.016,0.233,0.44,0.251,0.338,0.852,0.694,0.308,0.62,0.327,0.64,0.968,0.2,0.506,0.749,0.836,0.954,0.096,0.283,0.924,0.281,0.075,0.877,0.847,0.931,0.522,0.107,0.657,0.686,0.976,0.867,0.902,0.429,0.224,0.167,0.965,0.063,0.218,0.694,0.923,0.418
298,0.066,0.056,0.487,0.426,0.55,0.832,0.235,0.633,0.503,0.405,0.147,0.501,0.013,0.218,0.476,0.82,0.552,0.107,0.913,0.673,0.222,0.817,0.813,0.82,0.183,0.811,0.219,0.945,0.376,0.174,0.064,0.267,0.961,0.448,0.588,0.75,0.256,0.58,0.419,0.901,0.415,0.125,0.661,0.186,0.258,0.038,0.695,0.137,0.386,0.774,0.113,0.434,0.213,0.667,0.73,0.046,0.984,0.241,0.01,0.89,0.038,0.061,0.242,0.3
300,0.568,0.537,0.52,0.231,0.699,0.522,0.771,0.495,0.586,0.308,0.207,0.696,0.836,0.049,0.888,0.263,0.034,0.377,0.239,0.966,0.023,0.342,0.624,0.828,0.343,0.419,0.292,0.13,0.293,0.8,0.928,0.04,0.385,0.074,0.87,0.822,0.294,0.6,0.668,0.493,0.505,0.814,0.576,0.224,0.911,0.651,0.509,0.386,0.91,0.329,0.515,0.614,0.101,0.043,0.467,0.208,0.268,0.152,0.2,0.646,0.654,0.113,0.935,0.948
302,0.188,0.439,0.799,0.437,0.046,0.831,0.662,0.559,0.732,0.928,0.195,0.277,0.962,0.41,0.268,0.722,0.809,0.798,0.436,0.301,0.739,0.568,0.049,0.5,0.909,0.397,0.795,0.88,0.549,0.888,0.973,0.802,0.765,0.731,0.98,0.832,0.246,0.321,0.796,0.406,0.614,0.112,0.419,0.932,0.457,0.393,0.99,0.718,0.555,0.547,0.276,0.706,0.717,0.279,0.502,0.397,0.175,0.221,0.207,0.649,0.486,0.038,0.241,0.652
304,0.333,0.199,0.391,0.165,0.66,0.462,0.805,0.568,0.096,0.462,0.782,0.323,0.909,0.801,0.232,0.358,0.73,0.026,0.414,0.937,0.386,0.726,0.92,0.255,0.353,0.037,0.542,0.266,0.615,0.807,0.749,0.665,0.868,0.467,0.176,0.517,0.614,0.672,0.859,0.09,0.025,0.191,0.506,0.99,0.024,0.818,0.235,0.843,0.694,0.966,0.653,0.625,0.24,0.176,0.648,0.088,0.676,0.983,0.692,0.02,0.987,0.669,0.308,0.517
306,0.55,0.177,0.684,0.039,0.201,0.093,0.992,0.918,0.261,0.228,0.613,0.74,0.107,0.752,0.153,0.836,0.413,0.228,0.046,0.392,0.921,0.854,0.973,0.593,0.518,0.742,0.686,0.221,0.147,0.592,0.902,0.616,0.482,0.644,0.322,0.331,0.796,0.734,0.048,0.999,0.58,0.022,0.106,0.712,0.613,0.679,0.899,0.518,0.004,0.667,0.537,0.863,0.288,0.08,0.601,0.188,0.874,0.748,0.597,0.057,0.768,0.822,0.554,0.338
308,0.51,0.249,0.262,0.179,0.509,0.541,0.552,0.439,0.93,0.285,0.192,0.679,0.37,0.781,0.2,0.631,0.681,0.82,0.424,0.399,0.546,0.32,0.084,0.122,0.856,0.396,0.007,0.065,0.477,0.965,0.95,0.974,0.234,0.319,0.497,0.789,0.836,0.171,0.228,0.183,0.741,0.295,0.185,0.805,0.413,0.374,0.889,0.99,0.9,0.304,0.783,0.333,0.345,0.412,0.122,0.743,0.627,0.414,0.207,0.744,0.369,0.384,0.257,0.176
310,0.072,0.522,0.842,0.129,0.579,0.818,0.172,0.267,0.364,0.623,0.858,0.315,0.136,0.669,0.086,0.54,0.128,0.684,0.397,0.98,0.379,0.066,0.199,0.223,0.68,0.804,0.96,0.727,0.33,0.259,0.233,0.976,0.631,0.541,0.069,0.048,0.204,0.139,0.946,0.836,0.302,0.343,0.114,0.178,0.993,0.287,0.125,0.394,0.944,0.324,0.999,0.768,0.146,0.611,0.534,0.405,0.836,0.316,0.568,0.909,0.023,0.714,0.38,0.333
312,0.786,0.981,0.286,0.287,0.295,0.546,0.317,0.954,0.657,0.216,0.944,0.391,0.543,0.645,0.751,0.041,0.263,0.7,0.05,0.729,0.608,0.751,0.895,0.113,0.725,0.651,0.828,0.178,0.599,0.52,0.172,0.502,0.585,0.213,0.627,0.265,0.567,0.232,0.929,0.882,0.4,0.997,0.52,0.522,0.626,0.719,0.807,0.134,0.588,0.071,0.201,0.244,0.453,0.81,0.252,0.147,0.28,0.564,0.428,0.348,0.679,0.482,0.842,0.197
314,0.58,0.894,0.286,0.974,0.053,0.86,0.84,0.069,0.463,0.261,0.967,0.278,0.013,0.958,0.734,0.138,0.052,0.727,0.795,0.395,0.109,0.084,0.511,0.092,0.945,0.044,0.316,0.518,0.351,0.47,0.189,0.553,0.404,0.132,0.326,0.837,0.128,0.677,0.112,0.778,0.569,0.053,0.677,0.173,0.041,0.507,0.973,0.238,0.788,0.976,0.375,0.348,0.176,0.086,0.302,0.546,0.831,0.847,0.678,0.777,0.027,0.782,0.739,0.332
316,0.326,0.26,0.691,0.659,0.927,0.148,0.662,0.738,0.19,0.188,0.762,0.361,0.429,0.6,0.545,0.784,0.285,0.432,0.126,0.973,0.419,0.318,0.018,0.581,0.674,0.56,0.615,0.716,0.701,0.648,0.038,0.867,0.093,0.347,0.057,0.409,0.481,0.799,0.572,0.688,0.653,0.727,0.995,0.181,0.465,0.923,0.953,0.285,0.287,0.217,0.179,0.574,0.368,0.256,0.147,0.532,0.495,0.756,0.868,0.894,0.513,0.722,0.282,0.755
318,0.704,0.134,0.43,0.436,0.239,0.495,0.067,0.192,0.794,0.857,0.902,0.164,0.704,0.105,0.645,0.048,0.129,0.514,0.434,0.057,0.043,0.392,0.371,0.117,0.269,0.78,0.98,0.457,0.517,0.34,0.011,0.463,0.833,0.983,0.55,0.963,0.472,0.491,0.271,0.259,0.496,0.182,0.65,0.202,0.205,0.201,0.239,0.419,0.796,0.58,0.982,0.938,0.916,0.086,0.466,0.184,0.681,0.005,0.767,0.506,0.858,0.373,0.431,0.646
320,0.302,0.608,0.747,0.137,0.659,0.323,0.793,0.413,0.304,0.414,0.905,0.359,0.881,0.605,0.125,0.317,0.746,0.34,0.997,0.852,0.803,0.831,0.32,0.072,0.292,0.245,0.98,0.323,0.944,0.404,0.043,0.193,0.063,0.586,0.759,0.922,0.442,0.371,0.605,0.242,0.525,0.983,0.154,0.342,0.129,0.656,0.066,0.51,0.428,0.614,0.374,0.598,0.457,0.779,0.508,0.221,0.139,0.273,0.994,0.488,0.177,0.167,0.675,0.301
322,0.702,0.73,0.586,0.577,0.104,0.461,0.954,0.972,0.706,0.229,0.601,0.767,0.325,0.015,0.229,0.87,0.307,0.98,0.276,0.743,0.933,0.729,0.958,0.326,0.706,0.005,0.579,0.095,0.457,0.784,0.29,0.426,0.745,0.733,0.892,0.332,0.629,0.469,0.849,0.914,0.807,0.929,0.459,0.191,0.661,0.877,0.835,0.271,0.994,0.858,0.589,0.524,0.351,0.46,0.543,0.937,0.521,0.546,0.631,0.836,0.603,0.653,0.175,0.832
324,0.679,0.603,0.547,0.152,0.003,0.254,0.33,0.233,0.583,0.079,0.727,0.073,0.85,0.098,0.57,0.171,0.066,0.775,0.78,0.035,0.384,0.029,0.042,0.033,0.531,0.927,0.284,0.121,0.633,0.346,0.569,0.127,0.479,0.333,0.275,0.532,0.353,0.093,0.752,0.516,0.328,0.753,0.277,0.617,0.096,0.161,0.521,0.876,0.407,0.498,0.516,0.295,0.207,0.52,0.989,0.364,0.965,0.746,0.174,0.135,0.494,0.665,0.279,0.733
326,0.564,0.869,0.187,0.642,0.926,0.431,0.74,0.466,0.913,0.257,0.477,0.269,0.216,0.902,0.969,0.835,0.957,0.385,0.671,0.032,0.695,0.16,0.255,0.331,0.465,0.117,0.621,0.117,0.926,0.205,0.184,0.46,0.743,0.706,0.494,0.273,0.217,0.272,0.219,0.182,0.867,0.152,0.973,0.831,0.821,0.893,0.74,0.322,0.078,0.125,0.401,0.689,0.353,0.926,0.636,0.882,0.062,0.573,0.817,0.264,0.982,0.335,0.073,0.766
328,0.673,0.127,0.391,0.043,0.36,0.891,0.004,0.011,0.912,0.089,0.976,0.566,0.967,0.207,0.646,0.874,0.958,0.474,0.883,0.442,0.948,0.564,0.495,0.132,0.4,0.558,0.158,0.797,0.635,0.243,0.371,0.463,0.722,0.878,0.651,0.793,0.399,0.975,0.606,0.361,0.69,0.319,0.798,0.259,0.069,0.653,0.378,0.897,0.851,0.594,0.589,0.582,0.344,0.294,0.958,0.23,0.148,0.861,0.466,0.663,0.801,0.434,0.056,0.318
330,0.961,0.562,0.246,0.829,0.082,0.114,0.409,0.697,0.514,0.017,0.929,0.668,0.754,0.38,0.213,0.811,0.878,0.043,0.815,0.311,0.995,0.03,0.651,0.95,0.271,0.665,0.241,0.875,0.681,0.107,0.179,0.822,0.644,0.503,0.248,0.636,0.895,0.571,0.716,0.664,0.023,0.606,0.989,0.545,0.169,0.688,0.239,0.88,0.302,0.978,0.577,0.93,0.778,0.923,0.689,0.887,0.797,0.927,0.539,0.859,0.193,0.484,0.904,0.433
332,0.738,0.905,0.676,0.395,0.807,0.88,0.711,0.113,0.383,0.959,0.199,0.113,0.64,0.635,0.433,0.086,0.414,0.705,0.077,0.124,0.875,0.046,0.458,0.933,0.81,0.512,0.228,0.04,0.625,0.82,0.205,0.385,0.745,0.968,0.769,0.962,0.197,0.395,0.2,0.019,0.394,0.432,0.886,0.914,0.333,0.548,0.913,0.298,0.447,0.806,0.84,0.409,0.671,0.912,0.863,0.056,0.448,0.307,0.237,0.741,0.367,0.924,0.539,0.073
334,0.339,0.936,0.388,0.578,0.249,0.638,0.941,0.286,0.31,0.493,0.428,0.745,0.314,0.088,0.237,0.487,0.728,0.713,0.98,0.832,0.709,0.963,0.237,0.519,0.106,0.371,0.883,0.731,0.222,0.734,0.698,0.037,0.92,0.907,0.566,0.944,0.452,0.38,0.913,0.597,0.118,0.1,0.201,0.631,0.434,0.096,0.756,0.291,0.023,0.198,0.651,0.736,0.759,0.18,0.647,0.277,0.073,0.08,0.055,0.059,0.801,0.734,0.266,0.229
336,0.55,0.099,0.752,0.013,0.215,0.587,0.348,0.182,0.876,0.608,0.168,0.074,0.681,0.643,0.046,0.338,0.039,0.471,0.915,0.368,0.715,0.121,0.067,0.953,0.873,0.116,0.412,0.707,0.32,0.67,0.463,0.542,0.775,0.338,0.923,0.404,0.786,0.814,0.443,0.585,0.964,0.264,0.399,0.035,0.225,0.705,0.37,0.19,0.72,0.63,0.791,0.255,0.893,0.695,0.496,0.866,0.825,0.994,0.329,0.746,0.3,0.439,0.734,0.393
338,0.357,0.62,0.31,0.588,0.187,0.395,0.595,0.97,0.771,0.407,0.97,0.179,0.802,0.399,0.429,0.867,0.879,0.537,0.835,0.811,0.39,0.449,0.39,0.429,0.946,0.845,0.282,0.818,0.248,0.942,0.553,0.724,0.504,0.606,0.713,0.509,0.198,0.67,0.058,0.669,0.468,0.789,0.116,0.025,0.715,0.69,0.519,0.308,0.76,0.143,0.496,0.307,0.542,0.729,0.381,0.145,0.44,0.044,0.875,0.326,0.643,0.658,0.295,0.09
340,0.536,0.815,0.579,0.344,0.848,0.189,0.447,0.473,0.053,0.134,0.674,0.311,0.758,0.832,0.714,0.053,0.599,0.14,0.608,0.903,0.36,0.547,0.366,0.535,0.866,0.504,0.753,0.567,0.846,0.447,0.985,0.833,0.113,0.16,0.541,0.348,0.102,0.798,0.423,0.049,0.172,0.049,0.697,0.717,0.528,0.802,0.456,0.287,0.552,0.359,0.244,0.047,0.147,0.481,0.14,0.913,0.95,0.583,0.962,0.994,0.507,0.996,0.858,0.402
342,0.349,0.014,0.844,0.636,0.664,0.166,0.802,0.468,0.896,0.242,0.079,0.396,0.903,0.259,0.055,0.412,0.511,0.136,0.417,0.066,0.96,0.464,0.635,0.234,0.778,0.776,0.804,0.024,0.632,0.888,0.458,0.506,0.411,0.962,0.407,0.919,0.462,0.549,0.341,0.378,0.408,0.049,0.616,0.314,0.978,0.105,0.894,0.595,0.491,0.825,0.395,0.908,0.601,0.75,0.032,0.833,0.05,0.995,0.005,0.994,0.491,0.19,0.247,0.949
344,0.596,0.538,0.728,0.66,0.99,0.588,0.801,0.551,0.55,0.457,0.609,0.608,0.887,0.508,0.952,0.646,0.372,0.095,0.322,0.721,0.342,0.294,0.847,0.967,0.517,0.661,0.519,0.994,0.486,0.524,0.598,0.582,0.015,0.431,0.661,0.262,0.308,0.775,0.371,0.493,0.405,0.455,0.467,0.419,0.909,0.512,0.98,0.231,0.58,0.397,0.19,0.161,0.371,0.456,0.094,0.153,0.522,0.562,0.246,0.29,0.251,0.1,0.174,0.527
346,0.982,0.191,0.561,0.379,0.614,0.92,0.375,0.827,0.675,0.077,0.021,0.313,0.24,0.997,0.766,0.811,0.965,0.36,0.418,0.771,0.6,0.832,0.326,0.06,0.443,0.105,0.59,0.054,0.904,0.322,0.471,0.146,0.007,0.724,0.63,0.076,0.594,0.676,0.897,0.522,0.749,0.217,0.957,0.54,0.302,0.445,0.331,0.008,0.303,0.569,0.712,0.768,0.704,0.838,0.702,0.03,0.24,0.574,0.262,0.002,0.767,0.913,0.442,0.572
348,0.402,0.374,0.736,0.253,0.567,0.316,0.662,0.511,0.846,0.224,0.869,0.657,0.111,0.235,0.21,0.063,0.606,0.385,0.263,0.12,0.422,0.297,0.003,0.483,0.626,0.955,0.509,0.933,0.733,0.939,0.03,0.499,0.225,0.647,0.434,0.883,0.549,0.585,0.752,0.346,0.281,0.269,0.957,0.664,0.394,0.166,0.714,0.714,0.769,0.226,0.206,0.552,0.422,0.005,0.094,0.252,0.632,0.571,0.258,0.12,0.574,0.347,0.908,0.076
350,0.325,0.11,0.119,0.975,0.902,0.773,0.871,0.423,0.004,0.539,0.476,0.696,0.955,0.754,0.621,0.371,0.387,0.508,0.943,0.454,0.357,0.994,0.269,0.019,0.706,0.673,0.578,0.415,0.688,0.516,0.187,0.544,0.829,0.238,0.944,0.503,0.56,0.634,0.933,0.394,0.22,0.432,0.273,0.464,0.336,0.051,0.698,0.064,0.192,0.339,0.267,0.246,0.733,0.077,0.564,0.022,0.355,0.557,0.169,0.271,0.939,0.215,0.916,0.744
352,0.853,0.817,0.892,0.398,0.715,0.189,0.064,0.405,0.12,0.966,0.334,0.474,0.722,0.166,0.505,0.562,0.513,0.523,0.475,0.37,0.706,0.598,0.382,0.808,0.656,0.744,0.162,0.539,0.216,0.184,0.206,0.435,0.01,0.939,0.328,0.139,0.49,0.075,0.238,0.46,0.396,0.53,0.122,0.702,0.173,0.292,0.12,0.313,0.79,0.202,0.884,0.554,0.769,0.349,0.243,0.601,0.728,0.272,0.025,0.943,0.381,0.42,0.831,0.939
354,0.42,0.877,0.437,0.321,0.685,0.802,0.329,0.31,0.09,0.781,0.778,0.366,0.273,0.323,0.084,0.132,0.846,0.24,0.5,0.884,0.322,0.906,0.055,0.873,0.44,0.759,0.814,0.225,0.906,0.9,0.43,0.752,0.726,0.813,0.994,0.588,0.21,0.474,0.348,0.778,0.284,0.605,0.642,0.365,0.085,0.143,0.018,0.449,0.524,0.074,0.768,0.674,0.764,0.339,0.527,0.467,0.4,0.24,0.143,0.682,0.391,1.0,0.178,0.968
356,0.982,0.572,0.696,0.251,0.236,0.19,0.349,0.97,0.563,0.933,0.935,0.568,0.652,0.774,0.017,0.901,0.763,0.286,0.635,0.117,0.523,0.16,0.611,0.27,0.394,0.549,0.69,0.191,0.576,0.181,0.393,0.518,0.207,0.62,0.697,0.106,0.87,0.387,0.952,0.827,0.002,0.101,0.544,0.631,0.823,0.121,0.965,0.893,0.288,0.16,0.434,0.312,0.027,0.183,0.964,0.181,0.747,0.559,0.847,0.982,0.219,0.275,0.921,0.517
358,0.137,0.03,0.655,0.253,0.635,0.453,0.358,0.864,0.894,0.348,0.392,0.497,0.211,0.359,0.739,0.046,0.447,0.831,0.649,0.066,0.124,0.328,0.317,0.641,0.308,0.773,0.169,0.703,0.69,0.778,0.847,0.384,0.23,0.021,0.659,0.14,0.083,0.144,0.274,0.485,0.398,0.839,0.521,0.088,0.505,0.409,0.944,0.872,0.2,0.781,0.111,0.742,0.06,0.902,0.148,0.153,0.566,0.574,0.048,0.434,0.49,0.221,0.804,0.715
360,0.134,0.147,0.377,0.937,0.965,0.613,0.466,0.387,0.651,0.273,0.47,0.56,0.039,0.784,0.12,0.392,0.467,0.772,0.571,0.045,0.369,0.863,0.233,0.614,0.542,0.825,0.528,0.207,0.639,0.161,0.082,0.948,0.959,0.658,0.4,0.536,0.635,0.448,0.894,0.843,0.48,0.799,0.725,0.794,0.984,0.917,0.859,0.09,0.36,0.472,0.253,0.905,0.389,0.904,0.907,0.327,0.456,0.255,0.791,0.114,0.652,0.675,0.114,0.361
362,0.211,0.263,0.793,0.825,0.791,0.121,0.96,0.626,0.691,0.696,0.688,0.633,0.851,0.909,0.458,0.476,0.414,0.269,0.283,0.005,0.098,0.164,0.769,0.025,0.921,0.601,0.602,0.376,0.124,0.371,0.584,0.393,0.647,0.712,0.004,0.682,0.157,0.573,0.338,0.136,0.126,0.027,0.109,0.7,0.693,0.001,0.352,0.572,0.738,0.142,0.755,0.402,0.022,0.831,0.165,0.473,0.042,0.005,0.275,0.006,0.562,0.316,0.52,0.607
364,0.726,0.249,0.263,0.708,0.886,0.652,0.438,0.983,0.415,0.187,0.78,0.332,0.794,0.386,0.543,0.413,0.956,0.453,0.178,0.897,0.427,0.763,0.9,0.445,0.822,0.869,0.279,0.073,0.684,0.656,0.218,0.493,0.929,0.907,0.941,0.057,0.14,0.34,0.036,0.249,0.777,0.345,0.324,0.841,0.523,0.729,0.671,0.465,0.876,0.753,0.786,0.55,0.494,0.163,0.342,0.43,0.403,0.332,0.0,0.767,0.088,0.073,0.394,0.347
366,0.916,0.604,0.18,0.427,0.676,0.74,0.82,0.816,0.156,0.743,0.071,0.135,0.156,0.257,0.072,0.356,0.61,0.825,0.966,0.587,0.372,0.586,0.273,0.737,0.35,0.246,0.655,0.275,0.883,0.511,0.701,0.18,0.516,0.397,0.987,0.021,0.314,0.173,0.137,0.853,0.53,0.424,0.658,0.599,0.573,0.79,0.127,0.359,0.552,0.363,0.182,0.094,0.177,0.642,0.507,0.252,0.941,0.777,0.81,0.604,0.314,0.886,0.105,0.945
368,0.923,0.219,0.284,0.476,0.687,0.71,0.825,0.051,0.872,0.893,0.017,0.607,0.861,0.438,0.727,0.307,0.448,0.112,0.264,0.357,0.267,0.451,0.526,0.101,0.012,0.795,0.694,0.285,0.057,0.765,0.357,0.566,0.188,0.044,0.706,0.867,0.393,0.936,0.949,0.191,0.096,0.726,0.389,0.496,0.825,0.734,0.626,0.849,0.348,0.263,0.687,0.045,0.133,0.682,0.706,0.82,0.317,0.85,0.402,0.591,0.789,0.697,0.366,0.284
370,0.518,0.496,0.762,0.838,0.842,0.015,0.816,0.624,0.674,0.067,0.179,0.317,0.823,0.448,0.15,0.737,0.013,0.955,0.341,0.735,0.555,0.951,0.226,0.299,0.957,0.762,0.794,0.937,0.908,0.535,0.503,0.089,0.407,0.74,0.074,0.416,0.599,0.38,0.456,0.214,0.625,0.592,0.817,0.194,0.998,0.289,0.34,0.267,0.11,0.641,0.648,0.782,0.677,0.984,0.969,0.732,0.091,0.895,0.827,0.899,0.271,0.605,0.463,0.639
372,0.732,0.228,0.507,0.254,0.732,0.535,0.506,0.714,0.123,0.077,0.025,0.066,0.598,0.802,0.851,0.96,0.933,0.851,0.256,0.05,0.366,0.832,0.335,0.971,0.042,0.252,0.697,0.297,0.423,0.769,0.057,0.567,0.605,0.436,0.358,0.825,0.829,0.868,0.388,0.336,0.084,0.769,0.343,0.192,0.31,0.327,0.811,0.501,0.176,0.607,0.649,0.955,0.909,0.062,0.929,0.096,0.545,0.668,0.248,0.587,0.446,0.883,0.547,0.431
374,0.884,0.491,0.573,0.999,0.96,0.053,0.651,0.457,0.623,0.836,0.504,0.211,0.554,0.016,0.085,0.572,0.349,0.545,0.081,0.044,0.826,0.363,0.476,0.249,0.611,0.836,0.653,0.715,0.412,0.552,0.823,0.118,0.4,0.743,0.599,0.19,0.962,0.187,0.35,0.896,0.578,0.535,0.297,0.529,0.349,0.865,0.845,0.266,0.493,0.053,0.47,0.642,0.614,0.093,0.058,0.898,0.807,0.727,0.328,0.071,0.955,0.557,0.026,0.703
376,0.614,0.047,0.393,0.869,0.944,0.615,0.832,0.225,0.873,0.141,0.012,0.818,0.637,0.515,0.422,0.383,0.954,0.349,0.676,0.701,0.999,0.006,0.908,0.32,0.848,0.423,0.448,0.172,0.185,0.185,0.63,0.775,0.776,0.343,0.468,0.438,0.72,0.937,0.224,0.717,0.77,0.111,0.037,0.373,0.578,0.835,0.746,0.568,0.222,0.85,0.588,0.717,0.855,0.882,0.35,0.358,0.02,0.185,0.841,0.746,0.593,0.488,0.478,0.922
378,0.532,0.471,0.712,0.425,0.11,0.691,0.784,0.586,0.856,0.286,0.681,0.863,0.763,0.198,0.105,0.22,0.74,0.666,0.718,0.936,0.369,0.464,0.054,0.236,0.61,0.513,0.066,0.834,0.611,0.835,0.011,0.047,0.748,0.171,0.85,0.508,0.681,0.159,0.382,0.83,0.73,0.155,0.677,0.763,0.255,0.268,0.295,0.812,0.659,0.124,0.001,0.914,0.395,0.486,0.56,0.188,0.535,0.835,0.978,0.501,0.96,0.74,0.606,0.018
380,0.225,0.684,0.416,0.568,0.586,0.221,0.818,0.612,0.85,0.764,0.789,0.866,0.748,0.004,0.988,0.921,0.859,0.118,0.386,0.307,0.558,0.654,0.753,0.814,0.718,0.105,0.603,0.227,0.476,0.985,0.057,0.432,0.41,0.681,0.325,0.834,0.368,0.256,0.748,0.575,0.819,0.635,0.861,0.885,0.033,0.849,0.084,0.542,0.36,0.76,0.157,0.864,0.27,0.086,0.185,0.294,0.327,0.17,0.21,0.19,0.502,0.774,0.526,0.253
382,0.279,0.2,0.783,0.972,0.062,0.413,0.933,0.978,0.287,0.524,0.436,0.966,0.228,0.045,0.023,0.692,0.391,0.339,0.497,0.063,0.762,0.127,0.267,0.249,0.964,0.243,0.784,0.022,0.287,0.411,0.636,0.913,0.346,0.552,0.197,0.051,0.92,0.975,0.148,0.111,0.043,0.983,0.034,0.589,0.309,0.169,0.529,0.27,0.071,0.662,0.989,0.428,0.625,0.929,0.142,0.253,0.609,0.203,0.903,0.964,0.784,0.279,0.741,0.766
384,0.004,0.903,0.466,0.192,0.77,0.812,0.331,0.425,0.283,0.642,0.772,0.017,0.767,0.056,0.332,0.48,0.373,0.547,0.919,0.875,0.757,0.091,0.272,0.741,0.829,0.072,0.737,0.655,0.362,0.122,0.149,0.045,0.199,0.48,0.21,0.09,0.281,0.487,0.625,0.93,0.235,0.843,0.713,0.453,0.307,0.394,0.648,0.476,0.101,0.073,0.674,0.003,0.218,0.131,0.239,0.257,0.675,0.178,0.686,0.646,0.643,0.797,0.057,0.374
386,0.621,0.652,0.823,0.533,0.046,0.798,0.351,0.459,0.986,0.087,0.465,0.451,0.899,0.035,0.737,0.402,0.433,0.521,0.101,0.019,0.989,0.275,0.033,0.919,0.286,0.579,0.189,0.916,0.636,0.778,0.747,0.923,0.25,0.171,0.56,0.864,0.058,0.518,0.47,0.328,0.043,0.305,0.012,0.387,0.763,0.879,0.456,0.831,0.826,0.65,0.52,0.231,0.27,0.131,0.392,0.782,0.574,0.775,0.704,0.106,0.309,0.63,0.526,0.128
388,0.975,0.477,0.811,0.378,0.494,0.729,0.581,0.663,0.645,0.004,0.767,0.02,0.66,0.032,0.615,0.703,0.844,0.183,0.529,0.881,0.161,0.485,0.404,0.91,0.548,0.603,0.699,0.655,0.1,0.207,0.052,0.276,0.633,0.282,0.864,0.31,0.661,0.846,0.48,0.173,0.381,0.797,0.076,0.182,0.265,0.196,0.311,0.238,0.993,0.832,0.641,0.454,0.159,0.582,0.923,0.527,0.164,0.518,0.502,0.646,0.813,0.318,0.412,0.732
390,0.667,0.178,0.997,0.181,0.652,0.024,0.782,0.537,0.311,0.631,0.257,0.316,0.374,0.962,0.262,0.873,0.663,0.157,0.898,0.138,0.528,0.256,0.984,0.429,0.42,0.102,0.528,0.814,0.13,0.365,0.586,0.788,0.536,0.202,0.283,0.475,0.983,0.771,0.12,0.729,0.128,0.238,0.593,0.515,0.869,0.349,0.788,0.717,0.353,0.129,0.342,0.456,0.205,0.433,0.985,0.267,0.319,0.554,0.664,0.921,0.301,0.598,0.635,0.981
392,0.215,0.48,0.903,0.767,0.191,0.812,0.34,0.048,0.199,0.963,0.387,0.162,0.538,0.837,0.292,0.819,0.497,0.689,0.416,0.62,0.918,0.181,0.402,0.401,0.319,0.68,0.232,0.707,0.84,0.061,0.264,0.885,0.459,0.521,0.286,0.59,0.311,0.674,0.793,0.001,0.548,0.731,0.209,0.453,0.389,0.532,0.58,0.014,0.105,0.673,0.105,0.09,0.337,0.507,0.86,0.691,0.982,0.857,0.672,0.531,0.006,0.853,0.742,0.371
394,0.969,0.172,0.672,0.614,0.923,0.622,0.111,0.317,0.977,0.25,0.9,0.218,0.106,0.517,0.309,0.828,0.997,0.187,0.074,0.51,0.293,0.216,0.812,0.235,0.082,0.488,0.88,0.623,0.478,0.251,0.536,0.599,0.732,0.943,0.86,0.725,0.066,0.175,0.57,0.236,0.141,0.039,0.86,0.367,0.831,0.809,0.816,0.198,0.963,0.847,0.22,0.948,0.177,0.49,0.92,0.585,0.47,0.696,0.021,0.399,0.799,0.785,0.955,0.962
396,0.334,0.988,0.686,0.902,0.607,0.703,0.544,0.893,0.697,0.275,0.717,0.238,0.611,0.057,0.287,0.039,0.605,0.037,0.04,0.11,0.979,0.621,0.504,0.728,0.988,0.213,0.721,0.359,0.437,0.732,0.061,0.871,0.044,0.751,0.447,0.009,0.926,0.571,0.995,0.382,0.688,0.616,0.075,0.387,0.768,0.634,0.299,0.217,0.773,0.881,0.597,0.94,0.086,0.222,0.734,0.557,0.876,0.671,0.538,0.752,0.354,0.311,0.752,0.559
398,0.869,0.566,0.269,0.715,0.309,0.937,0.369,0.288,0.439,0.266,0.616,0.446,0.013,0.323,0.469,0.432,0.906,0.392,0.696,0.564,0.85,0.663,0.915,0.131,0.153,0.881,0.463,0.989,0.711,0.58,0.812,0.553,0.481,0.551,0.299,0.522,0.215,0.02,0.757,0.546,0.533,0.037,0.626,0.684,0.931,0.071,0.531,0.698,0.486,0.495,0.987,0.607,0.909,0.221,0.194,0.638,0.148,0.826,0.63,0.888,0.748,0.617,0.972,0.781
