time,CP6,F7,CP2,FT8,P1,PO8,P9,P4,CPz,P6,FT7,AF8,Fp2,P2,CP5,Pz,O1,FC5,F8,P5,Oz,FC3,P3,PO7,F5,FC2,TP8,CP1,TP7,POz,CP3,T8,Fp1,FC1,F10,F1,C3,T7,C1,C2,C4,FC4,C6,C5,F2,F6,AF3,PO4,P10,P8,P7,PO3,Fz,AF7,FCz,CP4,F4,AF4,Cz,FC6,F9,F3,O2,AFz
-100,0.809,0.796,0.931,0.834,0.315,0.493,0.884,0.195,0.088,0.795,0.682,0.289,0.896,0.774,0.774,0.289,0.605,0.61,0.932,0.957,0.238,0.825,0.411,0.112,0.685,0.821,0.937,0.684,0.316,0.772,0.029,0.127,0.354,0.311,0.167,0.049,0.427,0.373,0.781,0.771,0.874,0.593,0.224,0.134,0.061,0.493,0.478,0.893,0.214,0.195,0.631,0.062,0.724,0.774,0.482,0.757,0.559,0.32,0.541,0.827,0.343,0.823,0.514,0.149
-98,0.452,0.203,0.34,0.886,0.396,0.696,0.339,0.725,0.705,0.867,0.048,0.05,0.656,0.468,0.623,0.508,0.629,0.315,0.447,0.544,0.258,0.149,0.582,0.763,0.028,0.801,0.552,0.338,0.881,0.352,0.256,0.675,0.778,0.942,0.583,0.344,0.858,0.256,0.83,0.595,0.125,0.047,0.967,0.394,0.3,0.419,0.285,0.655,0.338,0.649,0.112,0.256,0.979,0.226,0.743,0.307,0.173,0.109,0.969,0.699,0.57,0.428,0.266,0.424
-96,0.719,0.635,0.768,0.445,0.317,0.109,0.158,0.449,0.741,0.122,0.097,0.392,0.565,0.409,0.511,0.581,0.078,0.219,0.518,0.29,0.23,0.829,0.748,0.592,0.409,0.878,0.551,0.16,0.697,0.087,0.715,0.037,0.305,0.85,0.882,0.087,0.218,0.391,0.96,0.054,0.586,0.29,0.287,0.539,0.715,0.825,0.585,0.389,0.219,0.162,0.102,0.526,0.031,0.46,0.337,0.207,0.741,0.788,0.384,0.467,0.681,0.833,0.32,0.12
-94,0.908,0.227,0.87,0.178,0.315,0.063,0.024,0.312,0.215,0.299,0.756,0.952,0.045,0.222,0.929,0.246,0.246,0.209,0.321,0.822,0.882,0.735,0.995,0.367,0.007,0.809,0.302,0.174,0.278,0.473,0.114,0.58,0.622,0.222,0.066,0.535,0.876,0.895,0.321,0.304,0.115,0.113,0.937,0.501,0.338,0.552,0.336,0.844,0.79,0.501,0.157,0.817,0.492,0.667,0.709,0.847,0.965,0.888,0.655,0.437,0.632,0.458,0.302,0.956
-92,0.088,0.83,0.011,0.9,0.029,0.403,0.444,0.149,0.627,0.49,0.104,0.421,0.161,0.968,0.937,0.183,0.229,0.745,0.326,0.27,0.122,0.239,0.252,0.03,0.888,0.112,0.084,0.829,0.303,0.811,0.858,0.853,0.021,0.787,0.077,0.343,0.452,0.353,0.109,0.122,0.564,0.982,0.425,0.349,0.615,0.152,0.782,0.559,0.988,0.114,0.613,0.983,0.015,0.127,0.918,0.875,0.431,0.744,0.622,0.444,0.967,0.933,0.793,0.459
-90,0.439,0.001,0.262,0.948,0.126,0.186,0.837,0.599,0.147,0.526,0.526,0.598,0.77,0.113,0.563,0.235,0.458,0.572,0.344,0.504,0.902,0.711,0.606,0.072,0.083,0.709,0.531,0.835,0.477,0.563,0.566,0.986,0.072,0.164,0.372,0.143,0.048,0.981,0.228,0.186,0.197,0.471,0.857,0.169,0.91,0.785,0.746,0.333,0.672,0.67,0.631,0.834,0.879,0.153,0.831,0.336,0.36,0.719,0.771,0.044,0.274,0.538,0.003,0.189
-88,0.798,0.814,0.197,0.211,0.102,0.133,0.559,0.571,0.318,0.188,0.064,0.106,0.187,0.968,0.591,0.51,0.825,0.716,0.393,0.881,0.645,0.597,0.278,0.744,0.944,0.643,0.27,0.894,0.332,0.531,0.676,0.151,0.914,0.941,0.196,0.233,0.243,0.403,0.071,0.814,0.22,0.429,0.073,0.998,0.823,0.57,0.277,0.473,0.341,0.759,0.918,0.761,0.408,0.542,0.364,0.558,0.679,0.546,0.471,0.964,0.968,0.974,0.924,0.934
-86,0.996,0.089,0.436,0.918,0.847,0.581,0.428,0.039,0.364,0.073,0.387,0.664,0.719,0.714,0.106,0.463,0.168,0.299,0.247,0.411,0.898,0.197,0.655,0.583,0.583,0.162,0.831,0.803,0.668,0.352,0.176,0.201,0.843,0.878,0.221,0.88,0.743,0.336,0.084,0.971,0.139,0.197,0.275,0.58,0.072,0.027,0.25,0.386,0.014,0.88,0.089,0.454,0.592,0.096,0.582,0.13,0.421,0.212,0.581,0.872,0.049,0.663,0.247,0.146
-84,0.285,0.223,0.359,0.44,0.025,0.16,0.557,0.826,0.99,0.746,0.254,0.542,0.108,0.893,0.07,0.605,0.383,0.6,0.705,0.621,0.615,0.597,0.642,0.752,0.117,0.231,0.135,0.052,0.042,0.382,0.52,0.315,0.217,0.629,0.274,0.428,0.029,0.685,0.377,0.484,0.759,0.029,0.697,0.012,0.948,0.237,0.883,0.953,0.188,0.895,0.513,0.815,0.186,0.91,0.762,0.897,0.854,0.85,0.471,0.909,0.014,0.581,0.579,0.061
-82,0.951,0.864,0.053,0.753,0.957,0.053,0.384,0.161,0.332,0.404,0.242,0.09,0.197,0.679,0.173,0.791,0.103,0.265,0.813,0.263,0.082,0.582,0.005,0.517,0.418,0.896,0.884,0.453,0.461,0.396,0.178,0.275,0.882,0.454,0.367,0.537,0.695,0.647,0.415,0.79,0.591,0.758,0.522,0.276,0.678,0.382,0.998,0.836,0.806,0.766,0.638,0.387,0.543,0.649,0.072,0.258,0.568,0.245,0.878,0.623,0.319,0.172,0.559,0.412
-80,0.839,0.849,0.237,0.223,0.571,0.194,0.13,0.534,0.903,0.657,0.95,0.535,0.225,0.798,0.284,0.088,0.061,0.978,0.429,0.8,0.75,0.582,0.111,0.534,0.691,0.996,0.074,0.485,0.508,0.26,0.305,0.981,0.615,0.272,0.995,0.931,0.555,0.252,0.722,0.828,0.397,0.084,0.665,0.642,0.801,0.229,0.618,0.685,0.016,0.45,0.52,0.772,0.27,0.43,0.501,0.856,0.84,0.237,0.651,0.284,0.762,0.587,0.698,0.239
-78,0.566,0.915,0.186,0.553,0.767,0.084,0.622,0.834,0.718,0.82,0.614,0.288,0.293,0.451,0.174,0.77,0.665,0.671,0.763,0.271,0.605,0.921,0.166,0.343,0.02,0.181,0.653,0.608,0.195,0.179,0.166,0.804,0.187,0.424,0.004,0.111,0.938,0.164,0.249,0.938,0.09,0.069,0.15,0.052,0.174,0.414,0.065,0.429,0.903,0.601,0.548,0.359,0.868,0.068,0.191,0.0,0.176,0.869,0.298,0.072,0.259,0.688,0.554,0.178
-76,0.453,0.626,0.272,0.253,0.933,0.409,0.319,0.117,0.255,0.878,0.982,0.908,0.59,0.659,0.94,0.437,0.46,0.667,0.595,0.714,0.802,0.629,0.025,0.187,0.683,0.585,0.651,0.482,0.516,0.886,0.986,0.306,0.003,0.966,0.021,0.107,0.837,0.283,0.443,0.891,0.261,0.222,0.28,0.573,0.798,0.997,0.176,0.302,0.349,0.332,0.445,0.361,0.655,0.021,0.582,0.636,0.264,0.457,0.104,0.884,0.779,0.433,0.652,0.361
-74,0.28,0.501,0.426,0.122,0.673,0.66,0.246,0.6,0.812,0.142,0.738,0.412,0.879,0.045,0.746,0.234,0.237,0.535,0.012,0.572,0.677,0.279,0.19,0.636,0.148,0.018,0.512,0.011,0.144,0.578,0.836,0.449,0.385,0.618,0.592,0.86,0.551,0.086,0.252,0.937,0.903,0.496,0.646,0.605,0.369,0.945,0.145,0.536,0.157,0.273,0.667,0.262,0.996,0.268,0.134,0.304,0.293,0.91,0.807,0.134,0.655,0.242,0.483,0.06
-72,0.648,0.558,0.109,0.218,0.248,0.617,0.344,0.633,0.334,0.593,0.8,0.172,0.806,0.734,0.046,0.554,0.243,0.365,0.83,0.865,0.641,0.147,0.762,0.579,0.673,0.03,0.438,0.74,0.319,0.978,0.173,0.125,0.088,0.633,0.149,0.094,0.738,0.185,0.72,0.846,0.517,0.128,0.638,0.249,0.932,0.789,0.304,0.527,0.644,0.292,0.282,0.725,0.82,0.825,0.263,0.568,0.233,0.021,0.965,0.976,0.257,0.225,0.182,0.694
-70,0.76,0.01,0.358,0.846,0.151,0.502,0.28,0.668,0.591,0.364,0.308,0.153,0.394,0.828,0.923,0.413,0.241,0.812,0.332,0.973,0.75,0.071,0.355,0.303,0.868,0.386,0.306,0.528,0.555,0.074,0.669,0.962,0.86,0.154,0.735,0.163,0.274,0.293,0.147,0.196,0.995,0.678,0.907,0.046,0.933,0.171,0.117,0.687,0.257,0.991,0.117,0.48,0.106,0.717,0.81,0.671,0.279,0.636,0.556,0.385,0.836,0.821,0.125,0.456
-68,0.865,0.985,0.514,0.207,0.996,0.529,0.424,0.14,0.26,0.572,0.358,0.034,0.043,0.612,0.569,0.968,0.089,0.47,0.69,0.074,0.177,0.827,0.525,0.615,0.438,0.814,0.911,0.417,0.188,0.426,0.937,0.533,0.627,0.647,0.469,0.532,0.106,0.948,0.891,0.591,0.871,0.883,0.465,0.87,0.823,0.723,0.267,0.72,0.624,0.3,0.97,0.017,0.954,0.713,0.78,0.731,0.939,0.874,0.998,0.116,0.744,0.654,0.56,0.467
-66,0.466,0.895,0.584,0.495,0.201,0.208,0.043,0.161,0.339,0.997,0.841,0.819,0.475,0.121,0.269,0.033,0.624,0.696,0.432,0.817,0.745,0.067,0.335,0.653,0.329,0.719,0.465,0.221,0.101,0.081,0.105,0.472,0.247,0.423,0.978,0.947,0.722,0.008,0.858,0.471,0.48,0.628,0.935,0.368,0.916,0.44,0.778,0.453,0.748,0.146,0.424,0.998,0.377,0.861,0.562,0.968,0.42,0.437,0.568,0.542,0.072,0.759,0.457,0.821
-64,0.564,0.032,0.823,0.919,0.444,0.196,0.562,0.464,0.545,0.662,0.265,0.695,0.866,0.411,0.488,0.22,0.002,0.421,0.75,0.153,0.464,0.423,0.367,0.153,0.523,0.404,0.076,0.625,0.085,0.245,0.326,0.59,0.106,0.993,0.815,0.731,0.307,0.302,0.265,0.375,0.494,0.985,0.648,0.118,0.554,0.964,0.087,0.322,0.896,0.039,0.336,0.806,0.709,0.859,0.779,0.058,0.467,0.299,0.302,0.168,0.236,0.43,0.688,0.846
-62,0.787,0.523,0.151,0.46,0.594,0.767,0.81,0.951,0.029,0.604,0.694,0.006,0.661,0.887,0.445,0.217,0.036,0.144,0.363,0.763,0.233,0.732,0.143,0.292,0.611,0.197,0.267,0.155,0.176,0.601,0.869,0.803,0.89,0.307,0.623,0.3,0.479,0.469,0.236,0.946,0.065,0.347,0.768,0.984,0.069,0.385,0.116,0.442,0.793,0.419,0.457,0.248,0.478,0.288,0.194,0.734,0.078,0.097,0.916,0.855,0.612,0.352,0.773,0.874
-60,0.484,0.63,0.115,0.052,0.636,0.595,0.155,0.816,0.595,0.564,0.48,0.936,0.868,0.541,0.176,0.314,0.032,0.822,0.114,0.79,0.754,0.849,0.614,0.268,0.831,0.08,0.911,0.949,0.718,0.427,0.722,0.084,0.466,0.829,0.871,0.311,0.6,0.925,0.463,0.675,0.025,0.101,0.937,0.083,0.844,0.63,0.795,0.368,0.272,0.811,0.401,0.628,0.207,0.151,0.351,0.948,0.864,0.13,0.685,0.27,0.935,0.565,0.537,0.665
-58,0.256,0.424,0.948,0.023,0.536,0.042,0.396,0.092,0.974,0.499,0.77,0.615,0.008,0.678,0.351,0.298,0.454,0.607,0.859,0.698,0.505,0.196,0.716,0.943,0.607,0.25,0.053,0.418,0.108,0.536,0.614,0.782,0.076,0.972,0.577,0.168,0.029,0.863,0.813,0.12,0.289,0.611,0.844,0.462,0.949,0.882,0.895,0.082,0.78,0.318,0.482,0.623,0.249,0.424,0.42,0.587,0.957,0.467,0.033,0.128,0.857,0.89,0.895,0.453
-56,0.773,0.134,0.774,0.349,0.92,0.922,0.221,0.816,0.637,0.584,0.217,0.339,0.18,0.168,0.982,0.946,0.096,0.314,0.298,0.487,0.437,0.876,0.167,0.108,0.947,0.533,0.112,0.68,0.438,0.826,0.688,0.892,0.667,0.85,0.497,0.937,0.156,0.059,0.214,0.405,0.734,0.271,0.043,0.116,0.2,0.335,0.357,0.365,0.187,0.08,0.28,0.878,0.543,0.24,0.659,0.097,0.764,0.655,0.751,0.673,0.546,0.602,0.163,0.533
-54,0.66,0.921,0.706,0.158,0.335,0.154,0.039,0.253,0.147,0.404,0.823,0.312,0.182,0.537,0.927,0.965,0.876,0.317,0.806,0.204,0.873,0.539,0.645,0.167,0.399,0.458,0.354,0.507,0.919,0.846,0.77,0.173,0.38,0.414,0.032,0.105,0.78,0.64,0.647,0.468,0.909,0.385,0.928,0.408,0.902,0.753,0.602,0.253,0.924,0.126,0.301,0.506,0.824,0.407,0.376,0.876,0.796,0.984,0.936,0.078,0.614,0.322,0.031,0.691
-52,0.522,0.776,0.691,0.332,0.944,0.778,0.119,0.961,0.707,0.373,0.256,0.845,0.738,0.65,0.136,0.117,0.024,0.171,0.74,0.4,0.788,0.77,0.487,0.953,0.393,0.717,0.98,0.814,0.14,0.839,0.361,0.599,0.027,0.271,0.692,0.841,0.533,0.251,0.774,0.687,0.785,0.227,0.438,0.267,0.003,0.572,0.481,0.088,0.426,0.995,0.239,0.963,0.034,0.906,0.58,0.452,0.782,0.315,0.644,0.445,0.711,0.611,0.396,0.604
-50,0.442,0.811,0.35,0.76,0.774,0.636,0.516,0.044,0.939,0.248,0.383,0.307,0.386,0.393,0.342,0.055,0.587,0.439,0.819,0.245,0.66,0.574,0.444,0.604,0.983,0.898,0.363,0.176,0.008,0.629,0.765,0.06,0.801,0.427,0.265,0.321,0.276,0.487,0.288,0.856,0.499,0.471,0.016,0.753,0.538,0.862,0.151,0.263,0.087,0.508,0.162,0.685,0.023,0.249,0.888,0.942,0.663,0.134,0.108,0.106,0.113,0.927,0.987,0.276
-48,0.549,0.673,0.901,0.949,0.38,0.16,0.07,0.257,0.025,0.637,0.128,0.734,0.28,0.867,0.64,0.539,0.134,0.036,0.974,0.355,0.875,0.658,0.166,0.971,0.072,0.152,0.916,0.242,0.291,0.416,0.082,0.61,0.507,0.351,0.981,0.53,0.435,0.791,0.619,0.013,0.008,0.514,0.189,0.683,0.791,0.531,0.941,0.933,0.439,0.662,0.5,0.438,0.4,0.748,0.068,0.373,0.903,0.266,0.414,0.95,0.468,0.87,0.585,0.743
-46,0.914,0.653,0.897,0.09,0.915,0.622,0.185,0.341,0.221,0.036,0.907,0.848,0.5,0.108,0.636,0.923,0.067,0.351,0.853,0.154,0.676,0.892,0.636,0.512,0.049,0.726,0.285,0.082,0.475,0.47,0.833,0.175,0.196,0.792,0.471,0.299,0.132,0.964,0.033,0.517,0.624,0.983,0.295,0.956,0.665,0.905,0.679,0.322,0.758,0.051,0.299,0.757,0.083,0.743,0.903,0.887,0.532,0.863,0.104,0.459,0.8,0.66,0.406,0.196
-44,0.352,0.314,0.211,0.348,0.469,0.143,0.119,0.151,0.025,0.997,0.976,0.189,0.364,0.891,0.378,0.205,0.477,0.846,0.83,0.965,0.399,0.734,0.283,0.763,0.795,0.808,0.989,0.282,0.356,0.736,0.891,0.584,0.197,0.4,0.95,0.765,0.346,0.846,0.118,0.513,0.439,0.749,0.619,0.95,0.938,0.684,0.631,0.167,0.458,0.253,0.199,0.358,0.309,0.7,0.137,0.109,0.17,0.284,0.261,0.008,0.56,0.195,0.849,0.587
-42,0.159,0.114,0.786,0.279,0.04,0.412,0.385,0.821,0.695,0.83,0.685,0.605,0.576,0.718,0.903,0.567,0.154,0.129,0.523,0.463,0.634,0.891,0.238,0.953,0.016,0.028,0.626,0.777,0.132,0.394,0.222,0.807,0.862,0.32,0.65,0.926,0.614,0.513,0.659,0.996,0.494,0.061,0.094,0.366,0.203,0.471,0.713,0.078,0.549,0.607,0.045,0.367,0.594,0.787,0.854,0.451,0.313,0.259,0.554,0.515,0.393,0.254,0.524,0.019
-40,0.312,0.485,0.76,0.283,0.218,0.22,0.069,0.743,0.778,0.972,0.426,0.394,0.522,0.523,0.042,0.855,0.205,0.419,0.859,0.929,0.642,0.719,0.65,0.489,0.837,0.284,0.198,0.533,0.975,0.133,0.857,0.857,0.501,0.166,0.162,0.984,0.746,0.868,0.205,0.721,0.981,0.295,0.536,0.268,0.467,0.668,0.511,0.115,0.29,0.877,0.959,0.115,0.213,0.659,0.701,0.328,0.982,0.342,0.719,0.363,0.734,0.62,0.39,0.314
-38,0.903,0.884,0.124,0.59,0.367,0.451,0.555,0.772,0.085,0.286,0.741,0.651,0.105,0.768,0.85,0.23,0.021,0.332,0.893,0.62,0.347,0.727,0.906,0.09,0.186,0.371,0.453,0.174,0.33,0.207,0.318,0.605,0.004,0.415,0.304,0.997,0.062,0.175,0.493,0.931,0.066,0.36,0.73,0.631,0.285,0.244,0.315,0.189,0.152,0.346,0.301,0.442,0.049,0.071,0.331,0.812,0.079,0.867,0.452,0.349,0.849,0.084,0.925,0.326
-36,0.2,0.776,0.211,0.757,0.242,0.964,0.552,0.846,0.103,0.74,0.214,0.659,0.93,0.697,0.287,0.074,0.653,0.998,0.517,0.073,0.748,0.573,0.96,0.392,0.074,0.005,0.402,0.626,0.353,0.18,0.14,0.578,0.226,0.757,0.447,0.414,0.307,0.529,0.109,0.781,0.353,0.17,0.539,0.975,0.792,0.994,0.154,0.132,0.887,0.766,0.235,0.06,0.456,0.665,0.752,0.259,0.38,0.282,0.318,0.532,0.782,0.829,0.984,0.694
-34,0.458,0.607,0.504,0.639,0.808,0.433,0.551,0.853,0.419,0.736,0.323,0.062,0.308,0.209,0.815,0.561,0.948,0.365,0.977,0.766,0.788,0.961,0.528,0.975,0.423,0.673,0.84,0.265,0.658,0.125,0.924,0.817,0.624,0.78,0.406,0.735,0.032,0.203,0.294,0.657,0.606,0.548,0.075,0.036,0.458,0.662,0.381,0.084,0.893,0.857,0.26,0.74,0.632,0.531,0.381,0.283,0.999,0.224,0.218,0.569,0.452,0.448,0.436,0.079
-32,0.462,0.852,0.988,0.461,0.302,0.645,0.726,0.483,0.543,0.757,0.483,0.131,0.045,0.575,0.496,0.649,0.012,0.925,0.604,0.781,0.816,0.144,0.259,0.602,0.06,0.622,0.857,0.018,0.368,0.697,0.041,0.928,0.575,0.29,0.952,0.711,0.253,0.349,0.804,0.384,0.397,0.197,0.328,0.663,0.19,0.225,0.818,0.238,0.486,0.034,0.603,0.09,0.97,0.55,0.905,0.063,0.972,0.428,0.762,0.472,0.686,0.358,0.723,0.846
-30,0.548,0.38,0.555,0.335,0.031,0.937,0.641,0.364,0.024,0.118,0.63,0.678,0.198,0.191,0.864,0.006,0.544,0.233,0.631,0.046,0.509,0.182,0.774,0.953,0.805,0.986,0.497,0.522,0.588,0.695,0.998,0.771,0.088,0.483,0.949,0.242,0.621,0.981,0.584,0.473,0.205,0.62,0.52,0.431,0.173,0.264,0.205,0.274,0.394,0.331,0.612,0.299,0.721,0.343,0.907,0.883,0.444,0.442,0.867,0.025,0.553,0.113,0.507,0.888
-28,0.885,0.782,0.221,0.307,0.6,0.776,0.375,0.658,0.112,0.185,0.433,0.576,0.614,0.967,0.294,0.053,0.133,0.229,0.02,0.956,0.648,0.833,0.066,0.417,0.838,0.662,0.059,0.149,0.503,0.196,0.871,0.087,0.803,0.491,0.477,0.292,0.453,0.779,0.325,0.863,0.697,0.662,0.028,0.841,0.465,0.948,0.135,0.494,0.769,0.163,0.811,0.07,0.368,0.868,0.697,0.725,0.859,0.356,0.486,0.962,0.733,0.174,0.327,0.944
-26,0.928,0.634,0.387,0.38,0.222,0.956,0.355,0.032,0.851,0.959,0.059,0.332,0.782,0.288,0.534,0.76,0.447,0.55,0.943,0.745,0.399,0.51,0.466,0.176,0.249,0.259,0.935,0.49,0.683,0.126,0.607,0.497,0.466,0.362,0.685,0.632,0.783,0.204,0.334,0.413,0.894,0.484,0.667,0.108,0.214,0.485,0.262,0.478,0.5,0.971,0.305,0.706,0.485,0.966,0.83,0.149,0.66,0.904,0.127,0.723,0.978,0.707,0.164,0.404
-24,0.197,0.266,0.632,0.252,0.318,0.787,0.943,0.018,0.79,0.498,0.697,0.719,0.954,0.49,0.533,0.125,0.089,0.701,0.025,0.309,0.889,0.463,0.272,0.413,0.785,0.22,0.88,0.202,0.968,0.232,0.056,0.252,0.852,0.615,0.34,0.721,0.908,0.692,0.604,0.829,0.369,0.795,0.206,0.319,0.141,0.99,0.044,0.721,0.719,0.057,0.112,0.099,0.843,0.773,0.836,0.019,0.84,0.315,0.024,0.514,0.237,0.638,0.074,0.084
-22,0.075,0.777,0.374,0.509,0.099,0.489,0.268,0.64,0.91,0.179,0.165,0.717,0.561,0.277,0.019,0.586,0.902,0.604,0.032,0.488,0.662,0.668,0.512,0.285,0.222,0.541,0.088,0.493,0.841,0.293,0.409,0.199,0.382,0.176,0.11,0.624,0.275,0.53,0.125,0.744,0.669,0.956,0.011,0.623,0.703,0.428,0.91,0.596,0.3,0.434,0.047,0.268,0.471,0.683,0.703,0.554,0.924,0.285,0.548,0.406,0.503,0.678,0.739,0.351
-20,0.339,0.123,0.403,0.646,0.199,0.738,0.601,0.398,0.401,0.933,0.736,0.121,0.11,0.714,0.008,0.976,0.307,0.61,0.171,0.182,0.557,0.296,0.421,0.302,0.555,0.195,0.991,0.424,0.13,0.217,0.277,0.815,0.66,0.354,0.577,0.91,0.636,0.21,0.573,0.83,0.171,0.888,0.748,0.116,0.037,0.481,0.04,0.614,0.999,0.501,0.439,0.577,0.08,0.06,0.438,0.071,0.425,0.351,0.593,0.699,0.619,0.778,0.155,0.758
-18,0.887,0.708,0.233,0.174,0.705,0.9,0.397,0.193,0.425,0.592,0.225,0.627,0.268,0.914,0.571,0.801,0.844,0.811,0.992,0.769,0.594,0.871,0.936,0.415,0.497,0.507,0.711,0.494,0.033,0.03,0.527,0.665,0.937,0.786,0.917,0.548,0.675,0.942,0.126,0.442,0.557,0.588,0.474,0.265,0.952,0.319,0.105,0.538,0.733,0.608,0.93,0.774,0.432,0.674,0.877,0.219,0.388,0.621,0.692,0.229,0.605,0.494,0.878,0.531
-16,0.248,0.765,0.303,0.382,0.244,0.877,0.549,0.098,0.683,0.504,0.825,0.062,0.95,0.291,0.384,0.768,0.087,0.589,0.337,0.805,0.987,0.854,0.512,0.092,0.455,0.384,0.775,0.554,0.342,0.214,0.229,0.025,0.158,0.918,0.392,0.213,0.027,0.122,0.593,0.825,0.455,0.729,0.498,0.571,0.51,0.798,0.298,0.694,0.626,0.654,0.165,0.721,0.777,0.805,0.023,0.91,0.096,0.914,0.107,0.234,0.783,0.335,0.102,0.896
-14,0.904,0.08,0.041,0.044,0.452,0.06,0.882,0.942,0.331,0.606,0.189,0.336,0.353,0.533,0.77,0.697,0.715,0.29,0.512,0.83,0.057,0.95,0.597,0.341,0.315,0.166,0.191,0.088,0.564,0.798,0.653,0.867,0.895,0.335,0.535,0.693,0.825,0.179,0.445,0.615,0.166,0.982,0.055,0.338,0.911,0.619,0.611,0.576,0.597,0.5,0.922,0.395,0.873,0.212,0.176,0.883,0.957,0.274,0.481,0.207,0.452,0.055,0.236,0.413
-12,0.334,0.271,0.532,0.437,0.175,0.75,0.947,0.063,0.571,0.43,0.413,0.315,0.456,0.063,0.532,0.257,0.468,0.07,0.678,0.078,0.747,0.749,0.608,0.149,0.653,0.909,0.265,0.065,0.153,0.114,0.068,0.982,0.856,0.892,0.783,0.413,0.918,0.025,0.958,0.575,0.704,0.292,0.538,0.898,0.874,0.048,0.047,0.094,0.358,0.981,0.741,0.327,0.016,0.142,0.473,0.976,0.722,0.136,0.382,0.146,0.165,0.637,0.399,0.742
-10,0.006,0.169,0.11,0.442,0.112,0.166,0.489,0.212,0.057,0.534,0.734,0.256,0.122,0.104,0.868,0.877,0.216,0.97,0.484,0.375,0.363,0.866,0.112,0.869,0.151,0.526,0.742,0.84,0.671,0.186,0.455,0.487,0.1,0.949,0.669,0.238,0.694,0.126,0.981,0.25,0.783,0.068,0.091,0.628,0.17,0.386,0.111,0.482,0.566,0.83,0.836,0.17,0.427,0.961,0.171,0.773,0.217,0.698,0.285,0.661,0.395,0.484,0.835,0.143
-8,0.569,0.951,0.171,0.78,0.79,0.267,0.024,0.45,0.873,0.881,0.641,0.35,0.647,0.559,0.985,0.748,0.046,0.557,0.206,0.806,0.395,0.123,0.791,0.405,0.827,0.994,0.84,0.67,0.421,0.053,0.68,0.178,0.862,0.846,0.395,0.997,0.397,0.644,0.434,0.465,0.144,0.497,0.083,0.077,0.71,0.731,0.394,0.774,0.675,0.047,0.722,0.133,0.292,0.726,0.628,0.53,0.009,0.752,0.391,0.204,0.816,0.784,0.596,0.396
-6,0.473,0.171,0.699,0.213,0.606,0.984,0.996,0.974,0.863,0.059,0.571,0.141,0.725,0.682,0.364,0.323,0.79,0.94,0.702,0.878,0.41,0.725,0.346,0.366,0.177,0.783,0.67,0.237,0.225,0.355,0.7,0.933,0.843,0.577,0.614,0.032,0.057,0.237,0.947,0.637,0.128,0.076,0.087,0.839,0.603,0.146,0.032,0.027,0.945,0.69,0.286,0.188,0.505,0.991,0.985,0.5,0.138,0.038,0.033,0.182,0.73,0.904,0.453,0.409
-4,0.45,0.862,0.212,0.516,0.674,0.791,0.545,0.579,0.518,0.046,0.198,0.762,0.539,0.355,0.913,0.864,0.631,0.138,0.019,0.977,0.875,0.307,0.03,0.736,0.093,0.686,0.261,0.33,0.015,0.121,0.729,0.608,0.562,0.659,0.711,0.709,0.246,0.96,0.439,0.947,0.459,0.928,0.696,0.553,0.933,0.104,0.396,0.214,0.523,0.822,0.582,0.824,0.588,0.604,0.677,0.777,0.449,0.795,0.295,0.893,0.475,0.831,0.155,0.754
-2,0.908,0.797,0.548,0.444,0.591,0.031,0.278,0.825,0.421,0.478,0.7,0.0,0.527,0.613,0.712,0.059,0.34,0.172,0.889,0.628,0.936,0.888,0.648,0.453,0.435,0.832,0.913,0.863,0.958,0.196,0.674,0.156,0.601,0.151,0.94,0.97,0.036,0.378,0.514,0.915,0.811,0.531,0.848,0.983,0.266,0.208,0.532,0.257,0.412,0.521,0.018,0.374,0.312,0.613,0.465,0.489,0.58,0.788,0.198,0.468,0.289,0.386,0.756,0.221
0,0.135,0.399,0.033,0.865,0.134,0.831,0.52,0.526,0.073,0.681,0.35,0.748,0.256,0.831,0.668,0.154,0.209,0.993,0.703,0.268,0.797,0.921,0.013,0.794,0.825,0.426,0.194,0.795,0.137,0.735,0.967,0.932,0.399,0.034,0.106,0.591,0.355,0.834,0.956,0.728,0.67,0.044,0.415,0.827,0.87,0.74,0.568,0.76,0.489,0.612,0.283,0.65,0.582,0.422,0.22,0.076,0.19,0.176,0.488,0.716,0.199,0.779,0.381,0.552
2,0.63,0.006,0.017,0.174,0.814,0.922,0.939,0.976,0.596,0.506,0.519,0.467,0.92,0.032,0.242,0.379,0.189,0.44,0.93,0.485,0.456,0.306,0.49,0.114,0.075,0.143,0.405,0.284,0.002,0.187,0.384,0.314,0.709,0.868,0.878,0.97,0.154,0.469,0.515,0.997,0.482,0.003,0.344,0.129,0.201,0.51,0.821,0.793,0.364,0.629,0.086,0.666,0.563,0.024,0.188,0.129,0.074,0.588,0.16,0.533,0.018,0.292,0.655,0.7
4,0.869,0.359,0.827,0.262,0.506,0.826,0.929,0.583,0.217,0.929,0.703,0.249,0.339,0.697,0.736,0.703,0.827,0.033,0.581,0.029,0.961,0.02,0.562,0.678,0.886,0.747,0.509,0.4,0.561,0.324,0.175,0.817,0.084,0.745,0.895,0.016,0.761,0.914,0.212,0.215,0.75,0.607,0.179,0.254,0.705,0.938,0.245,0.808,0.078,0.978,0.227,0.775,0.116,0.984,0.363,0.425,0.494,0.756,0.021,0.338,0.695,0.565,0.346,0.766
6,0.621,0.073,0.203,0.242,0.227,0.435,0.457,0.529,0.65,0.51,0.38,0.444,0.611,0.54,0.596,0.515,0.379,0.628,0.743,0.199,0.017,0.355,0.566,0.957,0.264,0.367,0.116,0.255,0.803,0.744,0.45,0.027,0.888,0.185,0.942,0.048,0.981,0.867,0.677,0.032,0.976,0.506,0.616,0.412,0.779,0.461,0.563,0.308,0.959,0.271,0.075,0.582,0.641,0.936,0.551,0.64,0.902,0.514,0.563,0.364,0.909,0.377,0.109,0.195
8,0.453,0.922,0.585,0.939,0.381,0.277,0.092,0.332,0.369,0.283,0.917,0.852,0.172,0.928,0.584,0.605,0.515,0.557,0.132,0.307,0.128,0.713,0.646,0.544,0.654,0.441,0.678,0.298,0.236,0.618,0.764,0.29,0.104,0.071,0.27,0.408,0.633,0.091,0.531,0.465,0.25,0.574,0.792,0.57,0.862,0.826,0.56,0.174,0.597,0.667,0.005,0.173,0.866,0.693,0.923,0.147,0.913,0.345,0.301,0.396,0.679,0.415,0.238,0.782
10,0.227,0.495,0.277,0.898,0.525,0.485,0.61,0.688,0.022,0.113,0.09,0.327,0.409,0.896,0.94,0.701,0.586,0.602,0.328,0.811,0.456,0.907,0.104,0.405,0.265,0.092,0.83,0.298,0.004,0.703,0.071,0.364,0.017,0.791,0.97,0.42,0.584,0.584,0.808,0.012,0.223,0.518,0.869,0.348,0.899,0.243,0.747,0.226,0.762,0.298,0.307,0.02,0.918,0.689,0.649,0.729,0.632,0.34,0.354,0.968,0.912,0.259,0.088,0.274
12,0.487,0.054,0.773,0.499,0.211,0.758,0.694,0.616,0.503,0.822,0.001,0.615,0.938,0.074,0.155,0.302,0.569,0.367,0.083,0.408,0.152,0.473,0.754,0.848,0.563,0.136,0.037,0.031,0.27,0.801,0.85,0.086,0.434,0.772,0.768,0.062,0.024,0.257,0.106,0.601,0.793,0.062,0.446,0.052,0.78,0.305,0.036,0.06,0.68,0.383,0.131,0.262,0.164,0.519,0.871,0.267,0.872,0.211,0.788,0.22,0.985,0.611,0.781,0.663
14,0.576,0.869,0.804,0.809,0.572,0.636,0.279,0.496,0.188,0.347,0.356,0.575,0.876,0.608,0.607,0.031,0.701,0.36,0.272,0.164,0.721,0.855,0.212,0.497,0.346,0.608,0.223,0.572,0.107,0.872,0.27,0.264,0.329,0.781,0.16,0.795,0.273,0.109,0.901,0.349,0.513,0.564,0.58,0.76,0.257,0.239,0.427,0.001,0.202,0.439,0.505,0.883,0.248,0.058,0.324,0.264,0.816,0.66,0.833,0.301,0.829,0.589,0.113,0.396
16,0.883,0.267,0.429,0.685,0.067,0.993,0.787,0.836,0.583,0.75,0.27,0.041,0.635,0.846,0.792,0.106,0.595,0.297,0.063,0.119,0.73,0.619,0.612,0.689,0.284,0.117,0.357,0.171,0.791,0.034,0.758,0.86,0.663,0.534,0.989,0.786,0.138,0.491,0.591,0.386,0.492,0.787,0.359,0.214,0.895,0.759,0.925,0.391,0.187,0.657,0.227,0.326,0.585,0.311,0.354,0.542,0.882,0.589,0.775,0.775,0.005,0.673,0.597,0.236
18,0.998,0.157,0.335,0.245,0.549,0.641,0.633,0.584,0.169,0.826,0.767,0.611,0.224,0.717,0.06,0.436,0.845,0.392,0.687,0.572,0.583,0.201,0.594,0.393,0.356,0.41,0.549,0.288,0.816,0.706,0.541,0.304,0.146,0.112,0.754,0.766,0.337,0.777,0.047,0.734,0.237,0.842,0.032,0.014,0.387,0.533,0.53,0.085,0.996,0.301,0.472,0.171,0.185,0.083,0.33,0.423,0.965,0.555,0.531,0.541,0.892,0.027,0.514,0.87
20,0.047,0.212,0.636,0.639,0.261,0.552,0.587,0.405,0.435,0.464,0.761,0.535,0.565,0.915,0.802,0.077,0.595,0.044,0.785,0.312,0.645,0.383,0.958,0.575,0.37,0.611,0.02,0.3,0.546,0.818,0.437,0.808,0.214,0.093,0.296,0.931,0.413,0.106,0.593,0.697,0.276,0.266,0.549,0.872,0.011,0.64,0.606,0.462,0.136,0.602,0.373,0.722,0.242,0.841,0.946,0.593,0.779,0.823,0.17,0.989,0.406,0.803,0.269,0.593
22,0.039,0.942,0.528,0.349,0.158,0.178,0.551,0.918,0.29,0.904,0.078,0.505,0.925,0.896,0.063,0.501,0.25,0.088,0.432,0.499,0.845,0.962,0.513,0.699,0.998,0.415,0.066,0.75,0.794,0.555,0.961,0.95,0.898,0.931,0.603,0.54,0.371,0.219,0.525,0.553,0.905,0.207,0.319,0.687,0.951,0.939,0.394,0.261,0.622,0.556,0.33,0.087,0.403,0.247,0.279,0.28,0.025,0.861,0.642,0.484,0.351,0.368,0.58,0.573
24,0.004,0.069,0.212,0.016,0.869,0.37,0.125,0.728,0.118,0.392,0.999,0.713,0.488,0.61,0.939,0.758,0.485,0.137,0.59,0.033,0.916,0.767,0.755,0.219,0.198,0.637,0.943,0.718,0.617,0.843,0.727,0.137,0.395,0.392,0.027,0.775,0.055,0.193,0.85,0.725,0.897,0.215,0.419,0.229,0.676,0.062,0.803,0.17,0.353,0.497,0.776,0.046,0.762,0.756,0.885,0.142,0.148,0.326,0.992,0.136,0.404,0.834,0.598,0.215
26,0.636,0.165,0.231,0.971,0.111,0.394,0.843,0.233,0.763,0.516,0.532,0.9,0.996,0.244,0.375,0.039,0.045,0.526,0.712,0.641,0.838,0.087,0.286,0.554,0.384,0.837,0.272,0.197,0.899,0.739,0.579,0.463,0.201,0.946,0.796,0.617,0.313,0.075,0.438,0.57,0.645,0.366,0.376,0.173,0.393,0.204,0.05,0.423,0.576,0.188,0.362,0.532,0.025,0.46,0.919,0.479,0.803,0.914,0.286,0.492,0.553,0.875,0.559,0.48
28,0.93,0.913,0.385,0.389,0.451,0.281,0.102,0.607,0.16,0.384,0.665,0.284,0.999,0.889,0.019,0.135,0.344,0.075,0.278,0.545,0.706,0.266,0.626,0.608,0.812,0.445,0.57,0.659,0.895,0.709,0.225,0.146,0.112,0.66,0.837,0.448,0.411,0.61,0.386,0.955,0.318,0.831,0.864,0.594,0.196,0.3,0.197,0.479,0.38,0.292,0.023,0.852,0.213,0.632,0.167,0.747,0.45,0.225,0.985,0.288,0.615,0.379,0.809,0.155
30,0.802,0.424,0.123,0.38,0.666,0.64,0.354,0.937,0.571,0.741,0.121,0.841,0.949,0.051,0.302,0.37,0.06,0.651,0.974,0.259,0.234,0.73,0.429,0.389,0.955,0.647,0.554,0.709,0.851,0.367,0.872,0.38,0.354,0.079,0.75,0.428,0.165,0.891,0.719,0.06,0.674,0.007,0.56,0.917,0.108,0.493,0.322,0.545,0.122,0.721,0.815,0.127,0.746,0.687,0.833,0.757,0.75,0.742,0.301,0.782,0.643,0.998,0.187,0.02
32,0.623,0.069,0.558,0.869,0.524,0.042,0.719,0.126,0.015,0.597,0.569,0.961,0.448,0.772,0.628,0.887,0.905,0.666,0.028,0.579,0.56,0.017,0.424,0.242,0.349,0.874,0.76,0.211,0.153,0.426,0.561,0.829,0.31,0.24,0.119,0.208,0.01,0.823,0.155,0.832,0.01,0.081,0.173,0.207,0.358,0.263,0.237,0.446,0.876,0.507,0.222,0.114,0.761,0.388,0.541,0.837,0.158,0.441,0.508,0.424,0.471,0.959,0.825,0.636
34,0.833,0.624,0.373,0.92,0.973,0.056,0.658,0.187,0.291,0.76,0.125,0.073,0.412,0.932,0.156,0.769,0.837,0.247,0.155,0.175,0.44,0.993,0.019,0.136,0.758,0.145,0.497,0.812,0.361,0.062,0.722,0.389,0.401,0.053,0.352,0.032,0.49,0.645,0.531,0.084,0.181,0.139,0.39,0.203,0.916,0.385,0.022,0.583,0.729,0.985,0.836,0.81,0.32,0.083,0.003,0.543,0.939,0.548,0.383,0.473,0.008,0.578,0.11,0.374
36,0.593,0.41,0.069,0.831,0.204,0.69,0.4,0.838,0.937,0.76,0.28,0.762,0.104,0.281,0.419,0.51,0.988,0.981,0.944,0.1,0.335,0.491,0.723,0.712,0.93,0.401,0.667,0.546,0.29,0.051,0.122,0.234,0.583,0.506,0.18,0.348,0.733,0.522,0.93,0.535,0.927,0.832,0.269,0.503,0.067,0.016,0.284,0.207,0.417,0.117,0.411,0.847,0.97,0.023,0.458,0.308,0.916,0.773,0.452,0.846,0.524,0.625,0.102,0.766
38,0.214,0.482,0.121,0.551,0.37,0.435,0.588,0.901,0.162,0.74,0.338,0.696,0.657,0.713,0.28,0.573,0.6,0.069,0.166,0.958,0.242,0.744,0.151,0.891,0.525,0.181,0.599,0.451,0.773,0.509,0.974,0.459,0.289,0.089,0.173,0.927,0.244,0.537,0.495,0.165,0.547,0.317,0.042,0.768,0.424,0.157,0.234,0.47,0.314,0.116,0.565,0.337,0.55,0.3,0.765,0.903,0.396,0.797,0.31,0.947,0.896,0.239,0.615,0.215
40,0.039,0.87,0.111,0.359,0.137,0.632,0.908,0.339,0.867,0.058,0.871,0.727,0.488,0.164,0.512,0.927,0.793,0.883,0.275,0.83,0.063,0.2,0.419,0.126,0.559,0.066,0.166,0.573,0.202,0.664,0.237,0.284,0.287,0.714,0.33,0.554,0.341,0.217,0.467,0.246,0.758,0.192,0.835,0.408,0.95,0.148,0.766,0.431,0.357,0.505,0.03,0.952,0.962,0.381,0.862,0.965,0.244,0.963,0.09,0.374,0.672,0.728,0.316,0.001
42,0.789,0.419,0.645,0.772,0.586,0.87,0.886,0.919,0.591,0.813,0.762,0.304,0.532,0.568,0.496,0.165,0.533,0.02,0.03,0.458,0.64,0.237,0.65,0.846,0.624,0.224,0.435,0.194,0.879,0.602,0.804,0.991,0.393,0.565,0.952,0.866,0.633,0.187,0.026,0.793,0.879,0.472,0.703,0.552,0.733,0.173,0.927,0.294,0.635,0.405,0.981,0.591,0.836,0.722,0.103,0.355,0.923,0.093,0.964,0.236,0.012,0.321,0.332,0.57
44,0.886,0.807,0.844,0.908,0.415,0.254,0.728,0.582,0.914,0.964,0.004,0.874,0.712,0.904,0.034,0.392,0.144,0.394,0.603,0.793,0.559,0.309,0.745,0.354,0.534,0.29,0.48,0.298,0.6,0.249,0.401,0.989,0.565,0.693,0.594,0.156,0.971,0.46,0.588,0.184,0.663,0.12,0.353,0.058,0.224,0.667,0.83,0.254,0.97,0.355,0.789,0.534,0.144,0.104,0.868,0.338,0.451,0.853,0.046,0.888,0.915,0.045,0.923,0.904
46,0.308,0.184,0.89,0.459,0.289,0.592,0.632,0.796,0.374,0.446,0.8,0.021,0.346,0.807,0.579,0.598,0.325,0.458,0.83,0.276,0.608,0.558,0.349,0.556,0.524,0.81,0.87,0.316,0.042,0.582,0.5,0.931,0.061,0.015,0.075,0.048,0.905,0.675,0.839,0.293,0.986,0.482,0.968,0.52,0.726,0.666,0.538,0.34,0.586,0.877,0.332,0.613,0.433,0.824,0.902,0.464,0.3,0.375,0.13,0.007,0.233,0.311,0.87,0.845
48,0.147,0.304,0.39,0.938,0.424,0.629,0.34,0.517,0.072,0.853,0.77,0.744,0.358,0.384,0.104,0.701,0.523,0.795,0.338,0.625,0.617,0.077,0.204,0.591,0.51,0.898,0.878,0.333,0.938,0.121,0.572,0.181,0.46,0.695,0.177,0.845,0.669,0.315,0.695,0.171,0.62,0.275,0.108,0.835,0.141,0.885,0.277,0.95,0.821,0.622,0.513,0.959,0.747,0.56,0.447,0.789,0.331,0.864,0.103,0.155,0.713,0.92,0.17,0.927
50,0.833,0.825,0.908,0.391,0.912,0.995,0.737,0.773,0.574,0.273,0.303,0.747,0.903,0.907,0.312,0.539,0.463,0.35,0.742,0.322,0.937,0.35,0.443,0.6,0.216,0.549,0.052,0.893,0.335,0.853,0.035,0.508,0.926,0.391,0.033,0.441,0.354,0.906,0.424,0.803,0.215,0.257,0.173,0.156,0.518,0.739,0.825,0.057,0.393,0.86,0.022,0.484,0.928,0.653,0.057,0.311,0.507,0.024,0.342,0.277,0.18,0.81,0.383,0.625
52,0.649,0.286,0.928,0.14,0.366,0.593,0.947,0.489,0.726,0.231,0.751,0.254,0.819,0.057,0.778,0.162,0.83,0.292,0.26,0.177,0.961,0.312,0.093,0.999,0.497,0.462,0.558,0.328,0.349,0.413,0.339,0.05,0.858,0.9,0.823,0.844,0.9,0.152,0.081,0.697,0.789,0.655,0.567,0.038,0.789,0.63,0.695,0.672,0.292,0.27,0.779,0.901,0.602,0.907,0.122,0.491,0.741,0.599,0.348,0.3,0.829,0.826,0.219,0.402
54,0.09,0.799,0.806,0.481,0.883,0.812,0.607,0.938,0.464,0.908,0.009,0.518,0.679,0.036,0.647,0.141,0.273,0.268,0.251,0.896,0.327,0.42,0.721,0.904,0.646,0.913,0.335,0.67,0.493,0.916,0.645,0.23,0.755,0.319,0.693,0.918,0.633,0.705,0.46,0.895,0.263,0.952,0.799,0.049,0.924,0.357,0.465,0.692,0.492,0.903,0.305,0.75,0.982,0.717,0.146,0.445,0.489,0.554,0.477,0.408,0.955,0.848,0.872,0.092
56,0.521,0.912,0.086,0.352,0.181,0.24,0.176,0.93,0.697,0.638,0.334,0.963,0.332,0.602,0.972,0.13,0.123,0.286,0.617,0.227,0.806,0.85,0.127,0.262,0.282,0.01,0.681,0.842,0.411,0.338,0.995,0.711,0.336,0.166,0.259,0.795,0.884,0.683,0.925,0.492,0.083,0.151,0.308,0.471,0.414,0.513,0.652,0.818,0.657,0.078,0.302,0.552,0.043,0.243,0.344,0.607,0.461,0.509,0.355,0.651,0.378,0.056,0.877,0.027
58,0.439,0.203,0.07,0.154,0.333,0.588,0.254,0.459,0.503,0.232,0.697,0.227,0.236,0.341,0.333,0.767,0.182,0.623,0.581,0.999,0.294,0.939,0.806,0.095,0.771,0.558,0.069,0.494,0.743,0.139,0.785,0.176,0.183,0.155,0.516,0.951,0.238,0.49,0.186,0.679,0.084,0.175,0.072,0.619,0.349,0.999,0.975,0.74,0.699,0.423,0.213,0.38,0.97,0.863,0.113,0.167,0.244,0.124,0.851,0.887,0.377,0.141,0.643,0.076
60,0.203,0.262,0.093,0.011,0.601,0.992,0.826,0.182,0.632,0.72,0.012,0.061,0.315,0.656,0.919,0.007,0.802,0.094,0.043,0.23,0.068,0.888,0.172,0.146,0.107,0.816,0.728,0.478,0.2,0.14,0.569,0.648,0.832,0.299,0.183,0.457,0.453,0.07,0.797,0.667,0.198,0.025,0.063,0.286,0.795,0.971,0.226,0.476,0.355,0.037,0.653,0.456,0.836,0.727,0.815,0.416,0.075,0.35,0.759,0.299,0.43,0.281,0.346,0.731
62,0.147,0.162,0.484,0.795,0.741,0.747,0.594,0.214,0.442,0.553,0.759,0.839,0.291,0.96,0.073,0.27,0.82,0.08,0.341,0.277,0.123,0.224,0.499,0.879,0.622,0.638,0.868,0.4,0.986,0.431,0.753,0.992,0.276,0.948,0.308,0.4,0.068,0.742,0.475,0.279,0.664,0.979,0.74,0.599,0.702,0.577,0.114,0.064,0.081,0.142,0.631,0.926,0.89,0.077,0.768,0.859,0.461,0.013,0.549,0.145,0.335,0.18,0.58,0.742
64,0.744,0.793,0.036,0.455,0.971,0.345,0.446,0.654,0.536,0.286,0.81,0.982,0.115,0.815,0.298,0.043,0.17,0.993,0.58,0.779,0.76,0.035,0.398,0.224,0.17,0.55,0.159,0.285,0.845,0.313,0.142,0.513,0.982,0.236,0.211,0.494,0.303,0.029,0.962,0.66,0.42,0.485,0.127,0.046,0.973,0.094,0.911,0.302,0.88,0.731,0.36,0.378,0.956,0.162,0.744,0.028,0.897,0.124,0.88,0.498,0.847,0.202,0.996,0.879
66,0.154,0.904,0.138,0.876,0.671,0.283,0.956,0.789,0.063,0.529,0.694,0.777,0.853,0.134,0.046,0.495,0.256,0.054,0.444,0.25,0.049,0.447,0.377,0.883,0.471,0.074,0.827,0.142,0.533,0.039,0.672,0.274,0.467,0.097,0.904,0.687,0.02,0.363,0.031,0.722,0.775,0.891,0.412,0.397,0.662,0.378,0.379,0.225,0.728,0.059,0.953,0.505,0.111,0.131,0.511,0.305,0.016,0.27,0.682,0.563,0.283,0.437,0.246,0.535
68,0.231,0.51,0.711,0.755,0.772,0.518,0.058,0.67,0.095,0.441,0.445,0.355,0.887,0.258,0.655,0.796,0.036,0.801,0.168,0.12,0.132,0.523,0.778,0.387,0.934,0.737,0.285,0.883,0.851,0.959,0.82,0.498,0.502,0.475,0.25,0.278,0.922,0.274,0.395,0.656,0.367,0.976,0.98,0.618,0.011,0.569,0.32,0.981,0.155,0.269,0.811,0.014,0.573,0.343,0.667,0.707,0.72,0.035,0.972,0.043,0.685,0.211,0.953,0.701
70,0.485,0.209,0.901,0.446,0.038,0.317,0.759,0.183,0.132,0.266,0.292,0.948,0.836,0.488,0.597,0.777,0.736,0.235,0.911,0.276,0.058,0.171,0.163,0.054,0.78,0.847,0.952,0.05,0.89,0.566,0.47,0.883,0.012,0.835,0.669,0.471,0.597,0.141,0.101,0.02,0.687,0.514,0.826,0.104,0.384,0.014,0.498,0.937,0.043,0.107,0.256,0.201,0.769,0.706,0.428,0.354,0.954,0.875,0.173,0.969,0.646,0.604,0.858,0.919
72,0.657,0.45,0.865,0.224,0.437,0.42,0.571,0.995,0.281,0.588,0.085,0.716,0.817,0.406,0.046,0.718,0.781,0.302,0.073,0.499,0.637,0.038,0.512,0.285,0.815,0.211,0.419,0.665,0.603,0.339,0.174,0.178,0.289,0.133,0.013,0.034,0.181,0.767,0.114,0.892,0.876,0.666,0.216,0.738,0.053,0.911,0.496,0.586,0.575,0.654,0.882,0.322,0.008,0.201,0.354,0.811,0.681,0.063,0.089,0.966,0.048,0.044,0.991,0.199
74,0.848,0.715,0.025,0.992,0.666,0.994,0.07,0.318,0.202,0.547,0.405,0.2,0.59,0.472,0.156,0.852,0.275,0.445,0.267,0.153,0.452,0.273,0.072,0.407,0.319,0.804,0.797,0.026,0.489,0.76,0.018,0.914,0.206,0.376,0.384,0.109,0.305,0.942,0.692,0.093,0.74,0.989,0.167,0.752,0.216,0.654,0.541,0.312,0.439,0.932,0.469,0.488,0.35,0.989,0.456,0.552,0.712,0.994,0.518,0.686,0.38,0.333,0.366,0.037
76,0.815,0.585,0.521,0.331,0.835,0.932,0.166,0.425,0.593,0.806,0.294,0.085,0.577,0.271,0.423,0.763,0.224,0.178,0.672,0.849,0.651,0.315,0.866,0.061,0.162,0.043,0.688,0.912,0.042,0.478,0.899,0.644,0.282,0.16,0.119,0.275,0.657,0.486,0.357,0.853,0.05,0.35,0.361,0.835,0.138,0.188,0.634,0.83,0.422,0.741,0.514,0.697,0.729,0.387,0.185,0.067,0.586,0.116,0.683,0.682,0.052,0.401,0.514,0.403
78,0.654,0.683,0.216,0.716,0.044,0.731,0.134,0.487,0.352,0.626,0.618,0.609,0.962,0.857,0.029,0.472,0.784,0.299,0.487,0.546,0.068,0.647,0.468,0.89,0.727,0.986,0.478,0.471,0.887,0.667,0.042,0.457,0.337,0.456,0.031,0.331,0.39,0.078,0.321,0.262,0.967,0.435,0.219,0.92,0.941,0.811,0.594,0.033,0.571,0.785,0.866,0.636,0.721,0.72,0.53,0.023,0.093,0.373,0.312,0.354,0.584,0.736,0.672,0.87
80,0.449,0.543,0.529,0.433,0.424,0.09,0.251,0.831,0.299,0.77,0.613,0.687,0.979,0.234,0.177,0.683,0.391,0.482,0.872,0.261,0.975,0.941,0.332,0.886,0.671,0.967,0.662,0.035,0.173,0.161,0.266,0.638,0.246,0.951,0.154,0.545,0.496,0.455,0.964,0.375,0.428,0.456,0.638,0.875,0.549,0.344,0.758,0.079,0.238,0.119,0.81,0.486,0.285,0.401,0.241,0.942,0.538,0.336,0.765,0.463,0.399,0.282,0.932,0.796
82,0.948,0.08,0.555,0.449,0.716,0.466,0.424,0.647,0.233,0.97,0.906,0.169,0.385,0.38,0.901,0.4,0.553,0.513,0.126,0.466,0.228,0.907,0.757,0.897,0.887,0.189,0.857,0.569,0.961,0.755,0.098,0.344,0.973,0.262,0.195,0.143,0.644,0.22,0.722,0.103,0.416,0.475,0.911,0.106,0.406,0.594,0.958,0.295,0.066,0.079,0.326,0.402,0.318,0.55,0.715,0.302,0.296,0.505,0.749,0.367,0.994,0.833,0.435,0.489
84,0.871,0.675,0.717,0.728,0.893,0.499,0.797,0.984,0.862,0.181,0.735,0.252,0.787,0.011,0.177,0.241,0.278,0.562,0.986,0.169,0.792,0.293,0.289,0.763,0.122,0.05,0.691,0.745,0.95,0.622,0.399,0.877,0.343,0.492,0.047,0.838,0.263,0.852,0.923,0.956,0.441,0.51,0.911,0.224,0.44,0.351,0.014,0.011,0.772,0.701,0.38,0.004,0.345,0.276,0.945,0.204,0.22,0.98,0.897,0.412,0.25,0.26,0.517,0.708
86,0.61,0.499,0.862,0.669,0.684,0.572,0.912,0.631,0.73,0.863,0.761,0.057,0.947,0.944,0.069,0.502,0.987,0.615,0.528,0.515,0.522,0.415,0.749,0.188,0.155,0.81,0.903,0.883,0.578,0.484,0.688,0.796,0.988,0.416,0.952,0.72,0.121,0.065,0.904,0.289,0.414,0.298,0.018,0.962,0.326,0.784,0.725,0.43,0.315,0.819,0.135,0.533,0.509,0.063,0.631,0.447,0.86,0.14,0.158,0.261,0.635,0.713,0.654,0.089
88,0.982,0.701,0.492,0.593,0.502,0.421,0.074,0.471,0.429,0.748,0.487,0.071,0.821,0.82,0.434,0.483,0.455,0.375,0.612,0.508,0.385,0.309,0.364,0.949,0.763,0.081,0.175,0.391,0.137,0.705,0.816,0.108,0.784,0.4,0.338,0.538,0.968,0.104,0.511,0.411,0.7,0.117,0.684,0.098,0.851,0.72,0.702,0.721,0.612,0.832,0.792,0.131,0.147,0.293,0.44,0.222,0.545,0.443,0.041,0.72,0.861,0.27,0.547,0.198
90,0.212,0.266,0.167,0.065,0.275,0.186,0.457,0.808,0.58,0.381,0.992,0.298,0.262,0.024,0.122,0.968,0.587,0.389,0.211,0.066,0.342,0.325,0.003,0.89,0.792,0.322,0.288,0.547,0.941,0.49,0.925,0.293,0.289,0.634,0.975,0.789,0.314,0.979,0.83,0.165,0.956,0.946,0.489,0.921,0.349,0.298,0.992,0.076,0.107,0.746,0.629,0.81,0.627,0.642,0.226,0.775,0.818,0.743,0.743,0.072,0.033,0.638,0.526,0.183
92,0.49,0.201,0.076,0.971,0.399,0.65,0.634,0.063,0.283,0.59,0.495,0.585,0.668,0.086,0.508,0.381,0.124,0.228,0.711,0.622,0.411,0.756,0.703,0.754,0.306,0.609,0.801,0.097,0.589,0.306,0.677,0.866,0.194,0.203,0.173,0.907,0.371,0.639,0.495,0.272,0.973,0.216,0.143,0.406,0.639,0.993,0.263,0.912,0.507,0.811,0.826,0.241,0.954,0.208,0.283,0.908,0.98,0.309,0.475,0.034,0.478,0.598,0.463,0.192
94,0.245,0.411,0.905,0.789,0.952,0.667,0.788,0.513,0.846,0.469,0.045,0.883,0.404,0.229,0.168,0.831,0.553,0.872,0.715,0.078,0.504,0.719,0.726,0.102,0.076,0.436,0.351,0.942,0.728,0.548,0.076,0.47,0.712,0.159,0.834,0.295,0.298,0.446,0.506,0.414,0.136,0.955,0.874,0.62,0.639,0.058,0.866,0.179,0.341,0.884,0.579,0.854,0.784,0.927,0.14,0.5,0.271,0.325,0.009,0.11,0.357,0.456,0.598,0.678
96,0.847,0.633,0.69,0.23,0.545,0.219,0.993,0.818,0.081,0.299,0.555,0.341,0.876,0.234,0.644,0.452,0.859,0.757,0.316,0.936,0.978,0.498,0.571,0.817,0.155,0.107,0.293,0.731,0.727,0.458,0.295,0.584,0.825,0.296,0.64,0.79,0.249,0.691,0.498,0.212,0.156,0.716,0.46,0.202,0.614,0.723,0.688,0.007,0.71,0.347,0.286,0.273,0.763,0.136,0.488,0.87,0.926,0.545,0.176,0.572,0.444,0.125,0.706,0.163
98,0.496,0.219,0.774,0.409,0.52,0.92,0.413,0.392,0.08,0.623,0.352,0.88,0.603,0.468,0.569,0.869,0.424,0.303,0.763,0.01,0.515,0.412,0.71,0.856,0.35,0.935,0.808,0.129,0.322,0.604,0.307,0.055,0.675,0.807,0.328,0.883,0.736,0.463,0.635,0.67,0.931,0.611,0.237,0.136,0.108,0.713,0.346,0.977,0.102,0.429,0.562,0.985,0.741,0.316,0.643,0.783,0.279,0.955,0.792,0.124,0.228,0.387,0.899,0.734
100,0.066,0.309,0.459,0.832,0.62,0.726,0.513,0.013,0.905,0.136,0.598,0.412,0.857,0.476,0.09,0.365,0.365,0.059,0.179,0.981,0.639,0.32,0.533,0.431,0.917,0.63,0.526,0.239,0.961,0.819,0.178,0.095,0.714,0.551,0.356,0.608,0.359,0.336,0.268,0.907,0.626,0.609,0.465,0.655,0.727,0.07,0.103,0.412,0.874,0.19,0.878,0.699,0.887,0.982,0.373,0.782,0.859,0.293,0.52,0.188,0.064,0.527,0.955,0.224
102,0.215,0.124,0.283,0.87,0.332,0.697,0.505,0.586,0.359,0.685,0.435,0.695,0.298,0.288,0.395,0.997,0.739,0.242,0.488,0.103,0.975,0.59,0.108,0.172,0.45,0.281,0.15,0.11,0.134,0.45,0.746,0.282,0.511,0.315,0.458,0.981,0.109,0.305,0.429,0.787,0.602,0.329,0.79,0.465,0.725,0.094,0.054,0.749,0.27,0.908,0.846,0.245,0.471,0.275,0.728,0.164,0.738,0.34,0.456,0.858,0.766,0.105,0.567,0.107
104,0.466,0.305,0.468,0.616,0.406,0.39,0.553,0.481,0.095,0.528,0.144,0.6,0.314,0.042,0.259,0.366,0.923,0.399,0.238,0.929,0.604,0.255,0.377,0.033,0.545,0.936,0.842,0.881,0.346,0.1,0.557,0.177,0.512,0.142,0.658,0.118,0.673,0.385,0.976,0.391,0.104,0.067,0.152,0.062,0.222,0.745,0.436,0.595,0.104,0.991,0.86,0.047,0.548,0.424,0.373,0.521,0.481,0.885,0.087,0.372,0.478,0.572,0.391,0.892
106,0.849,0.711,0.587,0.163,0.772,0.547,0.8,0.816,0.116,0.578,0.747,0.754,0.287,0.075,0.059,0.575,0.587,0.031,0.724,0.758,0.451,0.788,0.314,0.408,0.086,0.731,0.671,0.934,0.039,0.26,0.945,0.972,0.941,0.068,0.485,0.877,0.801,0.711,0.772,0.321,0.293,0.19,0.119,0.264,0.281,0.42,0.404,0.168,0.479,0.778,0.874,0.507,0.205,0.13,0.015,0.707,0.467,0.942,0.445,0.654,0.535,0.502,0.769,0.406
108,0.887,0.946,0.205,0.184,0.738,0.945,0.041,0.179,0.016,0.008,0.13,0.116,0.269,0.56,0.784,0.609,0.94,0.09,0.187,0.992,0.21,0.89,0.267,0.679,0.427,0.95,0.397,0.933,0.347,0.583,0.989,0.817,0.842,0.676,0.458,0.824,0.172,0.344,0.098,0.792,0.83,0.774,0.455,0.22,0.672,0.545,0.722,0.593,0.989,0.542,0.909,0.277,0.388,0.408,0.951,0.132,0.668,0.233,0.447,0.773,0.191,0.12,0.799,0.388
110,0.882,0.469,0.203,0.343,0.045,0.766,0.424,0.715,0.413,0.947,0.648,0.732,0.038,0.778,0.605,0.944,0.845,0.767,0.577,0.344,0.547,0.107,0.769,0.376,0.902,0.707,0.948,0.328,0.455,0.857,0.542,0.691,0.925,0.743,0.191,0.7,0.968,0.572,0.692,0.917,0.854,0.558,0.66,0.529,0.103,0.005,0.392,0.837,0.252,0.467,0.907,0.58,0.04,0.195,0.312,0.458,0.468,0.615,0.988,0.893,0.36,0.006,0.078,0.943
112,0.564,0.398,0.831,0.794,0.927,0.24,0.511,0.347,0.814,0.657,0.37,0.712,0.238,0.055,0.708,0.757,0.824,0.407,0.233,0.157,0.922,0.797,0.766,0.677,0.361,0.809,0.657,0.865,0.612,0.465,0.607,0.519,0.957,0.873,0.682,0.465,0.783,0.229,0.3,0.448,0.301,0.171,0.743,0.042,0.434,0.662,0.565,0.381,0.123,0.358,0.019,0.502,0.858,0.026,0.264,0.817,0.629,0.404,0.709,0.899,0.075,0.172,0.743,0.965
114,0.908,0.604,0.958,0.386,0.182,0.054,0.398,0.448,0.394,0.754,0.265,0.52,0.261,0.641,0.467,0.961,0.186,0.203,0.675,0.544,0.11,0.769,0.604,0.873,0.848,0.713,0.302,0.299,0.452,0.804,0.241,0.641,0.932,0.248,0.723,0.411,0.578,0.178,0.544,0.47,0.239,0.492,0.468,0.503,0.941,0.758,0.271,0.411,0.163,0.072,0.178,0.167,0.181,0.305,0.539,0.049,0.4,0.958,0.257,0.293,0.989,0.953,0.322,0.633
116,0.113,0.658,0.978,0.674,0.807,0.459,0.451,0.002,0.926,0.682,0.015,0.85,0.172,0.914,0.538,0.599,0.625,0.161,0.042,0.312,0.927,0.05,0.066,0.798,0.814,0.275,0.66,0.564,0.983,0.283,0.645,0.321,0.568,0.836,0.832,0.991,0.273,0.138,0.112,0.621,0.601,0.453,0.425,0.939,0.274,0.503,0.794,0.46,0.172,0.326,0.188,0.349,0.728,0.287,0.852,0.323,0.904,0.954,0.524,0.555,0.188,0.122,0.59,0.981
118,0.374,0.94,0.298,0.963,0.866,0.597,0.613,0.432,0.625,0.738,0.825,0.978,0.457,0.798,0.072,0.416,0.819,0.487,0.406,0.596,0.804,0.167,0.932,0.575,0.142,0.441,0.274,0.563,0.398,0.815,0.31,0.62,0.267,0.002,0.753,0.476,0.572,0.474,0.385,0.67,0.23,0.272,0.094,0.043,0.376,0.05,0.386,0.881,0.567,0.459,0.108,0.209,0.607,0.615,0.186,0.638,0.979,0.341,0.597,0.788,0.593,0.217,0.554,0.182
120,0.578,0.324,0.265,0.655,0.944,0.38,0.135,0.375,0.269,0.919,0.99,0.56,0.011,0.547,0.493,0.594,0.463,0.948,0.39,0.838,0.932,0.049,0.727,0.156,0.461,0.124,0.626,0.821,0.341,0.128,0.187,0.598,0.861,0.772,0.07,0.389,0.407,0.855,0.445,0.213,0.255,0.349,0.45,0.265,0.308,0.815,0.941,0.978,0.883,0.134,0.782,0.9,0.007,0.145,0.26,0.797,0.603,0.596,0.866,0.566,0.51,0.56,0.031,0.446
122,0.549,0.6,0.948,0.916,0.814,0.394,0.369,0.336,0.061,0.975,0.411,0.442,0.697,0.142,0.478,0.615,0.86,0.758,0.18,0.782,0.759,0.042,0.813,0.232,0.555,0.428,0.151,0.999,0.627,0.003,0.931,0.651,0.024,0.146,0.483,0.475,0.274,0.366,0.161,0.809,0.466,0.464,0.239,0.92,0.515,0.206,0.28,0.666,0.87,0.265,0.049,0.672,0.471,0.006,0.337,0.593,0.677,0.759,0.278,0.346,0.401,0.932,0.68,0.358
124,0.281,0.81,0.543,0.379,0.293,0.543,0.601,0.503,0.226,0.094,0.244,0.866,0.316,0.873,0.466,0.578,0.25,0.838,0.93,0.965,0.974,0.926,0.017,0.362,0.536,0.228,0.414,0.226,0.764,0.661,0.556,0.314,0.665,0.635,0.25,0.674,0.187,0.914,0.964,0.234,0.875,0.978,0.74,0.31,0.814,0.348,0.346,0.147,0.995,0.983,0.032,0.138,0.333,0.077,0.054,0.143,0.459,0.228,0.272,0.236,0.405,0.084,0.192,0.971
126,0.204,0.875,0.606,0.193,0.901,0.594,0.361,0.644,0.341,0.158,0.284,0.583,0.414,0.456,0.447,0.456,0.427,0.655,0.929,0.949,0.879,0.022,0.861,0.949,0.281,0.939,0.387,0.495,0.713,0.799,0.844,0.315,0.536,0.736,0.262,0.712,0.735,0.727,0.601,0.544,0.269,0.265,0.286,0.955,0.464,0.152,0.667,0.228,0.297,0.016,0.737,0.218,0.383,0.045,0.322,0.814,0.397,0.335,0.104,0.948,0.43,0.079,0.385,0.933
128,0.854,0.006,0.512,0.35,0.024,0.104,0.276,0.675,0.054,0.974,0.427,0.7,0.512,0.008,0.87,0.213,0.978,0.6,0.98,0.546,0.107,0.48,0.503,0.407,0.483,0.962,0.112,0.122,0.772,0.955,0.619,0.045,0.641,0.481,0.78,0.694,0.262,0.102,0.46,0.583,0.013,0.675,0.576,0.766,0.577,0.656,0.714,0.498,0.632,0.551,0.541,0.612,0.975,0.989,0.671,0.344,0.692,0.898,0.336,0.197,0.039,0.542,0.658,0.164
130,0.036,0.557,0.884,0.071,0.923,0.393,0.99,0.988,0.583,0.873,0.34,0.593,0.766,0.632,0.478,0.782,0.753,0.871,0.775,0.48,0.002,0.116,0.309,0.475,0.034,0.433,0.948,0.12,0.492,0.642,0.22,0.408,0.266,0.382,0.324,0.526,0.243,0.457,0.742,0.597,0.794,0.218,0.73,0.207,0.34,0.139,0.019,0.585,0.137,0.055,0.516,0.381,0.705,0.783,0.205,0.219,0.45,0.32,0.015,0.827,0.763,0.374,0.43,0.374
132,0.147,0.099,0.434,0.55,0.054,0.646,0.312,0.278,0.219,0.966,0.76,0.832,0.551,0.916,0.543,0.619,0.679,0.766,0.642,0.588,0.857,0.331,0.837,0.989,0.821,0.006,0.567,0.801,0.287,0.53,0.851,0.321,0.618,0.588,0.36,0.124,0.843,0.963,0.655,0.541,0.688,0.18,0.132,0.958,0.834,0.594,0.4,0.855,0.118,0.749,0.14,0.632,0.197,0.303,0.924,0.214,0.502,0.888,0.913,0.133,0.34,0.457,0.511,0.069
134,0.457,0.853,0.403,0.203,0.866,0.697,0.981,0.319,0.027,0.003,0.805,0.91,0.519,0.416,0.956,0.73,0.007,0.901,0.211,0.18,0.633,0.956,0.158,0.622,0.642,0.071,0.387,0.931,0.124,0.331,0.843,0.876,0.324,0.636,0.367,0.614,0.829,0.283,0.099,0.962,0.49,0.48,0.102,0.366,0.97,0.673,0.378,0.22,0.737,0.354,0.025,0.68,0.51,0.046,0.273,0.929,0.15,0.402,0.708,0.767,0.036,0.123,0.534,0.943
136,0.653,0.923,0.774,0.897,0.196,0.19,0.835,0.975,0.521,0.785,0.825,0.007,0.108,0.416,0.854,0.885,0.196,0.229,0.151,0.375,0.577,0.555,0.672,0.049,0.132,0.289,0.528,0.943,0.555,0.501,0.23,0.87,0.863,0.17,0.816,0.178,0.263,0.012,0.446,0.552,0.879,0.123,0.924,0.291,0.272,0.012,0.549,0.038,0.049,0.264,0.707,0.086,0.436,0.925,0.493,0.996,0.44,0.268,0.603,0.484,0.282,0.785,0.028,0.133
138,0.916,0.621,0.133,0.432,0.834,0.012,0.919,0.617,0.2,0.15,0.064,0.996,0.201,0.037,0.767,0.324,0.636,0.962,0.042,0.966,0.74,0.648,0.553,0.718,0.697,0.616,0.662,0.365,0.179,0.1,0.081,0.882,0.372,0.945,0.808,0.908,0.105,0.511,0.615,0.957,0.469,0.188,0.348,0.316,0.876,0.543,0.12,0.506,0.725,0.41,0.728,0.275,0.174,0.928,0.514,0.781,0.361,0.546,0.292,0.397,0.158,0.932,0.889,0.684
140,0.025,0.89,0.592,0.032,0.029,0.164,0.936,0.148,0.73,0.3,0.278,0.999,0.447,0.051,0.685,0.494,0.625,0.376,0.808,0.924,0.388,0.71,0.361,0.495,0.695,0.822,0.455,0.212,0.215,0.25,0.768,0.902,0.53,0.667,0.957,0.908,0.502,0.81,0.239,0.615,0.949,0.592,0.246,0.392,0.364,0.13,0.94,0.107,0.467,0.162,0.686,0.511,0.135,0.624,0.469,0.959,0.641,0.154,0.759,0.791,0.877,0.133,0.196,0.578
142,0.713,0.57,0.415,0.16,0.811,0.317,0.454,0.748,0.739,0.728,0.331,0.918,0.513,0.982,0.324,0.274,0.898,0.544,0.683,0.408,0.5,0.56,0.382,0.132,0.321,0.735,0.711,0.649,0.474,0.636,0.509,0.703,0.831,0.74,0.087,0.404,0.967,0.63,0.56,0.582,0.793,0.776,0.467,0.522,0.18,0.381,0.612,0.487,0.004,0.973,0.901,0.905,0.189,0.487,0.933,0.63,0.549,0.699,0.871,0.537,0.344,0.706,0.814,0.607
144,0.841,0.956,0.733,0.972,0.8,0.494,0.124,0.821,0.275,0.821,0.876,0.509,0.851,0.21,0.84,0.655,0.664,0.35,0.046,0.991,0.117,0.971,0.467,0.014,0.078,0.798,0.606,0.476,0.808,0.859,0.837,0.623,0.954,0.184,0.775,0.921,0.409,0.318,0.193,0.253,0.404,0.012,0.757,0.133,0.774,0.306,0.375,0.867,0.39,0.98,0.292,0.279,0.299,0.649,0.521,0.251,0.179,0.523,0.96,0.275,0.124,0.511,0.363,0.954
146,0.12,0.201,0.102,0.513,0.053,0.048,0.883,0.644,0.18,0.4,0.014,0.196,1.0,0.497,0.962,0.543,0.177,0.174,0.68,0.915,0.325,0.1,0.209,0.25,0.034,0.674,0.617,0.272,0.433,0.023,0.612,0.442,0.133,0.363,0.933,0.143,0.293,0.814,0.964,0.659,0.52,0.158,0.449,0.559,0.577,0.299,0.408,0.222,0.992,0.662,0.948,0.429,0.131,0.559,0.664,0.485,0.912,0.317,0.84,0.757,0.235,0.416,0.958,0.633
148,0.804,0.963,0.52,0.771,0.946,0.069,0.861,0.444,0.829,0.32,0.674,0.509,0.805,0.894,0.115,0.799,0.001,0.325,0.951,0.258,0.013,0.035,0.056,0.756,0.648,0.601,0.762,0.831,0.221,0.17,0.441,0.427,0.177,0.555,0.167,0.105,0.432,0.286,0.458,0.828,0.897,0.838,0.823,0.458,0.886,0.5,0.3,0.346,0.714,0.836,0.558,0.513,0.224,0.15,0.539,0.016,0.582,0.067,0.279,0.698,0.593,0.252,0.366,0.145
150,0.306,0.522,0.815,0.624,0.137,0.14,0.554,0.664,0.026,0.112,0.497,0.123,0.779,0.503,0.947,0.84,0.068,0.799,0.363,0.25,0.89,0.132,0.771,0.499,0.265,0.252,0.729,0.801,0.572,0.053,0.88,0.95,0.237,0.626,0.741,0.89,0.286,0.124,0.446,0.411,0.497,0.263,0.439,0.96,0.294,0.879,0.372,0.617,0.612,0.495,0.211,0.896,0.586,0.51,0.841,0.449,0.305,0.135,0.543,0.656,0.778,0.377,0.492,0.771
152,0.189,0.56,0.184,0.71,0.667,0.998,0.816,0.656,0.615,0.071,0.617,0.209,0.232,0.628,0.438,0.319,0.677,0.658,0.472,0.342,0.237,0.818,0.696,0.465,0.128,0.093,0.193,0.913,0.506,0.752,0.229,0.046,0.529,0.107,0.045,0.42,0.766,0.274,0.519,0.244,0.209,0.169,0.496,0.543,0.448,0.563,0.963,0.51,0.028,0.135,0.627,0.537,0.448,0.888,0.243,0.967,0.404,0.814,0.24,0.909,0.345,0.655,0.112,0.918
154,0.508,0.732,0.805,0.28,0.975,0.185,0.033,0.746,0.213,0.268,0.552,0.368,0.494,0.936,0.332,0.636,0.677,0.405,0.237,0.369,0.39,0.083,0.511,0.116,0.222,0.889,0.235,0.71,0.363,0.857,0.273,0.078,0.932,0.595,0.953,0.089,0.691,0.85,0.509,0.183,0.83,0.76,0.066,0.821,0.537,0.9,0.444,0.304,0.465,0.09,0.169,0.778,0.956,0.396,0.657,0.178,0.984,0.685,0.991,0.239,0.586,0.21,0.772,0.705
156,0.217,0.511,0.799,0.217,0.26,0.404,0.983,0.908,0.89,0.078,0.039,0.015,0.059,0.806,0.087,0.454,0.725,0.02,0.977,0.046,0.698,0.661,0.345,0.365,0.163,0.841,0.338,0.426,0.661,0.361,0.705,0.875,0.314,0.025,0.576,0.278,0.446,0.482,0.46,0.197,0.261,0.074,0.577,0.573,0.411,0.694,0.38,0.689,0.79,0.356,0.238,0.368,0.551,0.818,0.685,0.699,0.857,0.328,0.251,0.994,0.853,0.489,0.892,0.065
158,0.505,0.131,0.12,0.566,0.769,0.766,0.566,0.969,0.422,0.377,0.935,0.691,0.454,0.348,0.993,0.722,0.61,0.304,0.201,0.611,0.039,0.414,0.251,0.554,0.127,0.542,0.483,0.65,0.279,0.752,0.454,0.017,0.426,0.831,0.543,0.992,0.079,0.06,0.374,0.354,0.607,0.435,0.14,0.614,0.752,0.376,0.932,0.204,0.343,0.537,0.085,0.754,0.787,0.373,0.887,0.174,0.001,0.914,0.859,0.025,0.795,0.867,0.901,0.433
160,0.913,0.05,0.764,0.295,0.892,0.052,0.035,0.745,0.984,0.617,0.077,0.873,0.329,0.783,0.949,0.564,0.973,0.99,0.124,0.43,0.683,0.344,0.575,0.098,0.034,0.263,0.987,0.379,0.313,0.16,0.112,0.096,0.6,0.868,0.148,0.637,0.111,0.125,0.227,0.93,0.801,0.909,0.193,0.801,0.317,0.047,0.273,0.14,0.962,0.331,0.123,0.73,0.594,0.976,0.966,0.088,0.28,0.139,0.09,0.468,0.623,0.689,0.526,0.421
162,0.298,0.135,0.96,0.489,0.199,0.606,0.692,0.637,0.809,0.907,0.548,0.948,0.847,0.897,0.177,0.801,0.389,0.693,0.557,0.887,0.845,0.982,0.917,0.173,0.957,0.456,0.97,0.884,0.863,0.044,0.764,0.087,0.607,0.256,0.401,0.342,0.485,0.04,0.394,0.237,0.861,0.722,0.127,0.297,0.805,0.434,0.832,0.36,0.569,0.499,0.328,0.547,0.5,0.495,0.211,0.602,0.764,0.553,0.062,0.653,0.863,0.314,0.546,0.128
164,0.397,0.762,0.646,0.813,0.968,0.535,0.256,0.187,0.365,0.996,0.507,0.649,0.77,0.892,0.077,0.054,0.75,0.157,0.247,0.739,0.912,0.781,0.489,0.164,0.61,0.275,0.269,0.927,0.788,0.538,0.867,0.65,0.516,0.832,0.699,0.164,0.707,0.95,0.264,0.756,0.317,0.581,0.158,0.744,0.745,0.026,0.084,0.539,0.569,0.892,0.552,0.954,0.925,0.542,0.581,0.097,0.604,0.217,0.566,0.948,0.556,0.297,0.034,0.908
166,0.462,0.38,0.663,0.579,0.209,0.208,0.92,0.742,0.692,0.252,0.808,0.248,0.005,0.385,0.003,0.332,0.508,0.361,0.238,0.193,0.534,0.984,0.951,0.13,0.887,0.352,0.316,0.959,0.066,0.803,0.341,0.781,0.552,0.839,0.355,0.194,0.82,0.102,0.224,0.291,0.155,0.256,0.39,0.423,0.038,0.034,0.714,0.157,0.662,0.933,0.233,0.989,0.336,0.081,0.535,0.852,0.477,0.926,0.615,0.289,0.025,0.421,0.279,0.651
168,0.837,0.883,0.901,0.751,0.77,0.65,0.209,0.771,0.016,0.325,0.003,0.928,0.594,0.461,0.797,0.419,0.069,0.502,0.116,0.059,0.976,0.42,0.436,0.712,0.911,0.753,0.699,0.547,0.53,0.095,0.109,0.633,0.617,0.725,0.096,0.482,0.383,0.864,0.414,0.961,0.474,0.469,0.866,0.272,0.747,0.816,0.256,0.762,0.485,0.672,0.914,0.684,0.732,0.624,0.926,0.441,0.536,0.678,0.672,0.146,0.019,0.52,0.542,0.702
170,0.335,0.93,0.428,0.863,0.903,0.947,0.42,0.191,0.535,0.821,0.025,0.479,0.889,0.895,0.169,0.561,0.482,0.802,0.413,0.125,0.845,0.405,0.822,0.17,0.731,0.0,0.098,0.38,0.131,0.065,0.642,0.013,0.807,0.932,0.166,0.36,0.723,0.517,0.949,0.789,0.049,0.087,0.113,0.799,0.955,0.839,0.779,0.484,0.728,0.289,0.352,0.172,0.931,0.342,0.901,0.221,0.59,0.176,0.291,0.723,0.259,0.648,0.484,0.273
172,0.197,0.468,0.98,0.451,0.33,0.564,0.195,0.294,0.229,0.064,0.002,0.063,0.171,0.508,0.252,0.275,0.612,0.326,0.007,0.705,0.398,0.305,0.446,0.738,0.462,0.226,0.686,0.653,0.934,0.069,0.484,0.975,0.417,0.408,0.863,0.668,0.844,0.088,0.983,0.785,0.056,0.687,0.388,0.021,0.653,0.303,0.776,0.09,0.304,0.443,0.49,0.55,0.145,0.882,0.354,0.072,0.799,0.492,0.032,0.278,0.672,0.98,0.186,0.426
174,0.035,0.588,0.887,0.344,0.9,0.257,0.694,0.09,0.309,0.983,0.265,0.337,0.823,0.35,0.117,0.244,0.758,0.695,0.84,0.541,0.554,0.174,0.609,0.956,0.863,0.498,0.052,0.034,0.682,0.274,0.211,0.841,0.837,0.723,0.678,0.167,0.462,0.525,0.386,0.008,0.344,0.003,0.405,0.821,0.918,0.026,0.696,0.171,0.473,0.037,0.553,0.656,0.275,0.243,0.212,0.969,0.801,0.403,0.654,0.154,0.502,0.544,0.259,0.327
176,0.585,0.391,0.6,0.046,0.63,0.073,0.723,0.705,0.13,0.327,0.356,0.542,0.064,0.509,0.474,0.022,0.531,0.005,0.134,0.178,0.325,0.948,0.345,0.478,0.308,0.393,0.32,0.758,0.849,0.385,0.656,0.091,0.887,0.927,0.12,0.94,0.449,0.437,0.24,0.778,0.245,0.665,0.486,0.133,0.751,0.249,0.547,0.865,0.057,0.531,0.305,0.158,0.959,0.413,0.769,0.642,0.176,0.241,0.827,0.201,0.388,0.434,0.745,0.871
178,0.962,0.913,0.567,0.71,0.507,0.017,0.251,0.564,0.699,0.085,0.66,0.68,0.648,0.374,0.247,0.797,0.328,0.355,0.857,0.453,0.037,0.198,0.483,0.609,0.595,0.863,0.792,0.585,0.703,0.726,0.965,0.793,0.834,0.968,0.866,0.483,0.868,0.892,0.538,0.817,0.619,0.982,0.266,0.251,0.403,0.307,0.719,0.032,0.045,0.736,0.394,0.138,0.449,0.366,0.226,0.683,0.567,0.199,0.014,0.664,0.27,0.473,0.532,0.711
180,0.054,0.292,0.582,0.989,0.893,0.096,0.328,0.339,0.886,0.973,0.245,0.92,0.187,0.732,0.974,0.397,0.366,0.586,0.297,0.42,0.613,0.151,0.328,0.315,0.314,0.734,0.779,0.336,0.255,0.679,0.811,0.218,0.267,0.668,0.347,0.68,0.384,0.35,0.125,0.832,0.868,0.201,0.556,0.723,0.67,0.58,0.608,0.918,0.168,0.991,0.116,0.907,0.8,0.891,0.273,0.623,0.878,0.248,0.054,0.732,0.807,0.996,0.998,0.588
182,0.131,0.063,0.696,0.337,0.1,0.373,0.914,0.144,0.458,0.201,0.259,0.096,0.164,0.622,0.942,0.598,0.753,0.167,0.756,0.345,0.537,0.835,0.077,0.578,0.022,0.589,0.36,0.614,0.757,0.623,0.873,0.329,0.367,0.604,0.843,0.839,0.168,0.346,0.433,0.423,0.955,0.802,0.482,0.087,0.368,0.847,0.221,0.844,0.909,0.241,0.988,0.303,0.271,0.473,0.331,0.71,0.738,0.025,0.669,0.202,0.588,0.741,0.807,0.679
184,0.636,0.095,0.057,0.087,0.877,0.675,0.313,0.233,0.958,0.624,0.764,0.983,0.48,0.663,0.794,0.183,0.687,0.916,0.383,0.406,0.576,0.878,0.312,0.119,0.508,0.708,0.5,0.085,0.868,0.759,0.491,0.386,0.49,0.618,0.319,0.683,0.448,0.039,0.826,0.194,0.934,0.877,0.655,0.987,0.845,0.224,0.245,0.706,0.332,0.041,0.902,0.871,0.357,0.208,0.212,0.42,0.588,0.7,0.2,0.847,0.257,0.72,0.638,0.053
186,0.438,0.376,0.333,0.956,0.965,0.067,0.192,0.709,0.265,0.402,0.381,0.54,0.184,0.362,0.7,0.598,0.186,0.409,0.471,0.54,0.432,0.066,0.279,0.392,0.548,0.92,0.67,0.983,0.655,0.28,0.015,0.963,0.199,0.742,0.207,0.108,0.614,0.145,0.006,0.601,0.907,0.131,0.669,0.078,0.402,0.155,0.131,0.232,0.61,0.736,0.076,0.955,0.729,0.832,0.9,0.06,0.947,0.426,0.78,0.217,0.022,0.863,0.817,0.414
188,0.24,0.011,0.361,0.274,0.996,0.99,0.947,0.563,0.901,0.142,0.713,0.503,0.703,0.257,0.911,0.095,0.737,0.533,0.281,0.556,0.209,0.24,0.617,0.534,0.143,0.302,0.741,0.37,0.954,0.596,0.404,0.786,0.427,0.237,0.636,0.784,0.746,0.402,0.865,0.721,0.161,0.945,0.955,0.599,0.949,0.705,0.663,0.486,0.31,0.152,0.852,0.807,0.359,0.941,0.573,0.007,0.652,0.036,0.339,0.98,0.542,0.063,0.934,0.24
190,0.614,0.552,0.377,0.583,0.734,0.891,0.551,0.606,0.278,0.636,0.403,0.279,0.467,0.119,0.579,0.681,0.586,0.952,0.185,0.74,0.675,0.986,0.907,0.124,0.225,0.944,0.56,0.369,0.602,0.746,0.665,0.3,0.616,0.386,0.668,0.329,0.913,0.859,0.427,0.313,0.934,0.122,0.705,0.954,0.697,0.454,0.986,0.532,0.713,0.861,0.585,0.05,0.123,0.051,0.264,0.32,0.783,0.25,0.981,0.551,0.401,0.462,0.273,0.35
192,0.091,0.888,0.072,0.528,0.64,0.243,0.404,0.897,0.49,0.134,0.813,0.186,0.661,0.345,0.579,0.1,0.404,0.919,0.101,0.625,0.146,0.825,0.97,0.33,0.614,0.712,0.01,0.846,0.974,0.955,0.379,0.034,0.669,0.848,0.992,0.038,0.286,0.733,0.124,0.228,0.812,0.883,0.084,0.39,0.485,0.312,0.567,0.566,0.548,0.234,0.002,0.915,0.796,0.6,0.954,0.362,0.779,0.162,0.363,0.286,0.052,0.803,0.488,0.476
194,0.732,0.888,0.288,0.566,0.831,0.666,0.458,0.137,0.815,0.406,0.928,0.419,0.308,0.231,0.186,0.275,0.113,0.553,0.003,0.133,0.566,0.148,0.383,0.991,0.759,0.742,0.546,0.439,0.608,0.329,0.506,0.077,0.551,0.599,0.122,0.446,0.299,0.272,0.653,0.464,0.078,0.234,0.755,0.735,0.746,0.366,0.501,0.959,0.866,0.46,0.134,0.747,0.709,0.115,0.815,0.018,0.835,0.688,0.068,0.837,0.949,0.641,0.93,0.719
196,0.961,0.777,0.504,0.066,0.29,0.53,0.222,0.398,0.77,0.597,0.397,0.941,0.857,0.939,0.609,0.333,0.76,0.485,0.68,0.215,0.286,0.013,0.805,0.357,0.918,0.566,0.208,0.761,0.874,0.024,0.762,0.216,0.106,0.158,0.785,0.725,0.336,0.867,0.782,0.162,0.988,0.556,0.876,0.25,0.157,0.14,0.132,0.096,0.062,0.248,0.771,0.747,0.357,0.885,0.419,0.453,0.445,0.984,0.214,0.624,0.934,0.81,0.195,0.094
198,0.583,0.672,0.887,0.566,0.87,0.089,0.181,0.196,0.046,0.356,0.074,0.089,0.011,0.116,0.078,0.848,0.89,0.617,0.164,0.698,0.617,0.692,0.821,0.287,0.898,0.275,0.951,0.367,0.796,0.679,0.408,0.482,0.223,0.602,0.43,0.324,0.978,0.468,0.235,0.386,0.899,0.998,0.947,0.626,0.019,0.064,0.773,0.866,0.147,0.868,0.481,0.088,0.403,0.552,0.356,0.868,0.736,0.397,0.53,0.846,0.954,0.003,0.832,0.708
200,0.383,0.708,0.36,0.789,0.1,0.751,0.065,0.218,0.029,0.281,0.554,0.201,0.034,0.102,0.894,0.598,0.116,0.57,0.728,0.173,0.921,0.563,0.266,0.239,0.652,0.479,0.452,0.271,0.1,0.812,0.172,0.178,0.706,0.034,0.38,0.604,0.106,0.465,0.091,0.045,0.64,0.294,0.098,0.612,0.97,0.902,0.818,0.281,0.332,0.138,0.432,0.211,0.305,0.097,0.212,0.06,0.43,0.861,0.558,0.46,0.199,0.737,0.377,0.969
202,0.116,0.664,0.414,0.102,0.446,0.55,0.011,0.379,0.6,0.904,0.647,0.737,0.588,0.278,0.355,0.312,0.357,0.823,0.905,0.663,0.928,0.376,0.759,0.915,0.608,0.5,0.226,0.925,0.206,0.816,0.528,0.76,0.819,0.963,0.854,0.145,0.988,0.147,0.383,0.382,0.513,0.647,0.32,0.895,0.085,0.4,0.797,0.055,0.55,0.574,0.046,0.436,0.4,0.388,0.601,0.726,0.486,0.589,0.976,0.74,0.911,0.184,0.274,0.48
204,0.095,0.242,0.646,0.261,0.085,0.075,0.354,0.873,0.315,0.385,0.944,0.398,0.458,0.177,0.272,0.576,0.683,0.366,0.155,0.142,0.011,0.288,0.438,0.167,0.051,0.146,0.977,0.614,0.792,0.955,0.015,0.381,0.999,0.683,0.97,0.587,0.825,0.306,0.699,0.778,0.22,0.742,0.229,0.78,0.182,0.749,0.901,0.143,0.683,0.381,0.912,0.696,0.195,0.995,0.99,0.422,0.394,0.282,0.338,0.574,0.814,0.095,0.277,0.711
206,0.805,0.24,0.703,0.708,0.01,0.813,0.429,0.632,0.465,0.773,0.343,0.514,0.54,0.12,0.592,0.767,0.731,0.001,0.17,0.461,0.311,0.311,0.061,0.509,0.999,0.276,0.583,0.501,0.31,0.067,0.332,0.814,0.924,0.512,0.456,0.631,0.749,0.402,0.828,0.667,0.954,0.702,0.268,0.697,0.105,0.614,0.989,0.846,0.938,0.296,0.292,0.898,0.819,0.907,0.756,0.472,0.22,0.035,0.192,0.009,0.083,0.628,0.441,0.036
208,0.044,0.507,0.198,0.471,0.318,0.682,0.113,0.458,0.851,0.335,0.926,0.519,0.104,0.252,0.549,0.084,0.373,0.857,0.43,0.954,0.727,0.447,0.273,0.274,0.787,0.644,0.938,0.049,0.166,0.376,0.672,0.036,0.873,0.872,0.087,0.045,0.75,0.181,0.9,0.922,0.009,0.47,0.823,0.561,0.876,0.498,0.534,0.163,0.459,0.433,0.682,0.888,0.909,0.429,0.875,0.181,0.459,0.151,0.123,0.233,0.444,0.134,0.995,0.723
210,0.726,0.228,0.888,0.584,0.138,0.535,0.324,0.603,0.471,0.171,0.753,0.318,0.661,0.082,0.027,0.196,0.227,0.292,0.501,0.657,0.663,0.444,0.317,0.61,0.948,0.659,0.778,0.104,0.902,0.103,0.152,0.437,0.167,0.739,0.555,0.61,0.964,0.184,0.823,0.993,0.522,0.5,0.529,0.754,0.001,0.96,0.328,0.453,0.313,0.985,0.633,0.589,0.571,0.276,0.019,0.154,0.065,0.887,0.582,0.529,0.044,0.249,0.338,0.529
212,0.604,0.534,0.123,0.472,0.379,0.496,0.56,0.91,0.018,0.5,0.024,0.526,0.554,0.687,0.878,0.58,0.834,0.649,0.027,0.667,0.325,0.402,0.504,0.148,0.114,0.612,0.722,0.526,0.983,0.638,0.044,0.794,0.771,0.284,0.914,0.407,0.375,0.59,0.104,0.931,0.686,0.064,0.758,0.442,0.071,0.938,0.944,0.603,0.332,0.38,0.561,0.195,0.547,0.862,0.882,0.707,0.461,0.277,0.893,0.439,0.505,0.587,0.417,0.233
214,0.409,0.968,0.228,0.162,0.117,0.908,0.305,0.774,0.448,0.226,0.951,0.963,0.45,0.837,0.56,0.616,0.254,0.876,0.211,0.252,0.008,0.522,0.087,0.806,0.831,0.076,0.854,0.392,0.096,0.333,0.6,0.87,0.132,0.011,0.796,0.391,0.256,0.188,0.429,0.726,0.455,0.431,0.297,0.414,0.089,0.07,0.415,0.405,0.136,0.452,0.5,0.31,0.791,0.26,0.337,0.337,0.543,0.971,0.107,0.576,0.807,0.845,0.362,0.313
216,0.281,0.094,0.732,0.838,0.157,0.065,0.744,0.979,0.568,0.676,0.902,0.305,0.408,0.091,0.417,0.959,0.989,0.637,0.66,0.002,0.199,0.2,0.251,0.717,0.793,0.236,0.394,0.244,0.589,0.511,0.409,0.327,0.753,0.528,0.344,0.496,0.238,0.876,0.327,0.95,0.234,0.575,0.355,0.156,0.468,0.806,0.229,0.177,0.762,0.065,0.651,0.449,0.311,0.241,0.832,0.731,0.284,0.377,0.237,0.643,0.731,0.239,0.486,0.559
218,0.43,0.515,0.779,0.867,0.387,0.646,0.352,0.114,0.112,0.996,0.669,0.173,0.162,0.052,0.896,0.026,0.985,0.715,0.29,0.109,0.76,0.663,0.677,0.894,0.437,0.991,0.272,0.852,0.685,0.323,0.41,0.66,0.608,0.818,0.789,0.427,0.42,0.461,0.888,0.151,0.536,0.439,0.509,0.409,0.497,0.509,0.389,0.175,0.958,0.811,0.186,0.906,0.494,0.617,0.466,0.565,0.777,0.235,0.494,0.891,0.942,0.248,0.588,0.743
220,0.25,0.531,0.923,0.042,0.38,0.557,0.055,0.372,0.723,0.234,0.021,0.311,0.907,0.224,0.445,0.714,0.912,0.455,0.788,0.543,0.311,0.981,0.442,0.47,0.094,0.869,0.494,0.747,0.081,0.411,0.314,0.232,0.241,0.747,0.627,0.121,0.708,0.972,0.596,0.448,0.397,0.479,0.161,0.207,0.27,0.415,0.715,0.603,0.839,0.276,0.357,0.823,0.724,0.893,0.294,0.473,0.035,0.637,0.107,0.056,0.613,0.567,0.714,0.164
222,0.446,0.088,0.134,0.149,0.9,0.287,0.625,0.342,0.45,0.842,0.113,0.617,0.42,0.047,0.264,0.222,0.607,0.36,0.583,0.042,0.077,0.56,0.922,0.41,0.847,0.607,0.331,0.714,0.788,0.339,0.816,0.975,0.861,0.985,0.854,0.079,0.102,0.036,0.551,0.401,0.55,0.09,0.483,0.567,0.8,0.622,0.586,0.33,0.047,0.129,0.784,0.168,0.287,0.508,0.378,0.065,0.172,0.539,0.825,0.362,0.545,0.29,0.217,0.766
224,0.678,0.979,0.302,0.859,0.825,0.658,0.13,0.816,0.283,0.083,0.897,0.471,0.299,0.286,0.156,0.747,0.549,0.05,0.827,0.28,0.374,0.105,0.36,0.605,0.845,0.375,0.981,0.4,0.173,0.848,0.306,0.225,0.705,0.445,0.744,0.004,0.034,0.119,0.25,0.197,0.227,0.781,0.724,0.736,0.777,0.091,0.882,0.867,0.713,0.397,0.072,0.974,0.455,0.773,0.368,0.462,0.899,0.13,0.173,0.166,0.431,0.548,0.38,0.133
226,0.583,0.775,0.083,0.195,0.53,0.442,0.703,0.838,0.448,0.28,0.275,0.292,0.667,0.484,0.141,0.242,0.931,0.128,0.479,0.199,0.375,0.553,0.558,0.637,0.122,0.917,0.155,0.84,0.268,0.328,0.456,0.676,0.53,0.35,0.162,0.242,0.205,0.201,0.065,0.277,0.315,0.824,0.54,0.956,0.274,0.598,0.556,0.614,0.762,0.813,0.191,0.261,0.197,0.77,0.223,0.124,0.202,0.765,0.396,0.957,0.568,0.447,0.27,0.864
228,0.121,0.43,0.297,0.206,0.801,0.692,0.825,0.884,0.006,0.229,0.14,0.687,0.864,0.988,0.545,0.587,0.924,0.735,0.567,0.735,0.678,0.823,0.928,0.555,0.219,0.36,0.761,0.974,0.688,0.602,0.859,0.544,0.311,0.839,0.14,0.093,0.637,0.415,0.539,0.545,0.206,0.114,0.899,0.167,0.367,0.034,0.54,0.816,0.18,0.298,0.049,0.025,0.562,0.327,0.273,0.434,0.829,0.894,0.936,0.134,0.279,0.384,0.941,0.211
230,0.791,0.977,0.763,0.637,0.141,0.285,0.705,0.778,0.811,0.077,0.953,0.628,0.861,0.837,0.113,0.008,0.703,0.699,0.124,0.389,0.479,0.128,0.222,0.681,0.475,0.304,0.629,0.582,0.917,0.909,0.139,0.5,0.582,0.731,0.119,0.905,0.948,0.939,0.041,0.913,0.914,0.619,0.726,0.228,0.605,0.889,0.334,0.418,0.486,0.307,0.893,0.267,0.571,0.914,0.114,0.149,0.455,0.113,0.036,0.08,0.162,0.79,0.269,0.075
232,0.906,0.735,0.648,0.023,0.156,0.346,0.168,0.431,0.962,0.528,0.259,0.137,0.672,0.913,0.573,0.762,0.487,0.226,0.538,0.615,0.59,0.828,0.576,0.511,0.299,0.017,0.763,0.994,0.072,0.425,0.642,0.161,0.454,0.338,0.696,0.969,0.117,0.016,0.907,0.184,0.842,0.333,0.907,0.814,0.692,0.841,0.387,0.394,0.588,0.199,0.698,0.884,0.815,0.089,0.987,0.095,0.243,0.136,0.639,0.938,0.631,0.884,0.654,0.344
234,0.087,0.787,0.269,0.367,0.428,0.432,0.987,0.658,0.269,0.69,0.592,0.716,0.832,0.409,0.39,0.333,0.206,0.855,0.296,0.2,0.714,0.572,0.98,0.331,0.669,0.927,0.865,0.468,0.139,0.235,0.427,0.128,0.182,0.082,0.212,0.508,0.935,0.891,0.444,0.774,0.312,0.259,0.435,0.832,0.312,0.665,0.71,0.441,0.094,0.125,0.803,0.732,0.839,0.632,0.509,0.461,0.957,0.108,0.039,0.786,0.188,0.621,0.441,0.384
236,0.072,0.786,0.379,0.545,0.319,0.99,0.389,0.313,0.334,0.379,0.971,0.44,0.817,0.386,0.864,0.587,0.432,0.009,0.035,0.107,0.932,0.925,0.556,0.898,0.125,0.95,0.142,0.266,0.164,0.512,0.322,0.797,0.545,0.76,0.328,0.994,0.286,0.054,0.929,0.571,0.419,0.785,0.723,0.033,0.536,0.476,0.734,0.097,0.757,0.921,0.801,0.893,0.723,0.507,0.906,0.534,0.97,0.788,0.911,0.759,0.849,0.752,0.893,0.539
238,0.901,0.806,0.095,0.317,0.746,0.359,0.119,0.035,0.74,0.939,0.975,0.576,0.128,0.147,0.4,0.989,0.329,0.484,0.902,0.163,0.067,0.372,0.011,0.86,0.398,0.39,0.732,0.198,0.25,0.387,0.408,0.801,0.592,0.246,0.35,0.786,0.454,0.975,0.179,0.622,0.164,0.726,0.011,0.001,0.82,0.82,0.774,0.658,0.204,0.089,0.915,0.216,0.684,0.312,0.793,0.992,0.472,0.419,0.307,0.895,0.229,0.615,0.372,0.268
240,0.758,0.703,0.774,0.962,0.206,0.478,0.396,0.173,0.727,0.159,0.329,0.678,0.512,0.496,0.891,0.127,0.527,0.888,0.949,0.529,0.828,0.642,0.905,0.103,0.231,0.039,0.027,0.839,0.02,0.779,0.741,0.86,0.684,0.942,0.45,0.594,0.018,0.996,0.648,0.546,0.33,0.202,0.425,0.992,0.163,0.022,0.887,0.756,0.866,0.335,0.361,0.272,0.541,0.258,0.573,0.928,0.182,0.94,0.12,0.485,0.027,0.386,0.392,0.306
242,0.697,0.6,0.298,0.85,0.444,0.057,0.225,0.303,0.162,0.488,0.668,0.249,0.028,0.808,0.445,0.938,0.612,0.273,0.61,0.069,0.899,0.698,0.295,0.307,0.814,0.56,0.777,0.78,0.266,0.433,0.257,0.395,0.736,0.33,0.709,0.779,0.54,0.193,0.66,0.194,0.948,0.867,0.646,0.609,0.013,0.538,0.42,0.54,0.135,0.046,0.718,0.731,0.182,0.453,0.756,0.188,0.135,0.13,0.483,0.958,0.811,0.61,0.777,0.594
244,0.288,0.872,0.34,0.645,0.229,0.546,0.976,0.996,0.138,0.885,0.563,0.284,0.01,0.705,0.553,0.898,0.989,0.702,0.051,0.77,0.418,0.366,0.092,0.491,0.62,0.991,0.382,0.597,0.324,0.608,0.422,0.249,0.542,0.711,0.862,0.686,0.677,0.075,0.076,0.302,0.297,0.766,0.699,0.057,0.458,0.841,0.75,0.215,0.032,0.229,0.451,0.903,0.646,0.582,0.555,0.369,0.631,0.217,0.38,0.271,0.863,0.331,0.336,0.447
246,0.738,0.612,0.229,0.1,0.542,0.911,0.989,0.813,0.809,0.533,0.535,0.149,0.107,0.562,0.537,0.473,0.772,0.524,0.55,0.571,0.818,0.905,0.425,0.556,0.809,0.444,0.321,0.193,0.882,0.314,0.806,0.642,0.472,0.775,0.996,0.439,0.624,0.416,0.61,0.417,0.354,0.496,0.758,0.174,0.502,0.807,0.571,0.386,0.333,0.968,0.653,0.073,0.259,0.889,0.692,0.325,0.495,0.612,0.656,0.552,0.127,0.341,0.605,0.586
248,0.176,0.583,0.926,0.274,0.572,0.324,0.163,0.536,0.739,0.349,0.606,0.681,0.225,0.078,0.213,0.818,0.408,0.56,0.866,0.617,0.462,0.894,0.54,0.178,0.967,0.821,0.43,0.967,0.622,0.897,0.17,0.669,0.449,0.922,0.327,0.633,0.095,0.883,0.988,0.703,0.599,0.095,0.576,0.984,0.556,0.785,0.503,0.899,0.525,0.903,0.552,0.069,0.845,0.206,0.669,0.903,0.475,0.487,0.429,0.058,0.599,0.244,0.749,0.241
250,0.747,0.96,0.5,0.998,0.383,0.668,0.291,0.287,0.781,0.754,0.486,0.548,0.012,0.317,0.695,0.312,0.418,0.145,0.024,0.4,0.202,0.846,0.499,0.782,0.36,0.758,0.126,0.249,0.413,0.051,0.989,0.904,0.852,0.997,0.641,0.945,0.595,0.591,0.198,0.288,0.645,0.778,0.106,0.174,0.405,0.635,0.611,0.738,0.177,0.327,0.505,0.639,0.239,0.724,0.087,0.015,0.526,0.434,0.894,0.528,0.366,0.786,0.58,0.472
252,0.986,0.522,0.386,0.368,0.223,0.825,0.5,0.473,0.944,0.941,0.781,0.169,0.234,0.919,0.087,0.953,0.838,0.07,0.073,0.171,0.36,0.509,0.092,0.652,0.381,0.164,0.87,0.255,0.393,0.94,0.843,0.973,0.092,0.039,0.541,0.918,0.706,0.648,0.129,0.99,0.55,0.511,0.827,0.646,0.288,0.91,0.789,0.267,0.044,0.93,0.838,0.683,0.568,0.127,0.15,0.179,0.443,0.938,0.22,0.274,0.549,0.33,0.791,0.315
254,0.51,0.517,0.056,0.558,0.023,0.944,0.591,0.803,0.735,0.883,0.922,0.36,0.72,0.946,0.67,0.256,0.477,0.899,0.167,0.043,0.524,0.092,0.948,0.257,0.561,0.333,0.53,0.604,0.137,0.653,0.2,0.162,0.89,0.423,0.318,0.474,0.933,0.737,0.684,0.126,0.318,0.895,0.385,0.485,0.897,0.231,0.571,0.822,0.592,0.168,0.353,0.847,0.047,0.929,0.261,0.403,0.989,0.625,0.9,0.204,0.742,0.282,0.357,0.392
256,0.045,0.222,0.635,0.574,0.261,0.483,0.107,0.302,0.155,0.266,0.128,0.909,0.247,0.435,0.804,0.873,0.578,0.875,0.944,0.739,0.917,0.2,0.04,0.261,0.969,0.008,0.453,0.665,0.689,0.291,0.53,0.187,0.187,0.203,0.687,0.061,0.557,0.369,0.749,0.11,0.302,0.066,0.721,0.587,0.043,0.971,0.18,0.376,0.559,0.144,0.943,0.058,0.933,0.897,0.232,0.349,0.204,0.044,0.951,0.841,0.701,0.985,0.765,0.507
258,0.217,0.997,0.013,0.237,0.833,0.689,0.756,0.831,0.8,0.384,0.631,0.204,0.488,0.097,0.864,0.274,0.006,0.958,0.727,0.007,0.951,0.755,0.463,0.284,0.731,0.198,0.641,0.383,0.235,0.331,0.41,0.779,0.914,0.353,0.495,0.144,0.275,0.048,0.225,0.117,0.966,0.721,0.604,0.654,0.411,0.873,0.394,0.286,0.349,0.889,0.211,0.675,0.689,0.186,0.308,0.376,0.019,0.473,0.87,0.516,0.637,0.137,0.426,0.984
260,0.232,0.869,0.563,0.061,0.062,0.946,0.675,0.029,0.931,0.52,0.813,0.21,0.971,0.445,0.799,0.97,0.902,0.274,0.878,0.479,0.814,0.431,0.202,0.176,0.546,0.284,0.445,0.507,0.912,0.795,0.82,0.522,0.366,0.899,0.549,0.104,0.628,0.244,0.193,0.692,0.068,0.882,0.901,0.211,0.332,0.209,0.201,0.692,0.395,0.644,0.939,0.173,0.165,0.353,0.183,0.493,0.901,0.594,0.069,0.68,0.674,0.901,0.054,0.782
262,0.793,0.772,0.656,0.448,0.747,0.702,0.568,0.751,0.16,0.234,0.843,0.155,0.976,0.007,0.386,0.976,0.429,0.017,0.174,0.828,0.722,0.469,0.716,0.598,0.315,0.37,0.13,0.308,0.663,0.926,0.981,0.272,0.568,0.808,0.648,0.177,0.404,0.332,0.78,0.708,0.827,0.14,0.32,0.065,0.897,0.32,0.722,0.101,0.162,0.812,0.165,0.165,0.707,0.838,0.758,0.532,0.483,0.419,0.835,0.048,0.03,0.944,0.907,0.622
264,0.062,0.018,0.86,0.052,0.38,0.103,0.722,0.468,0.479,0.604,0.214,0.295,0.176,0.242,0.716,0.979,0.214,0.152,0.814,0.737,0.778,0.418,0.974,0.071,0.677,0.564,0.241,0.128,0.718,0.032,0.33,0.05,0.211,0.321,0.098,0.491,0.389,0.021,0.724,0.366,0.459,0.773,0.472,0.38,0.818,0.342,0.975,0.634,0.569,0.253,0.043,0.215,0.54,0.018,0.965,0.005,0.42,0.046,0.815,0.982,0.128,0.636,0.197,0.945
266,0.524,0.369,0.232,0.68,0.456,0.114,0.719,0.529,0.479,0.736,0.853,0.937,0.55,0.743,0.642,0.544,0.906,0.894,0.706,0.775,0.017,0.313,0.889,0.323,0.989,0.221,0.802,0.837,0.194,0.017,0.534,0.218,0.54,0.39,0.12,0.024,0.995,0.767,0.884,0.879,0.157,0.512,0.493,0.482,0.034,0.821,0.557,0.41,0.124,0.912,0.98,0.952,0.537,0.405,0.081,0.779,0.117,0.34,0.086,0.165,0.439,0.631,0.407,0.425
268,0.832,0.636,0.509,0.943,0.177,0.595,0.146,0.326,0.907,0.038,0.284,0.578,0.691,0.731,0.692,0.611,0.692,0.624,0.997,0.346,0.704,0.434,0.18,0.082,0.695,0.619,0.702,0.208,0.86,0.508,0.208,0.54,0.608,0.874,0.983,0.767,0.527,0.25,0.983,0.673,0.687,0.571,0.508,0.712,0.127,0.213,0.072,0.673,0.034,0.014,0.37,0.438,0.827,0.091,0.345,0.892,0.618,0.656,0.851,0.745,0.585,0.632,0.276,0.503
270,0.501,0.87,0.515,0.098,0.462,0.392,0.196,0.968,0.103,0.838,0.428,0.276,0.239,0.846,0.607,0.168,0.63,0.85,0.833,0.036,0.669,0.784,0.086,0.282,0.221,0.398,0.237,0.339,0.019,0.038,0.78,0.848,0.545,0.612,0.692,0.83,0.36,0.683,0.304,0.503,0.163,0.079,0.508,0.508,0.533,0.757,0.727,0.486,0.184,0.13,0.919,0.44,0.356,0.436,0.28,0.106,0.343,0.151,0.857,0.008,0.821,0.813,0.169,0.796
272,0.165,0.946,0.508,0.263,0.478,0.405,0.809,0.604,0.683,0.816,0.475,0.3,0.641,0.584,0.595,0.26,0.78,0.967,0.344,0.365,0.475,0.151,0.707,0.759,0.802,0.1,0.479,0.543,0.283,0.345,0.633,0.632,0.015,0.505,0.012,0.936,0.233,0.52,0.46,0.51,0.887,0.713,0.624,0.61,0.764,0.831,0.276,0.775,0.148,0.678,0.765,0.065,0.588,0.902,0.154,0.004,0.625,0.312,0.805,0.162,0.919,0.505,0.878,0.844
274,0.217,0.264,0.682,0.508,0.771,0.412,0.786,0.626,0.24,0.17,0.334,0.931,0.589,0.836,0.808,0.372,0.813,0.906,0.442,0.593,0.292,0.452,0.346,0.818,0.906,0.742,0.823,0.864,0.798,0.779,0.793,0.028,0.572,0.437,0.28,0.38,0.764,0.302,0.489,0.212,0.37,0.602,0.029,0.967,0.684,0.199,0.445,0.541,0.098,0.537,0.182,0.673,0.784,0.909,0.272,0.965,0.6,0.958,0.028,0.718,0.616,0.926,0.511,0.958
276,0.334,0.998,0.117,0.694,0.019,0.671,0.638,0.033,0.751,0.723,0.833,0.094,0.904,0.463,0.226,0.279,0.994,0.119,0.751,0.849,0.126,0.378,0.2,0.255,0.607,0.336,0.825,0.053,0.603,0.819,0.277,0.909,0.582,0.691,0.831,0.205,0.391,0.148,0.703,0.097,0.5,0.092,0.014,0.436,0.354,0.612,0.875,0.727,0.182,0.647,0.186,0.037,0.009,0.331,0.154,0.421,0.292,0.391,0.349,0.951,0.151,0.907,0.407,0.778
278,0.98,0.624,0.075,0.359,0.902,0.05,0.405,0.619,0.724,0.74,0.319,0.643,0.25,0.14,0.835,0.546,0.959,0.73,0.084,0.415,0.736,0.087,0.136,0.217,0.604,0.73,0.029,0.973,0.38,0.966,0.802,0.886,0.359,0.002,0.355,0.271,0.544,0.738,0.273,0.891,0.287,0.589,0.506,0.17,0.32,0.568,0.199,0.925,0.642,0.189,0.027,0.344,0.911,0.126,0.385,0.929,0.228,0.764,0.02,0.447,0.218,0.136,0.747,0.252
280,0.446,0.286,0.993,0.081,0.851,0.529,0.239,0.764,0.081,0.281,0.742,0.233,0.826,0.194,0.015,0.718,0.649,0.269,0.788,0.163,0.792,0.66,0.675,0.728,0.745,0.304,0.769,0.394,0.024,0.784,0.641,0.99,0.461,0.237,0.778,0.755,0.165,0.171,0.613,0.961,0.19,0.047,0.975,0.451,0.523,0.487,0.179,0.186,0.502,0.575,0.65,0.26,0.178,0.504,0.504,0.887,0.949,0.902,0.182,0.534,0.669,0.374,0.138,0.872
282,0.949,0.48,0.933,0.36,0.072,0.739,0.55,0.228,0.194,0.812,0.066,0.836,0.171,0.789,0.609,0.216,0.229,0.419,0.908,0.917,0.154,0.145,0.494,0.634,0.43,0.178,0.106,0.655,0.396,0.762,0.613,0.737,0.193,0.285,0.879,0.039,0.066,0.291,0.257,0.954,0.55,0.049,0.123,0.178,0.988,0.506,0.508,0.996,0.281,0.133,0.697,0.413,0.285,0.201,0.449,0.718,0.481,0.083,0.062,0.889,0.599,0.478,0.28,0.871
284,0.765,0.859,0.835,1.0,0.702,0.307,0.275,0.046,0.912,0.323,0.901,0.704,0.539,0.027,0.758,0.601,0.588,0.431,0.101,0.607,0.537,0.401,0.67,0.855,0.267,0.001,0.111,0.873,0.63,0.405,0.167,0.732,0.204,0.109,0.087,0.591,0.358,0.58,0.718,0.742,0.509,0.573,0.199,0.561,0.188,0.721,0.548,0.266,0.022,0.696,0.124,0.925,0.745,0.108,0.346,0.299,0.816,0.157,0.574,0.797,0.905,0.651,0.722,0.472
286,0.785,0.519,0.581,0.154,0.128,0.183,0.619,0.905,0.169,0.163,0.162,0.851,0.423,0.975,0.569,0.506,0.581,0.425,0.842,0.187,0.963,0.09,0.587,0.449,0.527,0.299,0.588,0.707,0.319,0.251,0.79,0.682,0.032,0.639,0.442,0.356,0.716,0.805,0.192,0.91,0.261,0.587,0.563,0.403,0.566,0.017,0.356,0.767,0.837,0.999,0.336,0.907,0.352,0.825,0.159,0.272,0.133,0.092,0.777,0.106,0.335,0.382,0.206,0.002
288,0.619,0.277,0.255,0.77,0.82,0.051,0.937,0.744,0.314,0.161,0.54,0.425,0.451,0.905,0.113,0.067,0.106,0.504,0.026,0.629,0.525,0.765,0.874,0.021,0.552,0.868,0.516,0.706,0.764,0.526,0.259,0.905,0.738,0.051,0.382,0.01,0.793,0.035,0.854,0.736,0.89,0.136,0.892,0.924,0.204,0.704,0.007,0.683,0.537,0.349,0.94,0.998,0.882,0.542,0.122,0.89,0.483,0.258,0.236,0.773,0.665,0.304,0.527,0.437
290,0.47,0.236,0.677,0.219,0.027,0.035,0.29,0.066,0.741,0.595,0.234,0.9,0.153,0.481,0.755,0.729,0.283,0.93,0.073,0.939,0.516,0.198,0.25,0.999,0.296,0.768,0.364,0.895,0.287,0.918,0.176,0.799,0.976,0.839,0.469,0.986,0.376,0.364,0.851,0.146,0.561,0.299,0.917,0.169,0.148,0.485,0.816,0.875,0.17,0.144,0.666,0.573,0.484,0.53,0.877,0.649,0.705,0.983,0.866,0.784,0.075,0.667,0.272,0.858
292,0.857,0.224,0.407,0.859,0.692,0.219,0.607,0.372,0.348,0.695,0.428,0.212,0.926,0.004,0.978,0.043,0.298,0.986,0.503,0.779,0.406,0.649,0.905,0.758,0.625,0.648,0.754,0.379,0.694,0.094,0.653,0.531,0.901,0.492,0.505,0.666,0.227,0.994,0.032,0.735,0.366,0.331,0.213,0.694,0.854,0.104,0.335,0.492,0.803,0.868,0.601,0.317,0.714,0.477,0.994,0.409,0.037,0.878,0.721,0.075,0.491,0.977,0.847,0.308
294,0.117,0.659,0.221,0.851,0.451,0.341,0.725,0.844,0.671,0.888,0.856,0.029,0.949,0.287,0.835,0.784,0.654,0.938,0.426,0.522,0.592,0.415,0.661,0.588,0.592,0.386,0.296,0.939,0.775,0.98,0.834,0.395,0.322,0.643,0.89,0.758,0.775,0.852,0.673,0.545,0.637,0.619,0.983,0.99,0.774,0.318,0.238,0.224,0.408,0.438,0.135,0.665,0.733,0.781,0.128,0.744,0.997,0.658,0.046,0.078,0.88,0.828,0.847,0.671
296,0.966,0.442,0.358,0.712,0.465,0.766,0.976,0.014,0.56,0.621,0.687,0.589,0.308,0.253,0.761,0.895,0.801,0.55,0.855,0.282,0.075,0.17,0.291,0.55,0.169,0.274,0.911,0.752,0.009,0.482,0.436,0.685,0.293,0.003,0.059,0.775,0.56,0.882,0.143,0.08,0.0,0.813,0.265,0.728,0.213,0.87,0.537,0.588,0.439,0.991,0.291,0.901,0.734,0.414,0.218,0.846,0.512,0.597,0.707,0.651,0.622,0.803,0.709,0.706
298,0.61,0.896,0.304,0.21,0.049,0.546,0.644,0.669,0.656,0.841,0.878,0.44,0.855,0.292,0.756,0.557,0.688,0.879,0.32,0.264,0.763,0.147,0.41,0.19,0.61,0.066,0.137,0.517,0.206,0.058,0.761,0.466,0.189,0.903,0.995,0.932,0.154,0.321,0.77,0.808,0.409,0.795,0.33,0.08,0.63,0.046,0.061,0.565,0.958,0.05,0.957,0.303,0.205,0.232,0.157,0.346,0.53,0.529,0.059,0.926,0.359,0.736,0.388,0.903
300,0.87,0.847,0.114,0.629,0.703,0.555,0.634,0.379,0.168,0.465,0.323,0.611,0.085,0.076,0.726,0.851,0.129,0.761,0.457,0.389,0.402,0.647,0.88,0.087,0.33,0.449,0.513,0.097,0.15,0.538,0.903,0.736,0.223,0.659,0.632,0.906,0.87,0.114,0.404,0.03,0.883,0.91,0.511,0.729,0.866,0.759,0.985,0.756,0.583,0.608,0.652,0.042,0.511,0.513,0.303,0.048,0.16,0.654,0.547,0.261,0.935,0.135,0.315,0.338
302,0.929,0.729,0.832,0.335,0.148,0.567,0.247,0.643,0.869,0.366,0.545,0.368,0.007,0.032,0.027,0.843,0.939,0.134,0.223,0.545,0.378,0.79,0.193,0.16,0.944,0.947,0.049,0.686,0.871,0.542,0.191,0.031,0.306,0.183,0.06,0.504,0.978,0.641,0.564,0.038,0.329,0.081,0.276,0.551,0.074,0.993,0.442,0.045,0.503,0.835,0.262,0.929,0.577,0.942,0.291,0.686,0.903,0.48,0.417,0.458,0.937,0.624,0.922,0.421
304,0.219,0.645,0.054,0.649,0.057,0.188,0.328,0.179,0.908,0.031,0.069,0.351,0.298,0.95,0.723,0.5,0.129,0.547,0.951,0.986,0.649,0.373,0.914,0.674,0.98,0.124,0.847,0.97,0.908,0.845,0.097,0.033,0.17,0.55,0.229,0.907,0.212,0.171,0.086,0.05,0.521,0.98,0.059,0.762,0.821,0.438,0.335,0.352,0.204,0.437,0.313,0.031,0.395,0.27,0.769,0.382,0.97,0.814,0.521,0.805,0.111,0.075,0.441,0.967
306,0.153,0.029,0.798,0.49,0.721,0.624,0.142,0.877,0.281,0.253,0.012,0.631,0.007,0.189,0.779,0.127,0.572,0.378,0.944,0.857,0.87,0.031,0.823,0.645,0.847,0.571,0.227,0.421,0.696,0.925,0.317,0.616,0.556,0.713,0.08,0.651,0.973,0.637,0.037,0.652,0.621,0.274,0.867,0.904,0.389,0.946,0.597,0.686,0.019,0.599,0.955,0.556,0.738,0.989,0.145,0.454,0.043,0.303,0.673,0.412,0.55,0.813,0.861,0.546
308,0.231,0.051,0.459,0.782,0.891,0.271,0.996,0.307,0.933,0.723,0.63,0.458,0.55,0.875,0.603,0.48,0.83,0.592,0.57,0.325,0.14,0.851,0.642,0.188,0.584,0.159,0.389,0.946,0.484,0.999,0.036,0.177,0.905,0.464,0.905,0.724,0.686,0.831,0.197,0.62,0.183,0.33,0.241,0.474,0.426,0.986,0.549,0.059,0.103,0.223,0.2,0.257,0.411,0.713,0.37,0.857,0.456,0.916,0.416,0.658,0.373,0.983,0.523,0.34
310,0.274,0.575,0.992,0.544,0.572,0.996,0.439,0.176,0.803,0.638,0.508,0.881,0.817,0.058,0.695,0.937,0.177,0.604,0.567,0.782,0.058,0.545,0.256,0.404,0.436,0.084,0.548,0.868,0.006,0.58,0.062,0.602,0.385,0.208,0.828,0.785,0.41,0.216,0.522,0.147,0.763,0.715,0.774,0.242,0.9,0.693,0.824,0.873,0.452,0.467,0.391,0.984,0.03,0.861,0.355,0.489,0.54,0.21,0.745,0.632,0.06,0.43,0.856,0.23
312,0.744,0.549,0.375,0.893,0.52,0.749,0.974,0.096,0.48,0.286,0.784,0.319,0.306,0.246,0.069,0.032,0.528,0.162,0.793,0.24,0.186,0.16,0.686,0.587,0.751,0.212,0.077,0.391,0.837,0.655,0.266,0.948,0.619,0.068,0.549,0.516,0.704,0.19,0.913,0.053,0.943,0.134,0.555,0.491,0.206,0.094,0.866,0.998,0.208,0.395,0.002,0.517,0.485,0.331,0.992,0.252,0.885,0.945,0.548,0.916,0.88,0.86,0.087,0.513
314,0.339,0.793,0.751,0.355,0.812,0.903,0.361,0.463,0.316,0.518,0.547,0.388,0.473,0.661,0.63,0.653,0.197,0.462,0.556,0.408,0.193,0.59,0.106,0.158,0.892,0.284,0.792,0.829,0.736,0.852,0.372,0.164,0.518,0.831,0.463,0.842,0.677,0.71,0.633,0.612,0.244,0.311,0.778,0.451,0.281,0.773,0.44,0.539,0.72,0.564,0.355,0.819,0.57,0.76,0.273,0.494,0.055,0.735,0.486,0.49,0.448,0.421,0.711,0.931
316,0.011,0.949,0.689,0.063,0.518,0.347,0.096,0.838,0.498,0.524,0.783,0.155,0.934,0.939,0.0,0.05,0.789,0.208,0.556,0.132,0.783,0.129,0.453,0.423,0.987,0.456,0.666,0.821,0.374,0.144,0.465,0.366,0.183,0.919,0.277,0.75,0.575,0.484,0.801,0.692,0.671,0.442,0.614,0.352,0.245,0.32,0.927,0.621,0.09,0.793,0.807,0.343,0.376,0.409,0.448,0.46,0.079,0.644,0.846,0.853,0.294,0.832,0.402,0.414
318,0.757,0.01,0.19,0.048,0.47,0.951,0.232,0.722,0.583,0.818,0.018,0.847,0.618,0.499,0.461,0.77,0.46,0.006,0.034,0.629,0.819,0.345,0.018,0.081,0.869,0.89,0.329,0.643,0.746,0.353,0.876,0.935,0.899,0.43,0.752,0.768,0.854,0.16,0.666,0.324,0.556,0.254,0.953,0.24,0.67,0.432,0.217,0.155,0.819,0.511,0.076,0.505,0.026,0.367,0.681,0.349,0.665,0.104,0.115,0.808,0.804,0.598,0.015,0.23
320,0.943,0.382,0.874,0.987,0.345,0.967,0.358,0.948,0.182,0.15,0.948,0.855,0.765,0.735,0.351,0.145,0.601,0.851,0.061,0.141,0.771,0.313,0.865,0.789,0.48,0.323,0.816,0.578,0.952,0.331,0.263,0.166,0.105,0.573,0.48,0.095,0.636,0.788,0.805,0.506,0.224,0.995,0.097,0.91,0.879,0.918,0.351,0.795,0.027,0.286,0.23,0.165,0.712,0.476,0.961,0.904,0.12,0.369,0.488,0.398,0.328,0.119,0.624,0.584
322,0.296,0.032,0.612,0.629,0.78,0.232,0.142,0.251,0.15,0.626,0.377,0.038,0.082,0.317,0.966,0.849,0.41,0.878,0.196,0.093,0.194,0.516,0.274,0.719,0.501,0.665,0.069,0.176,0.057,0.012,0.046,0.207,0.409,0.97,0.966,0.361,0.87,0.74,0.499,0.952,0.905,0.164,0.318,0.43,0.192,0.859,0.046,0.252,0.367,0.352,0.427,0.055,0.445,0.325,0.936,0.957,0.081,0.352,0.698,0.066,0.045,0.657,0.044,0.504
324,0.176,0.14,0.928,0.011,0.349,0.475,0.676,0.675,0.377,0.815,0.904,0.171,0.137,0.264,0.911,0.716,0.225,0.642,0.031,0.457,0.329,0.439,0.202,0.493,0.283,0.74,0.319,0.437,0.235,0.105,0.289,0.883,0.152,0.405,0.19,0.626,0.277,0.61,0.233,0.121,0.874,0.827,0.427,0.035,0.657,0.202,0.185,0.693,0.209,0.03,0.558,0.725,0.946,0.977,0.394,0.678,0.086,0.265,0.001,0.148,0.561,0.395,0.814,0.01
326,0.709,0.835,0.738,0.821,0.557,0.153,0.048,0.315,0.652,0.68,0.492,0.268,0.595,0.169,0.939,0.882,0.514,0.1,0.332,0.699,0.331,0.194,0.737,0.589,0.372,0.194,0.887,0.174,0.691,0.482,0.019,0.159,0.206,0.761,0.921,0.064,0.283,0.439,0.296,0.726,0.209,0.196,0.434,0.813,0.87,0.96,0.594,0.418,0.529,0.287,0.712,0.498,0.898,0.893,0.596,0.403,0.307,0.631,0.498,0.754,0.9,0.121,0.658,0.422
328,0.949,0.561,0.533,0.221,0.13,0.302,0.827,0.855,0.39,0.885,0.567,0.991,0.741,0.939,0.749,0.167,0.617,0.222,0.528,0.92,0.99,0.768,0.945,0.129,0.43,0.283,0.823,0.543,0.384,0.772,0.673,0.046,0.76,0.394,0.374,0.225,0.76,0.07,0.977,0.78,0.628,0.105,0.799,0.197,0.129,0.729,0.783,0.3,0.16,0.329,0.883,0.478,0.495,0.888,0.771,0.712,0.425,0.6,0.809,0.194,0.262,0.695,0.529,0.767
330,0.947,0.914,0.946,0.066,0.027,0.015,0.016,0.901,0.046,0.61,0.703,0.815,0.669,0.196,0.654,0.68,0.146,0.094,0.963,0.338,0.11,0.847,0.511,0.801,0.859,0.988,0.398,0.056,0.276,0.405,0.818,0.467,0.049,0.021,0.459,0.562,0.457,0.376,0.553,0.653,0.402,0.971,0.319,0.111,0.339,0.293,0.124,0.687,0.423,0.694,0.952,0.532,0.169,0.442,0.771,0.304,0.825,0.616,0.772,0.285,0.834,0.083,0.813,0.164
332,0.213,0.782,0.616,0.157,0.05,0.559,0.582,0.957,0.832,0.206,0.596,0.71,0.979,0.671,0.934,0.16,0.832,0.372,0.363,0.886,0.419,0.439,0.116,0.414,0.938,0.636,0.115,0.221,0.439,0.506,0.105,0.764,0.362,0.761,0.153,0.325,0.479,0.279,0.288,0.07,0.842,0.875,0.485,0.556,0.899,0.09,0.486,0.618,0.158,0.438,0.174,0.708,0.943,0.315,0.411,0.561,0.248,0.17,0.985,0.263,0.063,0.488,0.395,0.584
334,0.45,0.414,0.973,0.838,0.493,0.541,0.955,0.139,0.556,0.766,0.23,0.639,0.999,0.113,0.401,0.494,0.597,0.423,0.849,0.901,0.054,0.365,0.741,0.371,0.995,0.206,0.972,0.375,0.692,0.827,0.688,0.784,0.757,0.199,0.615,0.019,0.696,0.555,0.663,0.464,0.142,0.434,0.943,0.299,0.061,0.907,0.656,0.891,0.744,0.219,0.086,0.407,0.84,0.419,0.021,0.621,0.365,0.115,0.516,0.807,0.745,0.581,0.898,0.532
336,0.168,0.424,0.327,0.195,0.515,0.11,0.325,0.874,0.227,0.605,0.357,0.135,0.132,0.482,0.559,0.366,0.695,0.459,0.389,0.772,0.629,0.395,0.096,0.975,0.606,0.618,0.001,0.019,0.666,0.624,0.231,0.572,0.941,0.165,0.159,0.853,0.933,0.263,0.163,0.397,0.733,0.8,0.879,0.789,0.067,0.943,0.636,0.375,0.676,0.739,0.058,0.306,0.748,0.91,0.764,0.976,0.709,0.058,0.557,0.851,0.443,0.632,0.798,0.16
338,0.049,0.075,0.793,0.65,0.785,0.598,0.655,0.679,0.708,0.148,0.596,0.014,0.628,0.062,0.548,0.268,0.414,0.981,0.597,0.262,0.954,0.093,0.812,0.126,0.631,0.515,0.633,0.752,0.861,0.583,0.199,0.545,0.546,0.919,0.574,0.452,0.373,0.398,0.982,0.285,0.786,0.556,0.305,0.07,0.654,0.064,0.603,0.654,0.034,0.316,0.255,0.362,0.746,0.588,0.636,0.199,0.151,0.521,0.059,0.741,0.129,0.61,0.847,0.835
340,0.521,0.32,0.33,0.529,0.532,0.8,0.949,0.311,0.444,0.701,0.381,0.429,0.308,0.956,0.451,0.804,0.344,0.152,0.088,0.636,0.059,0.985,0.387,0.819,0.502,0.769,0.765,0.401,0.252,0.177,0.418,0.325,0.69,0.113,0.636,0.404,0.91,0.77,0.647,0.125,0.147,0.877,0.669,0.422,0.702,0.034,0.086,0.866,0.117,0.398,0.789,0.601,0.66,0.046,0.018,0.666,0.985,0.495,0.416,0.792,0.163,0.994,0.491,0.941
342,0.534,0.122,0.978,0.804,0.163,0.314,0.964,0.894,0.094,0.082,0.191,0.366,0.389,0.035,0.796,0.85,0.465,0.798,0.567,0.47,0.244,0.605,0.991,0.21,0.187,0.848,0.159,0.325,0.481,0.671,0.882,0.065,0.257,0.148,0.575,0.493,0.376,0.328,0.244,0.313,0.14,0.596,0.645,0.218,0.259,0.863,0.199,0.022,0.363,0.841,0.644,0.71,0.766,0.102,0.338,0.46,0.445,0.796,0.057,0.596,0.126,0.262,0.37,0.004
344,0.763,0.147,0.786,0.266,0.164,0.282,0.175,0.941,0.812,0.485,0.369,0.357,0.78,0.467,0.006,0.179,0.185,0.744,0.622,0.702,0.893,0.882,0.656,0.272,0.623,0.407,0.463,0.421,0.08,0.994,0.172,0.519,0.906,0.343,0.301,0.436,0.913,0.981,0.819,0.736,0.222,0.867,0.643,0.209,0.813,0.318,0.489,0.682,0.233,0.536,0.794,0.081,0.364,0.355,0.717,0.167,0.829,0.071,0.097,0.473,0.171,0.357,0.817,0.399
346,0.455,0.466,0.909,0.119,0.354,0.29,0.348,0.025,0.35,0.498,0.093,0.996,0.454,0.404,0.063,0.531,0.599,0.989,0.984,0.515,0.704,0.808,0.461,0.567,0.785,0.345,0.436,0.586,0.152,0.645,0.128,0.483,0.547,0.547,0.242,0.654,0.578,0.673,0.353,0.106,0.281,0.283,0.748,0.531,0.884,0.025,0.774,0.744,0.635,0.431,0.011,0.956,0.006,0.545,0.663,0.212,0.027,0.344,0.684,0.734,0.163,0.852,0.55,0.564
348,0.071,0.541,0.044,0.915,0.336,0.915,0.557,0.204,0.067,0.533,0.712,0.136,0.351,0.171,0.804,0.155,0.759,0.27,0.477,0.282,0.551,0.833,0.237,0.505,0.439,0.659,0.699,0.421,0.244,0.888,0.926,0.55,0.215,0.145,0.133,0.575,0.19,0.294,0.762,0.614,0.694,0.672,0.896,0.983,0.872,0.881,0.089,0.493,0.31,0.971,0.398,0.295,0.884,0.867,0.333,0.726,0.241,0.858,0.599,0.53,0.537,0.072,0.891,0.903
350,0.545,0.583,0.084,0.213,0.73,0.721,0.523,0.803,0.99,0.974,0.933,0.051,0.946,0.232,0.859,0.452,0.643,0.532,0.679,0.677,0.435,0.508,0.601,0.93,0.678,0.605,0.599,0.719,0.258,0.905,0.69,0.162,0.39,0.38,0.85,0.918,0.361,0.566,0.911,0.112,0.1,0.123,0.331,0.329,0.357,0.146,0.499,0.01,0.676,0.688,0.673,0.301,0.796,0.966,0.404,0.667,0.166,0.869,0.539,0.099,0.347,0.905,0.383,0.053
352,0.713,0.814,0.296,0.092,0.34,0.927,0.081,0.271,0.18,0.381,0.031,0.783,0.926,0.79,0.284,0.952,0.111,0.501,0.504,0.188,0.344,0.33,0.1,0.435,0.491,0.419,0.445,0.36,0.401,0.293,0.095,0.076,0.284,0.694,0.834,0.601,0.037,0.839,0.494,0.296,0.191,0.515,0.958,0.737,0.626,0.141,0.147,0.62,0.106,0.41,0.323,0.569,0.513,0.776,0.886,0.48,0.286,0.97,0.155,0.997,0.003,0.831,0.263,0.863
354,0.932,0.361,0.237,0.319,0.917,0.703,0.093,0.609,0.055,0.451,0.723,0.599,0.778,0.914,0.208,0.101,0.215,0.185,0.589,0.441,0.218,0.75,0.301,0.228,0.057,0.372,0.131,0.649,0.526,0.95,0.939,0.905,0.86,0.613,0.316,0.928,0.381,0.067,0.498,0.736,0.842,0.863,0.386,0.432,0.04,0.772,0.525,0.266,0.341,0.386,0.395,0.636,0.869,0.612,0.331,0.44,0.721,0.233,0.695,0.066,0.062,0.163,0.857,0.128
356,0.154,0.672,0.33,0.117,0.725,0.494,0.412,0.104,0.86,0.444,0.806,0.753,0.223,0.392,0.248,0.503,0.783,0.884,0.987,0.969,0.971,0.964,0.452,0.684,0.845,0.637,0.936,0.534,0.109,0.878,0.627,0.48,0.428,0.639,0.256,0.537,0.823,0.954,0.997,0.51,0.119,0.827,0.154,0.51,0.689,0.204,0.035,0.789,0.768,0.697,0.61,0.943,0.278,0.114,0.561,0.765,0.76,0.907,0.107,0.345,0.196,0.125,0.158,0.652
358,0.468,0.907,0.879,0.049,0.705,0.777,0.28,0.167,0.505,0.25,0.853,0.305,0.852,0.891,0.399,0.621,0.021,0.866,0.367,0.798,0.478,0.285,0.577,0.612,0.074,0.304,0.868,0.033,0.865,0.136,0.755,0.514,0.216,0.433,0.463,0.956,0.915,0.656,0.23,0.133,0.186,0.385,0.44,0.772,0.277,0.674,0.545,0.854,0.646,0.176,0.725,0.31,0.519,0.529,0.629,0.671,0.11,0.519,0.355,0.7,0.674,0.418,0.918,0.52
360,0.557,0.997,0.318,0.648,0.895,0.146,0.752,0.949,0.801,0.808,0.927,0.201,0.93,0.235,0.948,0.648,0.213,0.235,0.198,0.099,0.918,0.05,0.975,0.559,0.638,0.697,0.431,0.315,0.029,0.015,0.29,0.155,0.561,0.157,0.466,0.428,0.104,0.342,0.698,0.212,0.16,0.422,0.592,0.312,0.247,0.021,0.087,0.359,0.078,0.088,0.778,0.369,0.224,0.266,0.304,0.325,0.176,0.706,0.272,0.332,0.588,0.274,0.121,0.941
362,0.452,0.791,0.982,0.303,0.157,0.111,0.912,0.847,0.883,0.998,0.589,0.752,0.893,0.348,0.397,0.553,0.657,0.649,0.602,0.208,0.181,0.397,0.912,0.545,0.992,0.393,0.899,0.502,0.523,0.45,0.508,0.472,0.819,0.801,0.474,0.736,0.701,0.402,0.072,0.897,0.591,0.486,0.38,0.343,0.139,0.249,0.558,0.568,0.378,0.267,0.377,0.674,0.626,0.837,0.91,0.139,0.05,0.744,0.598,0.476,0.737,0.797,0.492,0.303
364,0.308,0.515,0.155,0.779,0.53,0.869,0.103,0.813,0.445,0.535,0.7,0.83,0.786,0.439,0.315,0.765,0.971,0.925,0.069,0.529,0.568,0.349,0.681,0.304,0.615,0.144,0.829,0.081,0.6,0.651,0.662,0.705,0.664,0.409,0.289,0.218,0.831,0.567,0.478,0.747,0.5,0.75,0.656,0.194,0.63,0.119,0.352,0.326,0.892,0.512,0.858,0.088,0.806,0.641,0.964,0.659,0.861,0.033,0.87,0.05,0.29,0.044,0.068,0.912
366,0.203,0.074,0.695,0.921,0.862,0.723,0.051,0.081,0.585,0.928,0.08,0.304,0.243,0.807,0.982,0.156,0.682,0.861,0.195,0.128,0.071,0.495,0.816,0.284,0.401,0.909,0.627,0.762,0.989,0.692,0.554,0.36,0.324,0.72,0.528,0.451,0.268,0.325,0.838,0.756,0.149,0.624,0.484,0.51,0.642,0.654,0.769,0.032,0.109,0.536,0.017,0.921,0.973,0.904,0.47,0.786,0.532,0.756,0.526,0.848,0.671,0.486,0.427,0.711
368,0.11,0.347,0.37,0.053,0.173,0.822,0.693,0.916,0.468,0.908,0.437,0.807,0.921,0.766,0.642,0.904,0.352,0.545,0.795,0.025,0.92,0.997,0.283,0.681,0.442,0.346,0.659,0.859,0.23,0.773,0.106,0.379,0.907,0.14,0.161,0.993,0.554,0.829,0.299,0.484,0.489,0.085,0.85,0.254,0.786,0.532,0.876,0.625,0.847,0.439,0.531,0.73,0.812,0.904,0.019,0.066,0.19,0.381,0.25,0.624,0.367,0.863,0.738,0.416
370,0.671,0.901,0.628,0.494,0.481,0.734,0.573,0.525,0.008,0.55,0.077,0.861,0.203,0.523,0.21,0.486,0.972,0.769,0.166,0.755,0.747,0.686,0.212,0.757,0.161,0.975,0.369,0.756,0.791,0.939,0.61,0.385,0.287,0.883,0.113,0.019,0.669,0.573,0.569,0.847,0.932,0.484,0.91,0.392,0.65,0.482,0.985,0.328,0.528,0.153,0.975,0.969,0.463,0.199,0.321,0.939,0.321,0.298,0.023,0.46,0.743,0.859,0.07,0.747
372,0.572,0.04,0.085,0.712,0.676,0.662,0.454,0.068,0.736,0.987,0.615,0.653,0.759,0.134,0.081,0.066,0.688,0.392,0.827,0.134,0.673,0.62,0.324,0.097,0.149,0.933,0.749,0.502,0.727,0.439,0.491,0.021,0.281,0.299,0.35,0.309,0.188,0.197,0.78,0.348,0.822,0.68,0.953,0.18,0.057,0.569,0.269,0.019,0.333,0.306,0.988,0.552,0.267,0.378,0.752,0.952,0.789,0.64,0.145,0.928,0.258,0.669,0.075,0.872
374,0.124,0.624,0.224,0.376,0.052,0.468,0.687,0.15,0.419,0.335,0.304,0.185,0.165,0.704,0.089,0.529,0.751,0.942,0.725,0.507,0.75,0.326,0.213,0.201,0.905,0.694,0.303,0.772,0.884,0.91,0.223,0.907,0.414,0.172,0.44,0.052,0.067,0.793,0.579,0.649,0.813,0.357,0.675,0.064,0.76,0.86,0.449,0.733,0.766,0.458,0.401,0.665,0.916,0.518,0.234,0.402,0.973,0.135,0.812,0.134,0.088,0.921,0.327,0.417
376,0.882,0.037,0.292,0.744,0.463,0.088,0.644,0.198,0.816,0.622,0.681,0.255,0.343,0.132,0.153,0.503,0.371,0.92,0.565,0.984,0.438,0.224,0.598,0.515,0.018,0.975,0.589,0.097,0.106,0.804,0.575,0.143,0.621,0.514,0.553,0.415,0.053,0.314,0.95,0.937,0.073,0.627,0.799,0.422,0.571,0.672,0.324,0.672,0.45,0.061,0.638,0.856,0.043,0.941,0.893,0.644,0.001,0.091,0.431,0.457,0.515,0.523,0.184,0.385
378,0.029,0.654,0.595,0.099,0.543,0.633,0.576,0.574,0.605,0.242,0.361,0.091,0.239,0.118,0.565,0.774,0.577,0.788,0.896,0.564,0.373,0.9,0.276,0.739,0.64,0.482,0.796,0.107,0.656,0.154,0.731,0.213,0.499,0.115,0.036,0.165,0.948,0.424,0.795,0.868,0.124,0.313,0.13,0.459,0.233,0.164,0.13,0.719,0.021,0.163,0.944,0.936,0.613,0.324,0.457,0.447,0.797,0.207,0.13,0.096,0.222,0.14,0.318,0.778
380,0.698,0.301,0.906,0.651,0.577,0.185,0.879,0.364,0.793,0.195,0.342,0.485,0.523,0.94,0.627,0.061,0.41,0.162,0.132,0.748,0.272,0.248,0.925,0.922,0.636,0.61,0.571,0.803,0.65,0.991,0.728,0.802,0.469,0.889,0.487,0.119,0.349,0.975,0.379,0.636,0.85,0.404,0.528,0.214,0.464,0.231,0.701,0.147,0.657,0.204,0.881,0.256,0.807,0.642,0.314,0.597,0.31,0.539,0.743,0.096,0.075,0.066,0.772,0.452
382,0.856,0.033,0.457,0.41,0.503,0.153,0.672,0.187,0.907,0.126,0.358,0.744,0.012,0.784,0.311,0.92,0.665,0.499,0.67,0.842,0.825,0.074,0.406,0.825,0.568,0.509,0.276,0.917,0.537,0.097,0.317,0.485,0.917,0.92,0.079,0.454,0.668,0.551,0.707,0.514,0.119,0.495,0.672,0.815,0.092,0.73,0.871,0.033,0.166,0.37,0.451,0.027,0.165,0.294,0.535,0.52,0.064,0.694,0.532,0.072,0.535,0.819,0.562,0.46
384,0.727,0.793,0.189,0.997,0.433,0.902,0.68,0.507,0.564,0.504,0.716,0.683,0.619,0.3,0.896,0.703,0.337,0.545,0.049,0.211,0.966,0.429,0.301,0.26,0.646,0.502,0.026,0.204,0.081,0.915,0.663,0.035,0.188,0.155,0.66,0.124,0.336,0.65,0.922,0.728,0.254,0.669,0.564,0.301,0.448,0.591,0.301,0.957,0.259,0.154,0.517,0.6,0.601,0.474,0.852,0.055,0.219,0.722,0.236,0.203,0.314,0.497,0.248,0.977
386,0.299,0.997,0.523,0.038,0.543,0.566,0.404,0.755,0.095,0.13,0.359,0.854,0.367,0.036,0.023,0.08,0.093,0.563,0.249,0.607,0.167,0.658,0.12,0.369,0.739,0.25,0.168,0.244,0.364,0.323,0.046,0.16,0.528,0.59,0.491,0.727,0.73,0.473,0.055,0.088,0.442,0.806,0.552,0.685,0.623,0.872,0.329,0.874,0.736,0.671,0.998,0.166,0.291,0.871,0.187,0.604,0.343,0.314,0.199,0.344,0.768,0.388,0.726,0.506
388,0.909,0.174,0.059,0.415,0.924,0.062,0.535,0.134,0.057,0.819,0.784,0.308,0.165,0.566,0.366,0.379,0.774,0.2,0.695,0.646,0.084,0.303,0.031,0.703,0.805,0.985,0.056,0.792,0.418,0.861,0.871,0.158,0.369,0.171,0.778,0.473,0.95,0.812,0.793,0.881,0.031,0.894,0.15,0.479,0.05,0.663,0.105,0.174,0.523,0.609,0.891,0.534,0.139,0.82,0.283,0.778,0.591,0.59,0.451,0.257,0.745,0.029,0.464,0.346
390,0.571,0.499,0.758,0.829,0.181,0.911,0.685,0.093,0.192,0.288,0.322,0.077,0.117,0.197,0.354,0.666,0.56,0.322,0.958,0.635,0.03,0.823,0.929,0.257,0.757,0.701,0.526,0.441,0.809,0.792,0.357,0.661,0.184,0.295,0.476,0.816,0.323,0.872,0.728,0.14,0.19,0.18,0.235,0.65,0.32,0.958,0.19,0.821,0.686,0.817,0.097,0.668,0.026,0.522,0.161,0.727,0.646,0.849,0.289,0.944,0.055,0.771,0.57,0.031
392,0.752,0.234,0.347,0.531,0.342,0.728,0.321,0.416,0.911,0.768,0.55,0.53,0.852,0.527,0.818,0.658,0.136,0.405,0.707,0.922,0.5,0.763,0.523,0.603,0.74,0.743,0.195,0.688,0.397,0.129,0.245,0.933,0.638,0.581,0.675,0.117,0.446,0.163,0.646,0.875,0.793,0.416,0.358,0.63,0.826,0.868,0.771,0.805,0.242,0.486,0.82,0.614,0.567,0.79,0.327,0.855,0.294,0.05,0.298,0.733,0.237,0.213,0.783,0.927
394,0.587,0.908,0.14,0.094,0.692,0.445,0.572,0.964,0.933,0.51,0.423,0.912,0.149,0.573,0.819,0.298,0.808,0.732,0.156,0.327,0.67,0.884,0.713,0.213,0.271,0.924,0.484,0.232,0.003,0.483,0.107,0.463,0.114,0.603,0.157,0.8,0.395,0.934,0.149,0.244,0.972,0.495,0.501,0.328,0.39,0.528,0.318,0.148,0.014,0.776,0.078,0.703,0.738,0.909,0.066,0.108,0.137,0.386,0.252,0.809,0.614,0.618,0.363,0.951
396,0.731,0.081,0.758,0.431,0.262,0.992,0.451,0.094,0.006,0.959,0.772,0.795,0.368,0.47,0.014,0.595,0.949,0.879,0.916,0.78,0.454,0.038,0.809,0.349,0.05,0.912,0.096,0.954,0.547,0.309,0.328,0.792,0.818,0.731,0.035,0.178,0.953,0.278,0.807,0.234,0.495,0.496,0.731,0.963,0.294,0.547,0.206,0.987,0.49,0.036,0.033,0.199,0.892,0.198,0.1,0.947,0.05,0.543,0.361,0.236,0.479,0.899,0.613,0.722
398,0.193,0.142,0.287,0.792,0.863,0.502,0.665,0.783,0.54,0.362,0.55,0.595,0.939,0.183,0.461,0.053,0.236,0.273,0.484,0.807,0.845,0.518,0.201,0.495,0.966,0.336,0.462,0.313,0.025,0.232,0.841,0.271,0.716,0.905,0.896,0.309,0.331,0.222,0.691,0.921,0.925,0.951,0.853,0.092,0.452,0.949,0.04,0.746,0.054,0.837,0.072,0.149,0.114,0.547,0.175,0.519,0.287,0.05,0.923,0.82,0.584,0.475,0.588,0.199
