time,CP6,F7,CP2,FT8,P1,PO8,P9,P4,CPz,P6,FT7,AF8,Fp2,P2,CP5,Pz,O1,FC5,F8,P5,Oz,FC3,P3,PO7,F5,FC2,TP8,CP1,TP7,POz,CP3,T8,Fp1,FC1,F10,F1,C3,T7,C1,C2,C4,FC4,C6,C5,F2,F6,AF3,PO4,P10,P8,P7,PO3,Fz,AF7,FCz,CP4,F4,AF4,Cz,FC6,F9,F3,O2,AFz
-100,0.608,0.143,0.07,0.99,0.205,0.33,0.48,0.988,0.952,0.053,0.042,0.651,0.342,0.987,0.469,0.147,0.38,0.255,0.939,0.436,0.492,0.52,0.268,0.394,0.789,0.325,0.787,0.558,0.957,0.738,0.415,0.442,0.134,0.729,0.736,0.231,0.615,0.201,0.639,0.227,0.406,0.318,0.157,0.651,0.026,0.647,0.252,0.282,0.945,0.301,0.609,0.999,0.057,0.091,0.418,0.825,0.306,0.274,0.239,0.118,0.639,0.878,0.775,0.11
-98,0.729,0.078,0.425,0.118,0.906,0.694,0.722,0.35,0.769,0.301,0.225,0.605,0.028,0.43,0.398,0.513,0.544,0.147,0.55,0.29,0.552,0.879,0.276,0.546,0.998,0.269,0.216,0.399,0.122,0.948,0.386,0.71,0.013,0.694,0.521,0.945,0.443,0.866,0.279,0.144,0.037,0.713,0.952,0.64,0.36,0.525,0.159,0.998,0.162,0.49,0.044,0.711,0.085,0.937,0.853,0.276,0.48,0.698,0.486,0.296,0.77,0.249,0.746,0.016
-96,0.875,0.638,0.711,0.61,0.993,0.207,0.615,0.65,0.655,0.351,0.946,0.325,0.63,0.447,0.698,0.092,0.462,0.231,0.776,0.492,0.397,0.946,0.531,0.672,0.426,0.286,0.529,0.543,0.812,0.477,0.624,0.672,0.849,0.843,0.645,0.285,0.007,0.716,0.703,0.411,0.115,0.914,0.861,0.401,0.997,0.19,0.855,0.273,0.783,0.228,0.065,0.096,0.575,0.394,0.369,0.684,0.063,0.509,0.104,0.965,0.831,0.451,0.928,0.159
-94,0.089,0.453,0.258,0.664,0.47,0.234,0.549,0.306,0.774,0.695,0.992,0.755,0.875,0.649,0.924,0.018,0.859,0.683,0.775,0.253,0.765,0.52,0.828,0.334,0.247,0.987,0.655,0.376,0.655,0.721,0.694,0.295,0.769,0.629,0.734,0.385,0.616,0.17,0.596,0.627,0.607,0.193,0.013,0.285,0.415,0.225,0.683,0.502,0.249,0.24,0.214,0.901,0.312,0.074,0.782,0.125,0.461,0.867,0.114,0.6,0.275,0.217,0.126,0.167
-92,0.701,0.321,0.22,0.604,0.043,0.741,0.606,0.773,0.242,0.971,0.716,0.243,0.996,0.61,0.905,0.175,0.518,0.927,0.102,0.027,0.276,0.776,0.472,0.486,0.056,0.855,0.356,0.121,0.053,0.434,0.479,0.602,0.937,0.151,0.186,0.968,0.783,0.902,0.023,0.297,0.745,0.683,0.059,0.454,0.411,0.282,0.729,0.629,0.336,0.538,0.514,0.77,0.363,0.71,0.315,0.108,0.641,0.009,0.437,0.091,0.128,0.593,0.891,0.034
-90,0.386,0.797,0.333,0.605,0.849,0.567,0.616,0.178,0.829,0.244,0.307,0.781,0.613,0.596,0.224,0.465,0.361,0.169,0.051,0.209,0.91,0.559,0.537,0.386,0.975,0.186,0.691,0.611,0.733,0.8,0.847,0.859,0.098,0.697,0.038,0.176,0.973,0.768,0.965,0.579,0.555,0.526,0.511,0.194,0.22,0.993,0.274,0.199,0.307,0.796,0.919,0.797,0.798,0.753,0.737,0.079,0.703,0.266,0.185,0.294,0.548,0.602,0.484,0.736
-88,0.4,0.888,0.732,0.192,0.304,0.042,0.516,0.409,0.052,0.977,0.307,0.186,0.339,0.273,0.77,0.382,0.503,0.871,0.16,0.97,0.6,0.889,0.391,0.745,0.743,0.609,0.923,0.826,0.567,0.784,0.803,0.329,0.06,0.083,0.747,0.964,0.42,0.337,0.272,0.756,0.646,0.151,0.386,0.99,0.401,0.386,0.214,0.187,0.677,0.522,0.365,0.334,0.672,0.574,0.719,0.237,0.994,0.623,0.389,0.125,0.675,0.956,0.291,0.762
-86,0.881,0.526,0.658,0.627,0.941,0.717,0.58,0.458,0.714,0.163,0.125,0.94,0.763,0.354,0.481,0.537,0.425,0.032,0.832,0.917,0.88,0.14,0.302,0.373,0.81,0.538,0.93,0.216,0.705,0.102,0.008,0.619,0.016,0.877,0.841,0.916,0.446,0.672,0.646,0.106,0.012,0.495,0.718,0.015,0.791,0.457,0.9,0.161,0.519,0.654,0.434,0.79,0.997,0.458,0.783,0.259,0.402,0.219,0.915,0.943,0.7,0.082,0.376,0.707
-84,0.489,0.74,0.085,0.622,0.009,0.208,0.313,0.682,0.416,0.408,0.027,0.324,0.645,0.832,0.177,0.778,0.733,0.703,0.554,0.519,0.581,0.025,0.601,0.356,0.348,0.383,0.567,0.174,0.186,0.259,0.659,0.957,0.533,0.212,0.656,0.581,0.098,0.666,0.27,0.104,0.022,0.173,0.791,0.784,0.345,0.31,0.652,0.103,0.816,0.577,0.458,0.313,0.605,0.914,0.196,0.218,0.32,0.348,0.909,0.381,0.477,0.033,0.948,0.27
-82,0.028,0.668,0.213,0.146,0.947,0.45,0.605,0.355,0.338,0.595,0.819,0.965,0.188,0.528,0.95,0.197,0.418,0.561,0.629,0.787,0.056,0.436,0.759,0.292,0.399,0.946,0.73,0.683,0.605,0.007,0.917,0.214,0.121,0.447,0.299,0.162,0.697,0.364,0.066,0.224,0.288,0.178,0.473,0.517,0.202,0.249,0.573,0.809,0.111,0.673,0.273,0.753,0.419,0.393,0.817,0.873,0.65,0.702,0.505,0.554,0.668,0.135,0.501,0.908
-80,0.188,0.281,0.425,0.213,0.631,0.084,0.359,0.171,0.573,0.561,0.407,0.693,0.906,0.578,0.381,0.038,0.464,0.57,0.275,0.7,0.455,0.232,0.548,0.072,0.439,0.755,0.53,0.648,0.601,0.708,0.363,0.147,0.614,0.608,0.859,0.366,0.355,0.755,0.422,0.503,0.712,0.72,0.834,0.693,0.508,0.837,0.042,0.13,0.634,0.92,0.46,0.455,0.479,0.997,0.327,0.275,0.093,0.549,0.238,0.272,0.231,0.61,0.35,0.632
-78,0.146,0.2,0.116,0.74,0.675,0.443,0.318,0.1,0.082,0.911,0.382,0.878,0.743,0.76,0.131,0.726,0.689,0.621,0.41,0.415,0.528,0.932,0.004,0.984,0.103,0.517,0.28,0.787,0.427,0.412,0.618,0.121,0.686,0.281,0.99,0.265,0.843,0.074,0.656,0.152,0.085,0.976,0.203,0.726,0.237,0.044,0.781,0.969,0.575,0.345,0.277,0.61,0.14,0.403,0.18,0.795,0.656,0.392,0.505,0.395,0.255,0.371,0.058,0.433
-76,0.312,0.412,0.838,0.458,0.715,0.141,0.929,0.835,0.166,0.293,0.816,0.895,0.41,0.913,0.015,0.077,0.753,0.495,0.199,0.912,0.851,0.91,0.73,0.432,0.859,0.659,0.149,0.143,0.946,0.594,0.383,0.251,0.896,0.951,0.31,0.986,0.861,0.198,0.196,0.35,0.252,0.011,0.013,0.771,0.186,0.066,0.723,0.018,0.667,0.012,0.347,0.588,0.704,0.397,0.6,0.587,0.163,0.817,0.225,0.798,0.893,0.378,0.111,0.39
-74,0.311,0.483,0.96,0.06,0.106,0.322,0.493,0.779,0.52,0.65,0.767,0.409,0.177,0.961,0.58,0.092,0.799,0.958,0.838,0.349,0.036,0.955,0.375,0.288,0.597,0.572,0.536,0.6,0.312,0.228,0.806,0.142,0.979,0.876,0.913,0.151,0.155,0.913,0.937,0.291,0.884,0.189,0.431,0.452,0.676,0.895,0.14,0.392,0.827,0.842,0.343,0.394,0.362,0.891,0.464,0.288,0.153,0.769,0.235,0.002,0.711,0.615,0.338,0.939
-72,0.597,0.398,0.092,0.121,0.674,0.263,0.657,0.604,0.924,0.537,0.122,0.404,0.369,0.35,0.422,0.555,0.312,0.776,0.587,0.724,0.799,0.09,0.479,0.571,0.861,0.872,0.974,0.485,0.522,0.307,0.028,0.923,0.814,0.021,0.921,0.85,0.789,0.447,0.442,0.49,0.787,0.656,0.078,0.332,0.037,0.132,0.08,0.697,0.59,0.374,0.337,0.708,0.858,0.085,0.104,0.676,0.109,0.93,0.49,0.737,0.906,0.6,0.354,0.689
-70,0.196,0.07,0.605,0.213,0.948,0.796,0.803,0.851,0.916,0.554,0.617,0.567,0.901,0.358,0.941,0.148,0.362,0.219,0.024,0.557,0.306,0.611,0.095,0.998,0.674,0.374,0.312,0.872,0.539,0.566,0.355,0.06,0.163,0.826,0.077,0.129,0.329,0.081,0.282,0.891,0.087,0.214,0.7,0.005,0.466,0.448,0.048,0.173,0.47,0.999,0.374,0.954,0.924,0.018,0.859,0.4,0.377,0.086,0.02,0.893,0.09,0.42,0.802,0.831
-68,0.239,0.224,0.049,0.546,0.778,0.626,0.817,0.781,0.223,0.58,0.423,0.991,0.78,0.807,0.304,0.585,0.026,0.534,0.424,0.505,0.702,0.301,0.17,0.692,0.749,0.699,0.418,0.686,0.203,0.837,0.694,0.509,0.766,0.397,0.676,0.161,0.611,0.337,0.77,0.718,0.073,0.224,0.065,0.291,0.49,0.481,0.169,0.624,0.845,0.133,0.165,0.058,0.0,0.318,0.142,0.945,0.315,0.658,0.813,0.852,0.623,0.553,0.268,0.481
-66,0.841,0.664,0.455,0.941,0.823,0.269,0.009,0.267,0.539,0.024,0.756,0.42,0.961,0.289,0.324,0.796,0.079,0.257,0.882,0.618,0.627,0.765,0.766,0.756,0.883,0.701,0.256,0.197,0.674,0.371,0.851,0.201,0.734,0.193,0.368,0.658,0.43,0.063,0.112,0.65,0.181,0.143,0.16,0.371,0.928,0.34,0.862,0.231,0.113,0.898,0.95,0.769,0.321,0.467,0.74,0.621,0.398,0.563,0.097,0.991,0.001,0.682,0.306,0.308
-64,0.176,0.837,0.908,0.356,0.571,0.528,0.296,0.719,0.743,0.799,0.515,0.83,0.161,0.453,0.676,0.995,0.295,0.149,0.905,0.812,0.775,0.089,0.195,0.994,0.884,0.954,0.298,0.861,0.051,0.902,0.49,0.753,0.22,0.697,0.436,0.658,0.594,0.52,0.59,0.347,0.212,0.202,0.606,0.99,0.119,0.9,0.35,0.597,0.979,0.025,0.685,0.779,0.383,0.823,0.522,0.261,0.94,0.008,0.084,0.748,0.759,0.839,0.035,0.149
-62,0.053,0.69,0.288,0.171,0.004,0.263,0.095,0.32,0.395,0.536,0.445,0.017,0.751,0.792,0.498,0.115,0.56,0.026,0.63,0.097,0.769,0.428,0.316,0.194,0.879,0.375,0.978,0.344,0.936,0.527,0.071,0.393,0.731,0.952,0.222,0.068,0.836,0.573,0.85,0.797,0.277,0.372,0.902,0.238,0.407,0.761,0.805,0.246,0.537,0.634,0.902,0.99,0.765,0.631,0.426,0.135,0.243,0.823,0.943,0.636,0.027,0.04,0.858,0.524
-60,0.183,0.805,0.036,0.403,0.652,0.445,0.995,0.281,0.608,0.267,0.14,0.749,0.496,0.948,0.146,0.994,0.104,0.824,0.83,0.963,0.988,0.287,0.272,0.186,0.537,0.385,0.816,0.771,0.958,0.41,0.417,0.03,0.885,0.099,0.225,0.157,0.245,0.332,0.939,0.072,0.698,0.156,0.7,0.106,0.987,0.976,0.416,0.03,0.769,0.749,0.245,0.145,0.303,0.996,0.575,0.264,0.356,0.341,0.568,0.562,0.112,0.931,0.658,0.435
-58,0.497,0.938,0.292,0.736,0.435,0.154,0.021,0.213,0.187,0.433,0.085,0.033,0.606,0.256,0.112,0.832,0.361,0.452,0.227,0.019,0.655,0.304,0.282,0.427,0.144,0.773,0.352,0.443,0.084,0.782,0.961,0.54,0.188,0.146,0.724,0.381,0.604,0.664,0.053,0.394,0.696,0.956,0.557,0.381,0.757,0.014,0.842,0.644,0.639,0.071,0.366,0.223,0.829,0.242,0.337,0.134,0.004,0.026,0.204,0.204,0.744,0.191,0.814,0.472
-56,0.587,0.661,0.399,0.63,0.049,0.684,0.709,0.231,0.822,0.144,0.592,0.954,0.436,0.432,0.549,0.193,0.983,0.31,0.33,0.305,0.476,0.539,0.283,0.464,0.283,0.835,0.404,0.345,0.684,0.555,0.147,0.441,0.067,0.439,0.732,0.368,0.374,0.136,0.062,0.345,0.737,0.333,0.659,0.85,0.17,0.093,0.7,0.85,0.976,0.203,0.395,0.535,0.291,0.604,0.883,0.466,0.195,0.34,0.994,0.801,0.333,0.037,0.135,0.836
-54,0.785,0.297,0.648,0.693,0.213,0.706,0.251,0.909,0.592,0.91,0.876,0.212,0.882,0.4,0.565,0.665,0.385,0.66,0.023,0.055,0.44,0.334,0.113,0.032,0.77,0.793,0.018,0.822,0.984,0.683,0.012,0.03,0.197,0.994,0.727,0.819,0.661,0.969,0.169,0.33,0.732,0.528,0.858,0.704,0.147,0.928,0.611,0.049,0.297,0.963,0.186,0.432,0.395,0.226,0.878,0.898,0.077,0.08,0.978,0.373,0.56,0.518,0.905,0.383
-52,0.405,0.777,0.426,0.079,0.633,0.947,0.273,0.387,0.475,0.633,0.454,0.964,0.314,0.717,0.679,0.576,0.805,0.617,0.484,0.669,0.645,0.095,0.171,0.678,0.704,0.401,0.344,0.496,0.086,0.934,0.817,0.466,0.121,0.851,0.309,0.124,0.844,0.627,0.262,0.949,0.41,0.541,0.922,0.409,0.714,0.78,0.482,0.17,0.99,0.487,0.224,0.176,0.956,0.156,0.276,0.516,0.718,0.162,0.451,0.359,0.286,0.623,0.504,0.381
-50,0.099,0.626,0.301,0.798,0.988,0.745,0.964,0.35,0.595,0.878,0.397,0.229,0.808,0.374,0.132,0.062,0.373,0.632,0.064,0.631,0.4,0.464,0.689,0.561,0.607,0.005,0.978,0.717,0.397,0.035,0.135,0.144,0.075,0.683,0.582,0.664,0.47,0.388,0.38,1.0,0.487,0.381,0.174,0.944,0.311,0.047,0.454,0.981,0.662,0.871,0.794,0.079,0.398,0.985,0.811,0.255,0.594,0.596,0.348,0.469,0.63,0.359,0.764,0.729
-48,0.26,0.073,0.896,0.572,0.887,0.387,0.818,0.753,0.426,0.705,0.387,0.436,0.083,0.01,0.331,0.834,0.985,0.871,0.338,0.204,0.096,0.682,0.06,0.326,0.96,0.98,0.995,0.093,0.402,0.108,0.27,0.175,0.799,0.84,0.397,0.543,0.862,0.792,0.263,0.51,0.397,0.963,0.14,0.29,0.781,0.504,0.581,0.058,0.856,0.145,0.792,0.135,0.387,0.793,0.071,0.201,0.643,0.454,0.029,0.718,0.462,0.257,0.912,0.038
-46,0.532,0.723,0.873,0.142,0.586,0.413,0.918,0.625,0.106,0.573,0.437,0.564,0.594,0.586,0.215,0.097,0.965,0.702,0.002,0.183,0.166,0.468,0.906,0.34,0.158,0.792,0.005,0.105,0.857,0.423,0.194,0.835,0.638,0.97,0.303,0.046,0.083,0.856,0.374,0.094,0.703,0.413,0.55,0.687,0.949,0.491,0.715,0.887,0.537,0.142,0.851,0.627,0.99,0.269,0.252,0.828,0.351,0.952,0.505,0.061,0.471,0.019,0.737,0.764
-44,0.165,0.792,0.063,0.986,0.106,0.143,0.798,0.084,0.768,0.949,0.254,0.349,0.64,0.585,0.763,0.664,0.3,0.441,0.579,0.596,0.817,0.034,0.508,0.057,0.553,0.034,0.214,0.07,0.785,0.563,0.682,0.332,0.927,0.415,0.426,0.761,0.188,0.539,0.663,0.533,0.049,0.38,0.357,0.817,0.696,0.052,0.302,0.967,0.199,0.908,0.988,0.022,0.174,0.824,0.595,0.035,0.521,0.103,0.097,0.09,0.414,0.673,0.101,0.295
-42,0.262,0.579,0.784,0.799,0.265,0.123,0.512,0.267,0.105,0.149,0.832,0.017,0.756,0.273,0.628,0.995,0.974,0.024,0.519,0.62,0.88,0.311,0.495,0.61,0.243,0.57,0.792,0.401,0.338,0.895,0.321,0.668,0.702,0.222,0.817,0.573,0.332,0.315,0.763,0.011,0.397,0.892,0.971,0.953,0.701,0.972,0.627,0.972,0.436,0.89,0.689,0.757,0.298,0.554,0.34,0.259,0.336,0.431,0.971,0.37,0.801,0.411,0.752,0.215
-40,0.452,0.965,0.715,0.129,0.145,0.518,0.769,0.594,0.794,0.156,0.078,0.451,0.188,0.117,0.111,0.211,0.65,0.747,0.831,0.475,0.261,0.194,0.423,1.0,0.784,0.29,0.582,0.996,0.168,0.578,0.825,0.833,0.666,0.831,0.633,0.062,0.532,0.977,0.918,0.587,0.404,0.181,0.32,0.519,0.139,0.684,0.584,0.807,0.265,0.359,0.799,0.779,0.344,0.959,0.582,0.955,0.944,0.984,0.676,0.272,0.192,0.666,0.575,0.746
-38,0.966,0.739,0.536,0.395,0.679,0.292,0.174,0.099,0.44,0.877,0.068,0.684,0.394,0.16,0.706,0.139,0.518,0.874,0.977,0.486,0.776,0.714,0.633,0.415,0.066,0.591,0.282,0.241,0.47,0.063,0.584,0.776,0.55,0.841,0.763,0.671,0.981,0.037,0.873,0.712,0.922,0.761,0.255,0.553,0.352,0.079,0.361,0.461,0.93,0.286,0.526,0.287,0.465,0.387,0.334,0.825,0.688,0.678,0.381,0.108,0.539,0.933,0.312,0.269
-36,0.521,0.623,0.725,0.884,0.313,0.543,0.819,0.663,0.138,0.01,0.363,0.783,0.061,0.182,0.885,0.187,0.404,0.772,0.833,0.665,0.497,0.132,0.047,0.672,0.664,0.036,0.858,0.469,0.805,0.563,0.165,0.915,0.013,0.252,0.024,0.004,0.917,0.201,0.014,0.903,0.976,0.432,0.278,0.922,0.18,0.263,0.071,0.361,0.631,0.502,0.679,0.706,0.934,0.479,0.877,0.139,0.036,0.789,0.61,0.855,0.771,0.584,0.05,0.754
-34,0.915,0.017,0.746,0.415,0.273,0.557,0.98,0.425,0.462,0.778,0.11,0.473,0.642,0.645,0.005,0.993,0.276,0.599,0.475,0.851,0.246,0.215,0.465,0.535,0.295,0.106,0.298,0.477,0.681,0.25,0.93,0.515,0.745,0.408,0.805,0.246,0.786,0.848,0.505,0.114,0.019,0.813,0.817,0.986,0.254,0.078,0.362,0.978,0.978,0.791,0.077,0.889,0.863,0.951,0.202,0.079,0.062,0.892,0.162,0.609,0.988,0.409,0.576,0.346
-32,0.306,0.097,0.837,0.364,0.347,0.886,0.39,0.714,0.481,0.169,0.309,0.925,0.868,0.21,0.412,0.895,0.787,0.225,0.404,0.807,0.942,0.8,0.13,0.405,0.557,0.839,0.847,0.073,0.945,0.035,0.97,0.212,0.758,0.381,0.712,0.339,0.761,0.908,0.569,0.757,0.554,0.007,0.249,0.516,0.638,0.423,0.209,0.519,0.558,0.396,0.729,0.915,0.365,0.916,0.029,0.126,0.251,0.478,0.044,0.507,0.74,0.193,0.185,0.677
-30,0.258,0.732,0.284,0.379,0.254,0.28,0.87,0.985,0.664,0.881,0.118,0.264,0.255,0.473,0.664,0.765,0.663,0.067,0.764,0.713,0.959,0.014,0.186,0.158,0.731,0.582,0.032,0.201,0.605,0.706,0.164,0.402,0.048,0.991,0.806,0.515,0.23,0.299,0.714,0.102,0.498,0.825,0.498,0.144,0.076,0.213,0.903,0.264,0.865,0.743,0.214,0.749,0.594,0.001,0.186,0.276,0.747,0.175,0.931,0.449,0.083,0.399,0.961,0.105
-28,0.5,0.471,0.708,0.076,0.681,0.935,0.707,0.65,0.837,0.586,0.801,0.482,0.521,0.141,0.588,0.559,0.112,0.776,0.021,0.622,0.881,0.486,0.284,0.004,0.211,0.126,0.412,0.715,0.655,0.12,0.826,0.26,0.444,0.256,0.563,0.386,0.528,0.582,0.203,0.255,0.008,0.769,0.261,0.803,0.819,0.335,0.322,0.851,0.23,0.229,0.262,0.124,0.061,0.611,0.63,0.808,0.178,0.338,0.532,0.415,0.927,0.137,0.724,0.921
-26,0.619,0.902,0.726,0.459,0.288,0.487,0.853,0.265,0.819,0.361,0.309,0.918,0.073,0.336,0.988,0.467,0.41,0.497,0.98,0.306,0.022,0.866,0.91,0.692,0.172,0.977,0.547,0.504,0.889,0.582,0.114,0.066,0.301,0.23,0.167,0.704,0.346,0.976,0.635,0.181,0.421,0.912,0.889,0.379,0.654,0.847,0.992,0.323,0.047,0.022,0.892,0.018,0.455,0.651,0.157,0.009,0.46,0.759,0.999,0.478,0.226,0.077,0.177,0.564
-24,0.448,0.147,0.143,0.497,0.575,0.472,0.946,0.544,0.348,0.859,0.647,0.184,0.119,0.584,0.199,0.157,0.958,0.278,0.325,0.511,0.679,0.492,0.183,0.72,0.236,0.22,0.176,0.512,0.102,0.52,0.402,0.371,0.438,0.78,0.505,0.194,0.416,0.58,0.686,0.125,0.064,0.757,0.366,0.67,0.093,0.98,0.586,0.32,0.972,0.128,0.46,0.027,0.659,0.105,0.742,0.333,0.824,0.699,0.656,0.941,0.617,0.607,0.512,0.024
-22,0.508,0.195,0.616,0.663,0.101,0.308,0.029,0.636,0.294,0.288,0.813,0.025,0.086,0.725,0.141,0.261,0.995,0.906,0.766,0.034,0.9,0.007,0.629,0.537,0.124,0.796,0.521,0.196,0.169,0.316,0.74,0.634,0.201,0.859,0.789,0.706,0.923,0.49,0.159,0.412,0.388,0.306,0.164,0.341,0.393,0.428,0.92,0.409,0.744,0.699,0.161,0.983,0.667,0.441,0.998,0.879,0.284,0.624,0.387,0.417,0.438,0.842,0.086,0.795
-20,0.038,0.678,0.227,0.185,0.36,0.004,0.369,0.198,0.372,0.388,0.656,0.42,0.943,0.927,0.497,0.89,0.306,0.805,0.47,0.831,0.618,0.404,0.256,0.504,0.579,0.438,0.25,0.54,0.418,0.038,0.041,0.454,0.401,0.951,0.796,0.211,0.887,0.579,0.945,0.444,0.004,0.781,0.052,0.714,0.121,0.563,0.452,0.841,0.897,0.096,0.378,0.728,0.87,0.191,0.998,0.731,0.17,0.596,0.187,0.023,0.842,0.906,0.165,0.0
-18,0.656,0.366,0.378,0.159,0.536,0.086,0.915,0.867,0.304,0.055,0.246,0.239,0.862,0.844,0.573,0.856,0.685,0.613,0.881,0.525,0.155,0.142,0.425,0.072,0.873,0.339,0.546,0.629,0.728,0.305,0.538,0.725,0.148,0.848,0.453,0.909,0.866,0.656,0.333,0.126,0.377,0.935,0.162,0.839,0.84,0.353,0.578,0.41,0.418,0.831,0.906,0.115,0.976,0.973,0.086,0.834,0.237,0.116,0.528,0.558,0.766,0.987,0.288,0.27
-16,0.263,0.672,0.882,0.587,0.36,0.374,0.767,0.159,0.547,0.183,0.841,0.702,0.382,0.964,0.325,0.599,0.86,0.463,0.045,0.385,0.751,0.68,0.877,0.443,0.07,0.67,0.602,0.075,0.839,0.553,0.112,0.443,0.471,0.953,0.179,0.812,0.04,0.99,0.233,0.789,0.838,0.076,0.873,0.725,0.501,0.827,0.218,0.714,0.411,0.106,0.692,0.507,0.254,0.626,0.21,0.319,0.736,0.679,0.422,0.745,0.202,0.693,0.546,0.95
-14,0.24,0.278,0.594,0.838,0.139,0.176,0.559,0.87,0.227,0.686,0.562,0.893,0.017,0.832,0.393,0.458,0.494,0.015,0.127,0.625,0.667,0.321,0.578,0.986,0.963,0.604,0.129,0.222,0.002,0.811,0.402,0.263,0.809,0.686,0.32,0.226,0.169,0.553,0.001,0.074,0.72,0.066,0.811,0.495,0.586,0.172,0.221,0.503,0.423,0.097,0.576,0.938,0.675,0.018,0.098,0.953,0.935,0.069,0.503,0.136,0.792,0.688,0.312,0.939
-12,0.382,0.981,0.633,0.683,0.098,0.629,0.481,0.982,0.987,0.65,0.578,0.635,0.939,0.534,0.9,0.112,0.55,0.171,0.282,0.97,0.778,0.987,0.757,0.539,0.923,0.694,0.974,0.341,0.541,0.278,0.098,0.282,0.875,0.263,0.614,0.267,0.563,0.608,0.587,0.816,0.493,0.631,0.998,0.97,0.599,0.589,0.932,0.227,0.93,0.418,0.982,0.764,0.699,0.226,0.646,0.94,0.258,0.248,0.015,0.494,0.259,0.065,0.294,0.151
-10,0.022,0.765,0.909,0.238,0.335,0.569,0.971,0.268,0.967,0.934,0.064,0.983,0.425,0.121,0.957,0.253,0.078,0.621,0.413,0.45,0.147,0.715,0.55,0.021,0.228,0.507,0.635,0.016,0.027,0.989,0.759,0.827,0.477,0.947,0.653,0.654,0.175,0.351,0.1,0.979,0.429,0.247,0.318,0.261,0.496,0.028,0.542,0.805,0.065,0.463,0.23,0.354,0.052,0.128,0.671,0.279,0.056,0.931,0.248,0.519,0.165,0.69,0.206,0.794
-8,0.379,0.349,0.367,0.921,0.297,0.154,0.273,0.847,0.09,0.714,0.224,0.067,0.455,0.772,0.585,0.419,0.602,0.463,0.019,0.242,0.489,0.306,0.094,0.084,0.325,0.547,0.422,0.874,0.406,0.052,0.029,0.37,0.672,0.745,0.124,0.656,0.167,0.411,0.568,0.096,0.612,0.79,0.723,0.113,0.065,0.235,0.927,0.368,0.788,0.796,0.409,0.31,0.737,0.103,0.329,0.888,0.852,0.192,0.95,0.106,0.229,0.744,0.14,0.668
-6,0.77,0.625,0.653,0.695,0.608,0.021,0.163,0.036,0.682,0.144,0.564,0.157,0.107,0.187,0.429,0.898,0.811,0.542,0.527,0.483,0.558,0.932,0.167,0.385,0.872,0.857,0.828,0.068,0.955,0.908,0.633,0.949,0.835,0.01,0.908,0.077,0.762,0.68,0.58,0.709,0.179,0.481,0.265,0.767,0.962,0.503,0.704,0.164,0.742,0.445,0.187,0.207,0.292,0.285,0.054,1.0,0.676,0.244,0.936,0.939,0.531,0.4,0.155,0.117
-4,0.015,0.04,0.476,0.714,0.752,0.979,0.779,0.26,0.984,0.336,0.959,0.312,0.567,0.272,0.415,0.392,0.019,0.57,0.181,0.558,0.194,0.447,0.567,0.733,0.38,0.324,0.023,0.717,0.445,0.214,0.251,0.603,0.762,0.8,0.898,0.814,0.197,0.041,0.347,0.81,0.709,0.287,0.942,0.724,0.774,0.747,0.558,0.676,0.918,0.643,0.041,0.82,0.124,0.115,0.943,0.999,0.896,0.539,0.173,0.161,0.941,0.645,0.945,0.929
-2,0.228,0.491,0.207,0.486,0.513,0.176,0.483,0.929,0.756,0.194,0.437,0.358,0.56,0.63,0.827,0.324,0.094,0.863,0.454,0.197,0.789,0.052,0.88,0.072,0.48,0.407,0.097,0.425,0.133,0.287,0.106,0.322,0.251,0.767,0.921,0.119,0.377,0.59,0.637,0.624,0.77,0.837,0.837,0.513,0.328,0.671,0.6,0.02,0.288,0.26,0.865,0.849,0.421,0.804,0.516,0.725,0.379,0.452,0.052,0.904,0.575,0.378,0.007,0.91
0,0.112,0.855,0.387,0.067,0.642,0.239,0.974,0.691,0.042,0.709,0.195,0.108,0.653,0.841,0.392,0.973,0.134,0.504,0.215,0.392,0.029,0.264,0.372,0.592,0.276,0.71,0.631,0.552,0.416,0.893,0.355,0.219,0.852,0.624,0.614,0.956,0.866,0.652,0.998,0.437,0.486,0.829,0.021,0.537,0.59,0.04,0.073,0.735,0.408,0.589,0.014,0.528,0.771,0.969,0.707,0.253,0.899,0.744,0.491,0.411,0.67,0.293,0.426,0.823
2,0.574,0.866,0.821,0.261,0.56,0.777,0.98,0.627,0.731,0.332,0.687,0.957,0.774,0.871,0.81,0.076,0.915,0.382,0.278,0.18,0.878,0.155,0.652,0.072,0.604,0.963,0.995,0.36,0.968,0.577,0.147,0.245,0.761,0.487,0.996,0.024,0.964,0.64,0.358,0.616,0.147,0.565,0.723,0.984,0.238,0.275,0.24,0.767,0.259,0.991,0.559,0.588,0.06,0.92,0.653,0.05,0.593,0.707,0.753,0.692,0.693,0.195,0.767,0.379
4,0.207,0.604,0.632,0.502,0.483,0.1,0.419,0.903,0.434,0.843,0.782,0.755,0.787,0.806,0.333,0.963,0.165,0.332,0.227,0.861,0.212,0.77,0.16,0.499,0.451,0.623,0.62,0.746,0.776,0.8,0.543,0.377,0.041,0.432,0.861,0.462,0.809,0.411,0.52,0.636,0.917,0.783,0.519,0.92,0.839,0.427,0.359,0.081,0.243,0.545,0.141,0.424,0.604,0.073,0.859,0.84,0.403,0.437,0.55,0.542,0.49,0.419,0.415,0.862
6,0.125,0.929,0.606,0.328,0.763,0.117,0.408,0.262,0.191,0.698,0.908,0.11,0.941,0.069,0.745,0.257,0.052,0.499,0.886,0.771,0.297,0.202,0.513,0.232,0.545,0.275,0.264,0.864,0.792,0.99,0.217,0.0,0.14,0.548,0.638,0.303,0.428,0.413,0.67,0.114,0.777,0.172,0.527,0.378,0.42,0.94,0.099,0.332,0.41,0.87,0.481,0.803,0.55,0.338,0.146,0.921,0.417,0.281,0.638,0.189,0.057,0.013,0.513,0.164
8,0.109,0.348,0.42,0.188,0.745,0.191,0.715,0.521,0.148,0.36,0.964,0.887,0.171,0.109,0.367,0.774,0.983,0.448,0.511,0.519,0.697,0.784,0.956,0.86,0.645,0.312,0.541,0.325,0.721,0.934,0.736,0.814,0.4,0.271,0.483,0.077,0.34,0.653,0.833,0.125,0.761,0.476,0.031,0.857,0.081,0.339,0.2,0.632,0.025,0.535,0.749,0.593,0.191,0.997,0.105,0.475,0.806,0.683,0.389,0.716,0.684,0.045,0.455,0.869
10,0.196,0.285,0.594,0.85,0.653,0.855,0.299,0.207,0.446,0.403,0.746,0.604,0.532,0.583,0.59,0.465,0.551,0.545,0.669,0.71,0.91,0.035,0.109,0.919,0.915,0.156,0.882,0.117,0.983,0.828,0.135,0.643,0.07,0.891,0.47,0.89,0.004,0.444,0.291,0.601,0.42,0.716,0.259,0.205,0.355,0.988,0.542,0.834,0.733,0.282,0.763,0.75,0.903,0.556,0.255,0.399,0.569,0.891,0.286,0.92,0.203,0.018,0.364,0.33
12,0.985,0.48,0.541,0.731,0.136,0.014,0.54,0.061,0.105,0.682,0.085,0.508,0.046,0.473,0.254,0.444,0.765,0.067,0.2,0.29,0.725,0.814,0.019,0.68,0.637,0.683,0.772,0.277,0.406,0.365,0.24,0.515,0.293,0.783,0.977,0.736,0.705,0.595,0.512,0.542,0.43,0.141,0.058,0.913,0.462,0.642,0.824,0.965,0.464,0.996,0.122,0.779,0.526,0.289,0.088,0.348,0.685,0.71,0.314,0.737,0.404,0.745,0.227,0.57
14,0.019,0.702,0.517,0.425,0.002,0.241,0.762,0.034,1.0,0.779,0.984,0.384,0.138,0.396,0.127,0.968,0.559,0.979,0.502,0.686,0.739,0.99,0.055,0.737,0.712,0.014,0.117,0.473,0.061,0.64,0.187,0.098,0.588,0.144,0.72,0.281,0.747,0.51,0.798,0.763,0.932,0.04,0.032,0.224,0.358,0.767,0.077,0.77,0.554,0.039,0.203,0.194,0.912,0.728,0.996,0.96,0.827,0.899,0.324,0.388,0.655,0.543,0.756,0.394
16,0.752,0.623,0.234,0.053,0.487,0.554,0.186,0.432,0.48,0.908,0.205,0.189,0.188,0.336,0.992,0.188,0.323,0.202,0.715,0.52,0.693,0.585,0.12,0.897,0.039,0.708,0.947,0.863,0.098,0.01,0.616,0.467,0.127,0.401,0.827,0.404,0.62,0.016,0.651,0.085,0.601,0.438,0.558,0.838,0.075,0.362,0.772,0.651,0.929,0.664,0.805,0.405,0.186,0.601,0.185,0.597,0.495,0.491,0.167,0.084,0.64,0.675,0.596,0.445
18,0.93,0.108,0.758,0.542,0.672,0.549,0.013,0.013,0.753,0.101,0.134,0.378,0.394,0.089,0.998,0.043,0.859,0.994,0.66,0.069,0.066,0.984,0.425,0.139,0.597,0.885,0.245,0.676,0.39,0.294,0.495,0.204,0.041,0.928,0.431,0.421,0.174,0.339,0.984,0.541,0.101,0.073,0.272,0.08,0.985,0.377,0.046,0.894,0.878,0.561,0.428,0.076,0.004,0.58,0.067,0.446,0.851,0.595,0.09,0.35,0.26,0.468,0.371,0.191
20,0.117,0.469,0.107,0.191,0.311,0.196,0.855,0.17,0.241,0.167,0.8,0.368,0.205,0.234,0.772,0.37,0.296,0.244,0.137,0.588,0.036,0.938,0.727,0.642,0.489,0.61,0.16,0.192,0.276,0.454,0.029,0.245,0.128,0.797,0.472,0.097,0.187,0.866,0.181,0.205,0.453,0.106,0.382,0.302,0.741,0.104,0.519,0.409,0.135,0.324,0.191,0.999,0.657,0.766,0.57,0.236,0.259,0.598,0.687,0.505,0.106,0.597,0.274,0.51
22,0.343,0.57,0.482,0.967,0.701,0.898,0.601,0.35,0.804,0.448,0.36,0.55,0.861,0.025,0.371,0.953,0.798,0.237,0.674,0.777,0.416,0.271,0.898,0.872,0.756,0.58,0.762,0.983,0.142,0.405,0.268,0.128,0.239,0.054,0.026,0.737,0.447,0.807,0.34,0.193,0.049,0.904,0.07,0.856,0.947,0.257,0.198,0.241,0.357,0.485,0.682,0.812,0.314,0.215,0.301,0.016,0.566,0.459,0.282,0.295,0.843,0.142,0.968,0.221
24,0.664,0.996,0.615,0.64,0.878,0.518,0.285,0.942,0.912,0.785,0.199,0.419,0.078,0.413,0.97,0.642,0.248,0.016,0.971,0.67,0.652,0.536,0.654,0.414,0.543,0.766,0.594,0.091,0.973,0.044,0.02,0.563,0.852,0.846,0.342,0.505,0.373,0.764,0.606,0.07,0.332,0.734,0.97,0.85,0.548,0.733,0.96,0.08,0.483,0.655,0.556,0.722,0.541,0.507,0.916,0.064,0.465,0.527,0.862,0.134,0.55,0.646,0.132,0.568
26,0.931,0.736,0.137,0.414,0.774,0.676,0.465,0.05,0.766,0.089,0.949,0.127,0.871,0.676,0.147,0.537,0.925,0.139,0.295,0.686,0.921,0.787,0.06,0.574,0.646,0.067,0.936,0.784,0.572,0.586,0.473,0.871,0.738,0.967,0.058,0.318,0.108,0.343,0.315,0.125,0.06,0.594,0.045,0.729,0.398,0.734,0.577,0.24,0.464,0.285,0.442,0.142,0.023,0.401,0.912,0.665,0.704,0.779,0.443,0.989,0.531,0.242,0.662,0.119
28,0.435,0.147,0.177,0.469,0.669,0.769,0.383,0.674,0.066,0.057,0.917,0.171,0.378,0.952,0.61,0.504,0.998,0.421,0.021,0.296,0.698,0.092,0.912,0.775,0.436,0.905,0.33,0.338,0.567,0.263,0.289,0.637,0.516,0.44,0.891,0.77,0.298,0.23,0.729,0.243,0.593,0.058,0.896,0.505,0.333,0.181,0.598,0.605,0.49,0.227,0.962,0.068,0.797,0.491,0.404,0.354,0.563,0.633,0.495,0.461,0.572,0.144,0.86,0.267
30,0.529,0.76,0.801,0.769,0.237,0.08,0.713,0.225,0.755,0.644,0.036,0.02,0.236,0.614,0.096,0.074,0.096,0.341,0.527,0.604,0.455,0.493,0.393,0.227,0.888,0.723,0.844,0.201,0.261,0.875,0.337,0.713,0.646,0.149,0.563,0.973,0.288,0.908,0.126,0.708,0.706,0.598,0.404,0.998,0.715,0.536,0.673,0.359,0.477,0.359,0.773,0.439,0.683,0.224,0.541,0.316,0.501,0.096,0.889,0.731,0.693,0.924,0.928,0.849
32,0.433,0.612,0.259,0.321,0.047,0.054,0.738,0.366,0.137,0.018,0.16,0.806,0.206,0.238,0.96,0.531,0.702,0.452,0.758,0.39,0.845,0.871,0.434,0.491,0.117,0.94,0.425,0.741,0.439,0.725,0.135,0.139,0.663,0.384,0.295,0.315,0.938,0.672,0.796,0.228,0.053,0.965,0.884,0.407,0.23,0.234,0.467,0.002,0.009,0.988,0.404,0.815,0.688,0.514,0.483,0.213,0.236,0.559,0.452,0.822,0.759,0.137,0.413,0.414
34,0.816,0.866,0.177,0.514,0.533,0.918,0.132,0.651,0.259,0.569,0.331,0.922,0.544,0.318,0.65,0.432,0.695,0.125,0.915,0.338,0.423,0.541,0.103,0.326,0.691,0.971,0.994,0.54,0.932,0.874,0.178,0.373,0.572,0.184,0.74,0.829,0.918,0.648,0.537,0.335,0.25,0.454,0.12,0.691,0.949,0.503,0.985,0.408,0.349,0.016,0.617,0.66,0.167,0.552,0.528,0.161,0.414,0.486,0.102,0.199,0.655,0.874,0.278,0.367
36,0.565,0.94,0.629,0.246,0.398,0.988,0.103,0.098,0.528,0.96,0.472,0.237,0.551,0.191,0.387,0.453,0.275,0.368,0.248,0.041,0.93,0.077,0.573,0.114,0.495,0.97,0.196,0.578,0.089,0.429,0.811,0.116,0.204,0.06,0.048,0.806,0.489,0.357,0.584,0.181,0.498,0.146,0.01,0.27,0.889,0.405,0.171,0.387,0.825,0.649,0.229,0.243,0.637,0.063,0.802,0.53,0.081,0.048,0.769,0.294,0.042,0.072,0.615,0.143
38,0.667,0.955,0.59,0.348,0.468,0.784,0.752,0.167,0.159,0.076,0.409,0.683,0.914,0.758,0.876,0.79,0.129,0.311,0.358,0.557,0.027,0.197,0.557,0.448,0.706,0.454,0.751,0.225,0.792,0.488,0.557,0.19,0.759,0.622,0.201,0.062,0.091,0.509,0.564,0.819,0.013,0.461,0.684,0.007,0.224,0.734,0.279,0.762,0.598,0.867,0.119,0.342,0.109,0.403,0.523,0.13,0.087,0.515,0.293,0.364,0.551,0.457,0.602,0.178
40,0.238,0.51,0.471,0.867,0.7,0.442,0.099,0.282,0.929,0.989,0.227,0.207,0.988,0.248,0.598,0.38,0.978,0.69,0.268,0.837,0.83,0.051,0.827,0.837,0.429,0.515,0.811,0.162,0.829,0.468,0.677,0.88,0.659,0.545,0.019,0.863,0.551,0.908,0.188,0.418,0.965,0.353,0.004,0.258,0.167,0.435,0.744,0.715,0.884,0.961,0.749,0.387,0.448,0.678,0.97,0.21,0.829,0.998,0.701,0.168,0.656,0.383,0.674,0.902
42,0.423,0.135,0.284,0.731,0.333,0.714,0.888,0.558,0.508,0.025,0.542,0.149,0.534,0.982,0.766,0.649,0.11,0.722,0.429,0.418,0.351,0.414,0.527,0.463,0.381,0.513,0.79,0.13,0.424,0.618,0.008,0.599,0.59,0.068,0.121,0.379,0.344,0.036,0.573,0.892,0.938,0.399,0.807,0.956,0.181,0.674,0.868,0.775,0.297,0.02,0.44,0.756,0.746,0.558,0.6,0.287,0.273,0.825,0.402,0.06,0.753,0.66,0.191,0.364
44,0.639,0.261,0.929,0.699,0.138,0.561,0.941,0.91,0.907,0.38,0.043,0.144,0.502,0.829,0.609,0.585,0.396,0.713,0.871,0.535,0.193,0.602,0.746,0.847,0.289,0.674,0.414,0.827,0.837,0.217,0.346,0.358,0.383,0.309,0.253,0.412,0.419,0.422,0.718,0.148,0.332,0.185,0.348,0.28,0.876,0.699,0.165,0.241,0.779,0.275,0.088,0.722,0.923,0.853,0.542,0.528,0.93,0.445,0.878,0.678,0.102,0.685,0.862,0.309
46,0.698,0.825,0.166,0.403,0.922,0.725,0.2,0.136,0.008,0.033,0.181,0.602,0.452,0.553,0.923,0.17,0.043,0.187,0.057,0.133,0.532,0.338,0.129,0.529,0.272,0.505,0.353,0.779,0.407,0.131,0.681,0.086,0.699,0.771,0.456,0.91,0.773,0.098,0.331,0.825,0.117,0.895,0.352,0.875,0.391,0.493,0.981,0.484,0.251,0.342,0.329,0.474,0.864,1.0,0.733,0.513,0.806,0.164,0.559,0.813,0.885,0.363,0.732,0.087
48,0.517,0.453,0.954,0.706,0.563,0.447,0.966,0.07,0.124,0.126,0.752,0.981,0.318,0.196,0.094,0.313,0.748,0.472,0.882,0.704,0.53,0.538,0.764,0.735,0.726,0.478,0.354,0.909,0.343,0.495,0.646,0.215,0.264,0.293,0.565,0.526,0.134,0.741,0.915,0.595,0.234,0.745,0.195,0.122,0.601,0.551,0.085,0.998,0.793,0.11,0.941,0.137,0.037,0.307,0.97,0.914,0.325,0.757,0.027,0.291,0.738,0.262,0.688,0.658
50,0.081,0.759,0.355,0.157,0.566,0.06,0.335,0.811,0.269,0.096,0.248,0.579,0.291,0.071,0.972,0.023,0.046,0.088,0.689,0.499,0.875,0.202,0.941,0.572,0.296,0.777,0.065,0.986,0.642,0.776,0.712,0.654,0.021,0.576,0.642,0.872,0.467,0.704,0.1,0.893,0.645,0.089,0.805,0.79,0.519,0.993,0.42,0.623,0.947,0.979,0.323,0.111,0.423,0.155,0.008,0.126,0.801,0.054,0.708,0.156,0.273,0.445,0.805,0.932
52,0.127,0.352,0.723,0.723,0.797,0.703,0.533,0.95,0.66,0.281,0.271,0.329,0.381,0.512,0.797,0.956,0.104,0.059,0.816,0.178,0.027,0.797,0.655,0.863,0.042,0.575,0.62,0.429,0.301,0.848,0.383,0.771,0.031,0.238,0.277,0.818,0.618,0.475,0.518,0.155,0.418,0.157,0.511,0.242,0.295,0.478,0.501,0.897,0.14,0.201,0.263,0.107,0.254,0.287,0.042,0.712,0.116,0.839,0.508,0.729,0.393,0.325,0.084,0.459
54,0.73,0.523,0.957,0.358,0.991,0.795,0.861,0.136,0.702,0.026,0.87,0.883,0.3,0.541,0.434,0.828,0.25,0.78,0.166,0.025,0.743,0.718,0.277,0.639,0.328,0.774,0.843,0.621,0.761,0.891,0.686,0.778,0.912,0.995,0.305,0.787,0.163,0.295,0.235,0.803,0.949,0.684,0.62,0.526,0.964,0.832,0.492,0.223,0.111,0.988,0.951,0.155,0.715,0.223,0.978,0.276,0.97,0.224,0.564,0.764,0.977,0.23,0.298,0.736
56,0.509,0.944,0.002,0.974,0.117,0.44,0.544,0.114,0.685,0.367,0.312,0.771,0.258,0.281,0.458,0.039,0.427,0.131,0.616,0.666,0.067,0.205,0.078,0.06,0.814,0.73,0.747,0.714,0.815,0.507,0.773,0.112,0.672,0.116,0.728,0.838,0.621,0.838,0.82,0.041,0.949,0.041,0.045,0.534,0.881,0.985,0.965,0.707,0.252,0.702,0.69,0.176,0.63,0.259,0.139,0.012,0.221,0.198,0.617,0.716,0.415,0.749,0.306,0.25
58,0.661,0.172,0.811,0.715,0.551,0.729,0.408,0.652,0.761,0.71,0.371,0.483,0.486,0.771,0.415,0.947,0.278,0.69,0.951,0.512,0.27,0.579,0.671,0.425,0.388,0.97,0.838,0.007,0.415,0.996,0.095,0.787,0.45,0.748,0.725,0.925,0.451,0.25,0.772,0.579,0.501,0.994,0.438,0.177,0.075,0.542,0.348,0.093,0.096,0.94,0.458,0.197,0.639,0.859,0.117,0.375,0.66,0.03,0.072,0.484,0.372,0.686,0.839,0.031
60,0.91,0.456,0.805,0.825,0.117,0.852,0.884,0.205,0.787,0.974,0.494,0.779,0.59,0.613,0.545,0.256,0.961,0.682,0.693,0.227,0.161,0.569,0.987,0.159,0.572,0.341,0.759,0.452,0.476,0.642,0.942,0.055,0.066,0.557,0.878,0.119,0.336,0.547,0.197,0.435,0.38,0.252,0.801,0.41,0.254,0.413,0.037,0.175,0.872,0.519,0.433,0.111,0.815,0.287,0.588,0.113,0.601,0.951,0.502,0.768,0.246,0.812,0.72,0.167
62,0.691,0.472,0.48,0.258,0.825,0.429,0.23,0.768,0.298,0.24,0.271,0.934,0.133,0.861,0.319,0.753,0.506,0.263,0.772,0.915,0.434,0.499,0.974,0.298,0.947,0.033,0.073,0.863,0.058,0.84,0.291,0.087,0.245,0.883,0.098,0.843,0.41,0.078,0.197,0.308,0.541,0.803,0.555,0.266,0.949,0.679,0.711,0.142,0.111,0.335,0.405,0.217,0.271,0.866,0.258,0.266,0.014,0.313,0.551,0.376,0.311,0.686,0.136,0.302
64,0.893,0.496,0.801,0.21,0.504,0.267,0.274,0.621,0.767,0.342,0.188,0.422,0.819,0.299,0.756,0.649,0.958,0.791,0.433,0.472,0.389,0.753,0.141,0.551,0.994,0.247,0.253,0.019,0.933,0.222,0.979,0.905,0.04,0.187,0.622,0.154,0.76,0.613,0.331,0.575,0.73,0.348,0.731,0.055,0.255,0.936,0.193,0.586,0.098,0.396,0.246,0.897,0.25,0.139,0.07,0.451,0.872,0.398,0.381,0.195,0.592,0.57,0.425,0.252
66,0.129,0.205,0.741,0.733,0.576,0.095,0.069,0.048,0.429,0.962,0.878,0.806,0.18,0.651,0.4,0.773,0.636,0.688,0.314,0.666,0.907,0.807,0.562,0.806,0.936,0.263,0.698,0.045,0.37,0.515,0.518,0.18,0.771,0.378,0.395,0.991,0.223,0.862,0.45,0.363,0.942,0.32,0.022,0.141,0.44,0.91,0.054,0.69,0.244,0.141,0.319,0.502,0.462,0.769,0.435,0.973,0.507,0.532,0.866,0.417,0.042,0.757,0.884,0.744
68,0.618,0.473,0.389,0.662,0.849,0.353,0.037,0.556,0.281,0.807,0.845,0.588,0.722,0.948,0.9,0.558,0.884,0.836,0.743,0.784,0.605,0.506,0.536,0.303,0.668,0.966,0.691,0.42,0.347,0.858,0.233,0.47,0.09,0.716,0.371,0.34,0.912,0.687,0.739,0.08,0.306,0.015,0.202,0.953,0.773,0.642,0.605,0.623,0.344,0.402,0.618,0.339,0.109,0.65,0.4,0.958,0.176,0.099,0.833,0.067,0.513,0.543,0.568,0.926
70,0.594,0.741,0.038,0.731,0.358,0.054,0.987,0.642,0.812,0.326,0.946,0.303,0.118,0.289,0.093,0.587,0.175,0.76,0.862,0.426,0.361,0.955,0.904,0.105,0.771,0.421,0.272,0.665,0.025,0.612,0.737,0.946,0.524,0.226,0.842,0.882,0.955,0.789,0.693,0.692,0.594,0.831,0.029,0.631,0.449,0.939,0.281,0.508,0.496,0.476,0.007,0.03,0.659,0.095,0.546,0.239,0.729,0.993,0.212,0.989,0.742,0.978,0.226,0.898
72,0.81,0.587,0.493,0.724,0.502,0.777,0.973,0.711,0.994,0.874,0.495,0.076,0.294,0.398,0.753,0.666,0.674,0.171,0.025,0.646,0.589,0.409,0.722,0.522,0.251,0.068,0.201,0.619,0.713,0.952,0.597,0.381,0.759,0.012,0.821,0.142,0.349,0.236,0.183,0.893,0.826,0.544,0.039,0.909,0.666,0.497,0.576,0.328,0.817,0.475,0.415,0.865,0.073,0.031,0.084,0.507,0.37,0.464,0.092,0.172,0.355,0.247,0.293,0.175
74,0.969,0.388,0.499,0.238,0.885,0.961,0.287,0.761,0.101,0.629,0.053,0.543,0.336,0.504,0.716,0.73,0.772,0.126,0.5,0.039,0.12,0.786,0.186,0.914,0.873,0.524,0.782,0.088,0.156,0.755,0.974,0.82,0.965,0.61,0.554,0.862,0.585,0.172,0.715,0.118,0.931,0.352,0.665,0.639,0.674,0.243,0.033,0.286,0.956,0.027,0.006,0.064,0.126,0.467,0.428,0.057,0.272,0.967,0.697,0.557,0.861,0.443,0.088,0.932
76,0.721,0.122,0.301,0.59,0.115,0.659,0.66,0.515,0.855,0.979,0.091,0.226,0.674,0.283,0.084,0.126,0.503,0.989,0.054,0.601,0.894,0.314,0.291,0.546,0.588,0.219,0.154,0.763,0.045,0.677,0.642,0.23,0.389,0.266,0.137,0.735,0.927,0.994,0.91,0.757,0.091,0.903,0.027,0.279,0.99,0.054,0.74,0.22,0.197,0.79,0.446,0.627,0.963,0.838,0.834,0.45,0.638,0.431,0.594,0.035,0.542,0.315,0.057,0.679
78,0.312,0.066,0.521,0.94,0.575,0.693,0.208,0.692,0.551,0.159,0.09,0.384,0.109,0.127,0.743,0.329,0.351,0.036,0.379,0.187,0.028,0.101,0.677,0.995,0.714,0.14,0.341,0.647,0.997,0.792,0.61,0.866,0.885,0.27,0.713,0.836,0.745,0.393,0.949,0.698,0.7,0.881,0.668,0.578,0.018,0.056,0.634,0.209,0.188,0.168,0.302,0.918,0.013,0.895,0.364,0.189,0.473,0.619,0.003,0.319,0.635,0.91,0.425,0.478
80,0.511,0.256,0.242,0.511,0.101,0.007,0.8,0.029,0.105,0.728,0.324,0.823,0.729,0.525,0.496,0.765,0.866,0.769,0.589,0.984,0.764,0.72,0.572,0.506,0.675,0.407,0.032,0.94,0.824,0.449,0.776,0.927,0.875,0.324,0.877,0.969,0.251,0.337,0.487,0.022,0.943,0.335,0.33,0.75,0.013,0.78,0.766,0.191,0.139,0.3,0.087,0.301,0.54,0.768,0.838,0.476,0.945,0.119,0.295,0.572,0.4,0.207,0.33,0.743
82,0.264,0.033,0.535,0.262,0.406,0.113,0.997,0.893,0.585,0.422,0.691,0.727,0.471,0.787,0.29,0.672,0.616,0.341,0.852,0.663,0.374,0.34,0.44,0.391,0.162,0.939,0.406,0.117,0.431,0.233,0.943,0.768,0.274,0.768,0.039,0.825,0.134,0.579,0.28,0.835,0.7,0.982,0.636,0.568,0.337,0.26,0.948,0.089,0.683,0.116,0.943,0.223,0.611,0.051,0.629,0.841,0.662,0.922,0.574,0.488,0.262,0.742,0.929,0.904
84,0.774,0.795,0.595,0.783,0.232,0.748,0.009,0.092,0.932,0.587,0.136,0.719,0.265,0.311,0.342,0.908,0.092,0.476,0.964,0.531,0.675,0.248,0.21,0.522,0.046,0.744,0.645,0.818,0.308,0.254,0.596,0.778,0.043,0.615,0.986,0.257,0.62,0.8,0.537,0.049,0.354,0.972,0.154,0.288,0.208,0.334,0.065,0.612,0.233,0.763,0.584,0.429,0.169,0.975,0.014,0.578,0.303,0.251,0.12,0.107,0.47,0.574,0.653,0.791
86,0.099,0.831,0.654,0.354,0.262,0.073,0.289,0.671,0.515,0.759,0.475,0.036,0.313,0.306,0.274,0.747,0.667,0.929,0.562,0.865,0.475,0.507,0.197,0.829,0.986,0.31,0.871,0.555,0.338,0.193,0.319,0.975,0.212,0.944,0.114,0.151,0.426,0.577,0.897,0.538,0.319,0.756,0.07,0.909,0.524,0.624,0.706,0.817,0.272,0.303,0.514,0.525,0.479,0.741,0.238,0.944,0.332,0.494,0.188,0.625,0.356,0.169,0.906,0.131
88,0.058,0.599,0.666,0.585,0.44,0.975,0.93,0.418,0.919,0.364,0.493,0.661,0.993,0.247,0.886,0.002,0.297,0.59,0.003,0.52,0.195,0.304,0.927,0.479,0.73,0.164,0.51,0.934,0.106,0.464,0.864,0.935,0.924,0.383,0.929,0.188,0.734,0.224,0.568,0.171,0.055,0.028,0.547,0.435,0.023,0.938,0.773,0.595,0.925,0.701,0.754,0.366,0.097,0.647,0.861,0.332,0.969,0.58,0.044,0.654,0.291,0.229,0.024,0.574
90,0.423,0.805,0.195,0.341,0.331,0.828,0.54,0.048,0.066,0.039,0.048,0.945,0.247,0.723,0.166,0.388,0.533,0.078,0.11,0.203,0.05,0.218,0.365,0.471,0.69,0.237,0.327,0.088,0.979,0.051,0.12,0.008,0.99,0.417,0.031,0.327,0.145,0.332,0.616,0.179,0.669,0.048,0.029,0.354,0.017,0.605,0.116,0.113,0.346,0.446,0.516,0.576,0.272,0.412,0.236,0.662,0.816,0.462,0.12,0.903,0.074,0.8,0.735,0.074
92,0.816,0.428,0.634,0.819,0.922,0.839,0.449,0.502,0.987,0.378,0.218,0.665,0.773,0.6,0.689,0.869,0.062,0.73,0.658,0.281,0.674,0.977,0.643,0.949,0.369,0.548,0.925,0.342,0.306,0.539,0.725,0.104,0.872,0.138,0.314,0.475,0.027,0.307,0.72,0.437,0.693,0.562,0.759,0.864,0.338,0.382,0.452,0.834,0.747,0.355,0.422,0.922,0.299,0.18,0.177,0.692,0.093,0.444,0.302,0.919,0.051,0.136,0.88,0.093
94,0.37,0.166,0.686,0.132,0.332,0.89,0.051,0.938,0.813,0.88,0.925,0.02,0.753,0.857,0.427,0.779,0.586,0.329,0.655,0.806,0.716,0.263,0.863,0.843,0.696,0.417,0.866,0.495,0.213,0.47,0.603,0.584,0.727,0.932,0.959,0.576,0.728,0.901,0.06,0.768,0.727,0.999,0.391,0.924,0.455,0.544,0.043,0.461,0.632,0.99,0.089,0.832,0.549,0.256,0.827,0.194,0.584,0.061,0.512,0.124,0.784,0.303,0.855,0.049
96,0.379,0.437,0.249,0.656,0.775,0.529,0.831,0.283,0.02,0.839,0.694,0.271,0.892,0.037,0.098,0.101,0.99,0.767,0.898,0.693,0.905,0.261,0.055,0.92,0.858,0.978,0.201,0.839,0.335,0.575,0.843,0.11,0.456,0.651,0.763,0.221,0.552,0.999,0.505,0.878,0.694,0.997,0.754,0.749,0.517,0.873,0.124,0.346,0.335,0.758,0.904,0.336,0.842,0.434,0.421,0.701,0.907,0.248,0.52,0.885,0.946,0.189,0.174,0.452
98,0.533,0.263,0.798,0.876,0.425,0.248,0.601,0.138,0.513,0.713,0.763,0.148,0.664,0.776,0.722,0.842,0.916,0.98,0.675,0.757,0.226,0.137,0.842,0.902,0.605,0.209,0.862,0.193,0.479,0.51,0.239,0.255,0.873,0.886,0.578,0.743,0.58,0.493,0.214,0.188,0.81,0.436,0.119,0.435,0.766,0.449,0.772,0.849,0.369,0.981,0.7,0.774,0.086,0.115,0.346,0.647,0.859,0.132,0.399,0.607,0.251,0.52,0.904,0.467
100,0.936,0.543,0.647,0.267,0.218,0.061,0.656,0.942,0.236,0.669,0.185,0.398,0.911,0.537,0.219,0.142,0.063,0.56,0.033,0.325,0.801,0.984,0.262,0.312,0.449,0.552,0.086,0.934,0.957,0.165,0.551,0.703,0.512,0.279,0.617,0.225,0.882,0.481,0.171,0.75,0.077,0.582,0.16,0.666,0.944,0.132,0.306,0.966,0.379,0.541,0.178,0.611,0.887,0.73,0.555,0.218,0.758,0.68,0.268,0.41,0.704,0.977,0.511,0.539
102,0.738,0.475,0.773,0.813,0.975,0.918,0.703,0.713,0.029,0.556,0.137,0.703,0.913,0.392,0.139,0.08,0.002,0.19,0.036,0.998,0.182,0.95,0.075,0.386,0.473,0.094,0.054,0.834,0.857,0.167,0.603,0.587,0.811,0.581,0.27,0.077,0.486,0.448,0.825,0.832,0.381,0.98,0.037,0.179,0.23,0.604,0.43,0.415,0.259,0.831,0.092,0.357,0.717,0.803,0.039,0.792,0.454,0.754,0.044,0.396,0.135,0.938,0.445,0.541
104,0.585,0.992,0.404,0.918,0.405,0.905,0.63,0.881,0.011,0.536,0.872,0.959,0.711,0.08,0.522,0.587,0.101,0.592,0.504,0.322,0.519,0.487,0.887,0.144,0.65,0.315,0.428,0.357,0.92,0.557,0.89,0.291,0.461,0.43,0.195,0.36,0.843,0.088,0.632,0.562,0.346,0.88,0.258,0.325,0.562,0.281,0.272,0.896,0.793,0.366,0.264,0.391,0.251,0.866,0.318,0.712,0.007,0.023,0.232,0.119,0.55,0.132,0.92,0.25
106,0.716,0.903,0.639,0.019,0.426,0.562,0.597,0.777,0.584,0.789,0.929,0.932,0.509,0.78,0.137,0.709,0.605,0.729,0.676,0.393,0.628,0.089,0.658,0.344,0.934,0.888,0.159,0.107,0.884,0.845,0.546,0.036,0.876,0.356,0.273,0.728,0.818,0.936,0.116,0.39,0.201,0.083,0.402,0.642,0.461,0.492,0.688,0.708,0.519,0.28,0.37,0.351,0.24,0.924,0.846,0.738,0.416,0.919,0.666,0.533,0.526,0.197,0.486,0.603
108,0.806,0.164,0.725,0.834,0.788,0.749,0.775,0.364,0.936,0.526,0.064,0.43,0.262,0.404,0.59,0.709,0.968,0.019,0.711,0.824,0.883,0.031,0.81,0.499,0.038,0.095,0.848,0.029,0.35,0.366,0.752,0.221,0.872,0.15,0.323,0.58,0.226,0.458,0.321,0.001,0.948,0.093,0.14,0.536,0.586,0.143,0.871,0.541,0.985,0.552,0.613,0.333,0.296,0.174,0.11,0.972,0.807,0.583,0.345,0.074,0.856,0.733,0.756,0.975
110,0.756,0.335,0.471,0.065,0.513,0.468,0.024,0.009,0.684,0.514,0.512,0.913,0.761,0.012,0.843,0.44,0.316,0.133,0.151,0.043,0.3,0.977,0.797,0.988,0.559,0.62,0.448,0.896,0.875,0.782,0.635,0.515,0.113,0.807,0.283,0.926,0.896,0.122,0.425,0.947,0.594,0.048,0.755,0.815,0.653,0.131,0.557,0.405,0.694,0.368,0.184,0.2,0.963,0.453,0.683,0.434,0.068,0.983,0.526,0.698,0.028,0.061,0.543,0.737
112,0.358,0.358,0.319,0.715,0.182,0.402,0.087,0.659,0.478,0.698,0.374,0.752,0.636,0.547,0.12,0.551,0.599,0.876,0.054,0.693,0.757,0.942,0.149,0.989,0.62,0.959,0.43,0.467,0.233,0.11,0.357,0.401,0.093,0.499,0.693,0.886,0.763,0.502,0.294,0.95,0.131,0.045,0.121,0.419,0.025,0.071,0.928,0.15,0.757,0.917,0.652,0.034,0.541,0.672,0.543,0.564,0.715,0.075,0.927,0.963,0.309,0.367,0.187,0.485
114,0.784,0.607,0.746,0.707,0.468,0.971,0.131,0.438,0.128,0.065,0.787,0.195,0.323,0.703,0.098,0.018,0.574,0.002,0.416,0.532,0.241,0.867,0.778,0.329,0.679,0.717,0.015,0.076,0.477,0.086,0.359,0.3,0.945,0.547,0.056,0.648,0.619,0.706,0.308,0.66,0.975,0.421,0.783,0.716,0.693,0.566,0.069,0.995,0.229,0.853,0.052,0.33,0.082,0.373,0.518,0.514,0.939,0.487,0.845,0.996,0.736,0.852,0.095,0.813
116,0.7,0.818,0.809,0.7,0.391,0.756,0.686,0.608,0.113,0.321,0.189,0.974,0.506,0.971,0.383,0.395,0.386,0.21,0.68,0.341,0.983,0.674,0.75,0.931,0.96,0.019,0.978,0.712,0.37,0.117,0.113,0.361,0.825,0.243,0.843,0.92,0.137,0.723,0.563,0.772,0.445,0.352,0.843,0.646,0.628,0.393,0.245,0.76,0.955,0.397,0.757,0.55,0.865,0.949,0.196,0.254,0.401,0.216,0.301,0.108,0.011,0.062,0.361,0.094
118,0.147,0.506,0.112,0.657,0.264,0.213,0.824,0.353,0.509,0.234,0.513,0.029,0.518,0.852,0.05,0.198,0.234,0.569,0.652,0.165,0.465,0.531,0.497,0.195,0.102,0.808,0.798,0.111,0.297,0.232,0.128,0.667,0.553,0.56,0.275,0.009,0.492,0.343,0.433,0.088,0.898,0.272,0.365,0.385,0.313,0.051,0.896,0.716,0.139,0.249,0.804,0.115,0.78,0.902,0.187,0.492,0.53,0.316,0.81,0.508,0.407,0.818,0.504,0.235
120,0.326,0.998,0.306,0.538,0.264,0.767,0.826,0.579,0.982,0.63,0.715,0.024,0.414,0.611,0.908,0.824,0.033,0.609,0.861,0.51,0.708,0.394,0.07,0.346,0.371,0.495,0.377,0.51,0.136,0.385,0.736,0.558,0.073,0.125,0.743,0.133,0.274,0.658,0.861,0.564,0.967,0.126,0.76,0.954,0.448,0.439,0.955,0.593,0.109,0.913,0.838,0.905,0.789,0.951,0.971,0.229,0.298,0.994,0.285,0.603,0.083,0.257,0.168,0.998
122,0.302,0.958,0.461,0.421,0.942,0.811,0.913,0.156,0.075,0.718,0.554,0.196,0.625,0.185,0.642,0.984,0.197,0.568,0.113,0.782,0.553,0.652,0.963,0.537,0.363,0.627,0.596,0.607,0.289,0.845,0.503,0.387,0.099,0.755,0.919,0.407,0.895,0.297,0.959,0.82,0.823,0.581,0.068,0.424,0.204,0.053,0.857,0.55,0.582,0.014,0.771,0.478,0.538,0.216,0.1,0.91,0.507,0.286,0.15,0.918,0.447,0.708,0.492,0.766
124,0.812,0.317,0.669,0.474,0.371,0.994,0.117,0.792,0.065,0.669,0.827,0.064,0.864,0.937,0.492,0.422,0.936,0.439,0.897,0.367,0.788,0.021,0.558,0.967,0.527,0.903,0.31,0.388,0.519,0.255,0.009,0.345,0.685,0.634,0.793,0.126,0.521,0.589,0.268,0.01,0.463,0.604,0.521,0.265,0.583,0.351,0.228,0.111,0.168,0.572,0.947,0.217,0.864,0.292,0.956,0.298,0.532,0.09,0.821,0.709,0.105,0.936,0.27,0.889
126,0.616,0.294,0.839,0.918,0.966,0.467,0.647,0.38,0.349,0.604,0.513,0.958,0.971,0.837,0.937,0.04,0.14,0.781,0.08,0.847,0.875,0.818,0.793,0.789,0.472,0.366,0.771,0.069,0.136,0.913,0.47,0.15,0.402,0.8,0.569,0.346,0.335,0.475,0.119,0.657,0.853,0.294,0.242,0.007,0.571,0.872,0.192,0.524,0.55,0.553,0.791,0.229,0.983,0.529,0.829,0.738,0.283,0.442,0.799,0.835,0.329,0.287,0.186,0.829
128,0.977,0.548,0.814,0.661,0.998,0.695,0.182,0.355,0.075,0.098,0.795,0.531,0.271,0.846,0.201,0.967,0.687,0.494,0.223,0.546,0.246,0.243,0.229,0.323,0.615,0.38,0.955,0.649,0.803,0.956,0.465,0.562,0.413,0.569,0.873,0.079,0.345,0.381,0.542,0.717,0.756,0.667,0.256,0.068,0.747,0.364,0.605,0.104,0.196,0.794,0.324,0.376,0.561,0.188,0.647,0.986,0.242,0.138,0.97,0.316,0.481,0.579,0.485,0.595
130,0.514,0.385,0.571,0.821,0.866,0.154,0.675,0.837,0.233,0.079,0.14,0.231,0.686,0.226,0.638,0.116,0.121,0.639,0.392,0.015,0.918,0.648,0.171,0.65,0.009,0.932,0.256,0.061,0.741,0.94,0.425,0.619,0.969,0.325,0.111,0.845,0.098,0.841,0.772,0.442,0.33,0.49,0.889,0.832,0.904,0.482,0.554,0.723,0.782,0.989,0.408,0.057,0.851,0.653,0.113,0.245,0.121,0.804,0.627,0.086,0.729,0.685,0.213,0.021
132,0.032,0.968,0.681,0.643,0.975,0.688,0.94,0.686,0.404,0.012,0.061,0.64,0.739,0.358,0.552,0.072,0.193,0.147,0.048,0.173,0.687,0.806,0.39,0.768,0.508,0.857,0.618,0.799,0.851,0.387,0.115,0.742,0.065,0.516,0.342,0.758,0.883,0.571,0.156,0.891,0.983,0.854,0.752,0.714,0.684,0.411,0.34,0.951,0.656,0.908,0.972,0.307,0.881,0.35,0.936,0.104,0.092,0.494,0.135,0.71,0.516,0.854,0.094,0.968
134,0.375,0.32,0.189,0.828,0.053,0.214,0.732,0.289,0.822,0.569,0.544,0.817,0.641,0.614,0.676,0.925,0.964,0.139,0.615,0.975,0.111,0.045,0.41,0.258,0.106,0.002,0.024,0.838,0.955,0.324,0.494,0.246,0.942,0.659,0.506,0.881,0.866,0.213,0.489,0.358,0.888,0.12,0.596,0.543,0.477,0.862,0.586,0.644,0.426,0.741,0.901,0.281,0.392,0.405,0.136,0.43,0.796,0.422,0.411,0.287,0.806,0.932,0.8,0.557
136,0.873,0.599,0.006,0.318,0.366,0.535,0.956,0.383,0.756,0.557,0.129,0.626,0.96,0.38,0.604,0.891,0.887,0.569,0.081,0.081,0.597,0.063,0.773,0.482,0.222,0.323,0.517,0.843,0.359,0.392,0.057,0.41,0.251,0.799,0.033,0.131,0.103,0.979,0.897,0.02,0.024,0.623,0.962,0.251,0.397,0.07,0.929,0.276,0.609,0.508,0.438,0.761,0.273,0.749,0.546,0.264,0.017,0.868,0.56,0.142,0.738,0.264,0.386,0.513
138,0.103,0.243,0.567,0.452,0.776,0.947,0.856,0.826,0.857,0.668,0.147,0.129,0.245,0.944,0.478,0.072,0.127,0.478,0.709,0.405,0.862,0.044,0.319,0.785,0.514,0.79,0.674,0.971,0.395,0.409,0.662,0.462,0.546,0.481,0.615,0.385,0.672,0.294,0.483,0.745,0.921,0.137,0.782,0.347,0.638,0.597,0.288,0.594,0.636,0.065,0.186,0.327,0.967,0.169,0.814,0.673,0.635,0.553,0.298,0.719,0.87,0.834,0.866,0.108
140,0.607,0.651,0.77,0.726,0.684,0.517,0.4,0.113,0.225,0.65,0.771,0.518,0.053,0.262,0.373,0.019,0.291,0.197,0.348,0.072,0.08,0.361,0.258,0.971,0.038,0.921,0.352,0.429,0.174,0.513,0.256,0.955,0.899,0.385,0.854,0.284,0.104,0.745,0.668,0.655,0.107,0.712,0.669,0.604,0.908,0.068,0.9,0.689,0.591,0.95,0.872,0.219,0.463,0.8,0.176,0.063,0.507,0.07,0.622,0.777,0.942,0.939,0.479,0.413
142,0.571,0.959,0.872,0.615,0.085,0.478,0.799,0.056,0.284,0.639,0.211,0.805,0.192,0.989,0.036,0.328,0.975,0.132,0.691,0.814,0.721,0.676,0.73,0.816,0.821,0.769,0.492,0.802,0.344,0.287,0.608,0.718,0.191,0.874,0.966,0.882,0.112,0.605,0.946,0.359,0.43,0.955,0.525,0.423,0.692,0.666,0.366,0.941,0.789,0.428,0.882,0.192,0.152,0.385,0.183,0.638,0.351,0.2,0.049,0.775,0.093,0.238,0.284,0.578
144,0.809,0.328,0.036,0.346,0.484,0.903,0.109,0.124,0.462,0.101,0.112,0.574,0.446,0.641,0.795,0.782,0.801,0.162,0.16,0.688,0.198,0.714,0.319,0.52,0.57,0.539,0.225,0.849,0.54,0.476,0.629,0.513,0.485,0.611,0.057,0.482,0.541,0.87,0.583,0.325,0.17,0.735,0.51,0.407,0.639,0.557,0.054,0.122,0.115,0.789,0.986,0.799,0.644,0.414,0.591,0.657,0.435,0.105,0.467,0.107,0.334,0.355,0.083,0.371
146,0.307,0.346,0.29,0.782,0.343,0.421,0.255,0.106,0.49,0.017,0.004,0.277,0.776,0.184,0.551,0.476,0.573,0.905,0.449,0.587,0.013,0.334,0.416,0.821,0.389,0.127,0.209,0.164,0.89,0.333,0.877,0.767,0.838,0.288,0.991,0.551,0.14,0.133,0.285,0.67,0.226,0.304,0.347,0.212,0.606,0.834,0.013,0.554,0.442,0.864,0.061,0.037,0.443,0.756,0.291,0.383,0.958,0.863,0.054,0.586,0.385,0.862,0.318,0.223
148,0.512,0.831,0.771,0.071,0.268,0.113,0.482,0.042,0.983,0.048,0.304,0.318,0.422,0.506,0.707,0.822,0.397,0.869,0.38,0.35,0.252,0.643,0.611,0.14,0.587,0.25,0.3,0.993,0.012,0.518,0.727,0.47,0.2,0.484,0.858,0.751,0.533,0.597,0.489,0.647,0.007,0.697,0.191,0.839,0.604,0.331,0.651,0.813,0.895,0.563,0.232,0.947,0.259,0.167,0.364,0.998,0.996,0.557,0.438,0.931,0.038,0.673,0.521,0.227
150,0.263,0.056,0.456,0.387,0.286,0.977,0.921,0.786,0.212,0.898,0.804,0.584,0.914,0.735,0.713,0.727,0.546,0.471,0.145,0.639,0.206,0.564,0.277,0.777,0.549,0.153,0.809,0.715,0.83,0.538,0.694,0.924,0.009,0.155,0.524,0.057,0.803,0.57,0.066,0.65,0.489,0.353,0.818,0.575,0.081,0.379,0.238,0.003,0.149,0.57,0.149,0.887,0.348,0.35,0.503,0.118,0.195,0.388,0.129,0.117,0.461,0.218,0.463,0.124
152,0.038,0.424,0.181,0.325,0.293,0.434,0.986,0.033,0.863,0.946,0.449,0.979,0.674,0.769,0.425,0.946,0.787,0.646,0.731,0.597,0.642,0.825,0.315,0.68,0.692,0.707,0.938,0.117,0.909,0.104,0.731,0.529,0.377,0.085,0.336,0.5,0.257,0.527,0.87,0.667,0.228,0.403,0.084,0.956,0.057,0.056,0.547,0.026,0.185,0.368,0.938,0.825,0.616,0.991,0.577,0.493,0.14,0.268,0.282,0.427,0.139,0.053,0.134,0.274
154,0.447,0.312,0.897,0.89,0.597,0.052,0.846,0.616,0.505,0.602,0.825,0.469,0.695,0.045,0.569,0.775,0.22,0.548,0.273,0.643,0.91,0.195,0.392,0.719,0.863,0.139,0.977,0.633,0.3,0.984,0.182,0.57,0.028,0.677,0.004,0.11,0.347,0.78,0.576,0.878,0.28,0.692,0.106,0.936,0.36,0.15,0.51,0.408,0.916,0.105,0.338,0.344,0.356,0.187,0.42,0.813,0.141,0.114,0.509,0.021,0.76,0.25,0.047,0.605
156,0.956,0.342,0.977,0.021,0.072,0.631,0.147,0.209,0.727,0.2,0.778,0.738,0.606,0.13,0.827,0.618,0.638,0.512,0.057,0.068,0.923,0.248,0.656,0.22,0.887,0.366,0.634,0.446,0.908,0.725,0.725,0.5,0.016,0.2,0.101,0.715,0.229,0.764,0.202,0.701,0.696,0.058,0.416,0.636,0.624,0.585,0.071,0.601,0.177,0.91,0.929,0.732,0.723,0.689,0.003,0.382,0.879,0.472,0.817,0.243,0.231,0.218,0.86,0.88
158,0.41,0.715,0.406,0.362,0.011,0.818,0.66,0.939,0.859,0.526,0.784,0.32,0.481,0.247,0.444,0.662,0.144,0.085,0.287,0.591,0.007,0.834,0.865,0.956,0.733,0.186,0.947,0.255,0.877,0.217,0.3,0.86,0.384,0.408,0.221,0.967,0.532,0.055,0.247,0.734,0.903,0.793,0.817,0.652,0.381,0.843,0.434,0.557,0.044,0.331,0.29,0.663,0.222,0.845,0.058,0.08,0.607,0.733,0.186,0.625,0.258,0.399,0.573,0.688
160,0.669,0.248,0.56,0.824,0.379,0.118,0.106,0.961,0.744,0.621,0.453,0.484,0.59,0.773,0.218,0.27,0.195,0.01,0.889,0.207,0.559,0.224,0.572,0.842,0.251,0.893,0.425,0.367,0.152,0.043,0.44,0.755,0.113,0.309,0.584,0.481,0.517,0.917,0.649,0.053,0.532,0.861,0.484,0.763,0.384,0.013,0.882,0.261,0.505,0.585,0.223,0.659,0.747,0.415,0.213,0.788,0.093,0.398,0.081,0.922,0.839,0.553,0.855,0.218
162,0.912,0.967,0.669,0.602,0.626,0.83,0.082,0.959,0.429,0.8,0.802,0.686,0.459,0.74,0.198,0.738,0.136,0.903,0.208,0.938,0.491,0.335,0.486,0.515,0.634,0.354,0.087,0.907,0.955,0.292,0.482,0.009,0.08,0.955,0.873,0.609,0.203,0.941,0.306,0.967,0.84,0.322,0.168,0.138,0.089,0.367,0.016,0.595,0.238,0.394,0.697,0.791,0.082,0.152,0.741,0.755,0.847,0.503,0.868,0.45,0.848,0.876,0.938,0.565
164,0.821,0.444,0.744,0.354,0.271,0.654,0.305,0.998,0.818,0.271,0.977,0.001,0.34,0.014,0.497,0.208,0.552,0.297,0.027,0.876,0.924,0.579,0.256,0.145,0.017,0.593,0.798,0.567,0.727,0.095,0.536,0.627,0.585,0.616,0.163,0.27,0.683,0.144,0.589,0.899,0.71,0.401,0.497,0.766,0.334,0.323,0.028,0.713,0.737,0.848,0.659,0.187,0.4,0.068,0.83,0.787,0.381,0.72,0.905,0.553,0.907,0.89,0.779,0.349
166,0.442,0.814,0.616,0.602,0.01,0.14,0.001,0.115,0.084,0.166,0.858,0.489,0.547,0.176,0.861,0.923,0.997,0.527,0.127,0.316,0.507,0.736,0.153,0.488,0.54,0.843,0.141,0.127,0.371,0.544,0.36,0.773,0.057,0.353,0.292,0.024,0.98,0.414,0.382,0.13,0.536,0.125,0.659,0.998,0.825,0.856,0.44,0.391,0.965,0.533,0.39,0.061,0.607,0.468,0.515,0.276,0.347,0.666,0.441,0.877,0.25,0.774,0.846,0.346
168,0.664,0.638,0.761,0.414,0.022,0.895,0.982,0.035,0.494,0.908,0.789,0.965,0.611,0.71,0.31,0.342,0.222,0.118,0.8,0.01,0.822,0.014,0.875,0.795,0.71,0.68,0.967,0.143,0.45,0.568,0.559,0.028,0.762,0.248,0.982,0.519,0.578,0.179,0.486,0.63,0.599,0.352,0.388,0.931,0.579,0.188,0.725,0.593,0.341,0.087,0.976,0.186,0.561,0.553,0.092,0.831,0.888,0.887,0.981,0.735,0.38,0.789,0.484,0.836
170,0.371,0.188,0.861,0.301,0.375,0.577,0.922,0.862,0.648,0.255,0.026,0.791,0.693,0.76,0.273,0.057,0.279,0.233,0.15,0.867,0.934,0.08,0.547,0.418,0.076,0.372,0.793,0.46,0.329,0.747,0.981,0.87,0.016,0.099,0.956,0.34,0.567,0.447,0.813,0.128,0.187,0.508,0.508,0.04,0.605,0.308,0.948,0.121,0.255,0.725,0.583,0.607,0.626,0.319,0.19,0.902,0.525,0.689,0.028,0.107,0.709,0.577,0.772,0.364
172,0.519,0.51,0.238,0.528,0.417,0.621,0.036,0.065,0.605,0.746,0.203,0.689,0.34,0.84,0.939,0.741,0.895,0.842,0.288,0.374,0.417,0.903,0.155,0.915,0.696,0.214,0.352,0.461,0.407,0.084,0.038,0.803,0.433,0.084,0.96,0.443,0.892,0.588,0.972,0.71,0.662,0.667,0.949,0.209,0.076,0.853,0.42,0.243,0.19,0.93,0.111,0.034,0.694,0.147,0.436,0.253,0.143,0.524,0.848,0.629,0.026,0.325,0.44,0.703
174,0.874,0.938,0.715,0.277,0.699,0.133,0.659,0.395,0.702,0.533,0.418,0.753,0.959,0.409,0.014,0.069,0.356,0.178,0.805,0.063,0.38,0.397,0.016,0.971,0.092,0.487,0.821,0.139,0.842,0.065,0.223,0.367,0.092,0.788,0.212,0.472,0.354,0.471,0.594,0.119,0.365,0.331,0.701,0.529,0.697,0.499,0.616,0.323,0.314,0.473,0.087,0.09,0.721,0.446,0.955,0.065,0.545,0.571,0.682,0.893,0.442,0.617,0.058,0.211
176,0.638,0.999,0.387,0.872,0.048,0.999,0.957,0.335,0.305,0.369,0.394,0.638,0.416,0.502,0.08,0.994,0.675,0.236,0.896,0.175,0.484,0.432,0.696,0.649,0.16,0.212,0.667,0.328,0.315,0.104,0.92,0.238,0.691,0.813,0.044,0.166,0.854,0.769,0.192,0.438,0.431,0.029,0.046,0.138,0.766,0.691,0.8,0.095,0.0,0.379,0.4,0.201,0.992,0.191,0.468,0.528,0.315,0.399,0.596,0.712,0.762,0.445,0.58,0.065
178,0.845,0.294,0.628,0.323,0.759,0.001,0.866,0.913,0.867,0.358,0.453,0.153,0.469,0.255,0.664,0.36,0.809,0.652,0.31,0.876,0.888,0.927,0.082,0.643,0.848,0.128,0.627,0.792,0.637,0.516,0.588,0.79,0.321,0.324,0.968,0.804,0.962,0.185,0.11,0.771,0.834,0.88,0.826,0.57,0.677,0.987,0.235,0.19,0.544,0.839,0.483,0.305,0.266,0.994,0.329,0.252,0.759,0.037,0.024,0.882,0.189,0.52,0.725,0.933
180,0.659,0.823,0.299,0.804,0.659,0.821,0.347,0.005,0.785,0.745,0.983,0.235,0.598,0.772,0.04,0.186,0.338,0.995,0.733,0.748,0.468,0.134,0.353,0.552,0.695,0.609,0.568,0.126,0.606,0.855,0.505,0.138,0.377,0.065,0.174,0.989,0.983,0.103,0.834,0.524,0.033,0.958,0.515,0.545,0.114,0.405,0.521,0.162,0.262,0.775,0.494,0.622,0.039,0.468,0.606,0.551,0.976,0.685,0.158,0.216,0.864,0.561,0.496,0.22
182,0.521,0.446,0.143,0.263,0.8,0.582,0.289,0.457,0.734,0.279,0.39,0.922,0.497,0.27,0.989,0.407,0.049,0.426,0.076,0.239,0.377,0.54,0.907,0.091,0.528,0.963,0.326,0.69,0.275,0.789,0.523,0.811,0.703,0.196,0.256,0.812,0.743,0.735,0.69,0.335,0.958,0.556,0.987,0.993,0.384,0.693,0.7,0.477,0.023,0.218,0.97,0.901,0.603,0.961,0.062,0.403,0.856,0.928,0.483,0.201,0.922,0.336,0.938,0.708
184,0.176,0.866,0.88,0.163,0.866,0.946,0.65,0.835,0.294,0.41,0.603,0.897,0.935,0.878,0.82,0.596,0.621,0.147,0.011,0.675,0.835,0.053,0.751,0.834,0.824,0.714,0.822,0.233,0.285,0.28,0.873,0.4,0.399,0.998,0.725,0.126,0.732,0.275,0.785,0.174,0.114,0.303,0.747,0.105,0.422,0.991,0.449,0.392,0.592,0.002,0.896,0.964,0.639,0.503,0.107,0.037,0.054,0.815,0.835,0.251,0.583,0.144,0.752,0.324
186,0.535,0.507,0.521,0.128,0.254,0.795,0.427,0.891,0.146,0.291,0.005,0.969,0.046,0.068,0.936,0.654,0.325,0.388,0.022,0.387,0.456,0.169,0.157,0.609,0.869,0.703,0.378,0.75,0.761,0.874,0.748,0.122,0.412,0.098,0.096,0.541,0.922,0.131,0.969,0.885,0.418,0.949,0.733,0.041,0.61,0.975,1.0,0.377,0.838,0.608,0.13,0.446,0.367,0.086,0.214,0.002,0.024,0.375,0.767,0.876,0.616,0.154,0.905,0.355
188,0.72,0.246,0.62,0.364,0.675,0.709,0.693,0.797,0.762,0.5,0.712,0.38,0.989,0.343,0.768,0.109,0.477,0.328,0.291,0.882,0.782,0.926,0.785,0.807,0.244,0.947,0.487,0.544,0.135,0.359,0.04,0.609,0.285,0.973,0.622,0.795,0.723,0.729,0.182,0.8,0.196,0.158,0.531,0.396,0.312,0.351,0.049,0.765,0.067,0.86,0.414,0.897,0.165,0.643,0.411,0.082,0.274,0.987,0.943,0.471,0.1,0.912,0.892,0.587
190,0.484,0.066,0.871,0.181,0.648,0.847,0.973,0.242,0.328,0.322,0.134,0.859,0.169,0.705,0.667,0.639,0.577,0.745,0.371,0.341,0.243,0.863,0.977,0.993,0.76,0.343,0.082,0.118,0.451,0.508,0.142,0.652,0.522,0.409,0.869,0.958,0.337,0.636,0.311,0.797,0.504,0.82,0.726,0.601,0.011,0.907,0.345,0.387,0.214,0.293,0.098,0.922,0.9,0.452,0.365,0.728,0.602,0.211,0.42,0.435,0.279,0.315,0.763,0.331
192,0.383,0.982,0.098,0.921,0.343,0.108,0.274,0.927,0.903,0.974,0.233,0.438,0.064,0.351,0.909,0.45,0.795,0.568,0.275,0.668,0.915,0.611,0.417,0.21,0.137,0.044,0.85,0.282,0.178,0.381,0.936,0.619,0.985,0.681,0.658,0.794,0.481,0.131,0.039,0.944,0.005,0.268,0.487,0.128,0.044,0.364,0.229,0.155,0.33,0.947,0.807,0.17,0.155,0.438,0.241,0.343,0.799,0.093,0.257,0.477,0.746,0.036,0.256,0.173
194,0.335,0.577,0.772,0.381,0.264,0.291,0.704,0.862,0.604,0.191,0.01,0.65,0.298,0.186,0.392,0.316,0.373,0.276,0.867,0.78,0.755,0.444,0.886,0.712,0.154,0.533,0.114,0.157,0.001,0.169,0.411,0.031,0.918,0.949,0.832,0.511,0.838,0.32,0.559,0.478,0.314,0.093,0.356,0.374,0.618,0.482,0.434,0.238,0.961,0.4,0.097,0.046,0.821,0.602,0.862,0.906,0.117,0.124,0.85,0.246,0.791,0.541,0.882,0.517
196,0.516,0.014,0.263,0.467,0.299,0.222,0.138,0.307,0.89,0.066,0.135,0.948,0.862,0.552,0.157,0.954,0.474,0.711,0.154,0.856,0.121,0.392,0.074,0.488,0.814,0.804,0.568,0.471,0.564,0.364,0.898,0.613,0.79,0.543,0.955,0.829,0.307,0.223,0.129,0.018,0.909,0.044,0.381,0.942,0.251,0.603,0.268,0.114,0.501,0.295,0.997,0.654,0.544,0.793,0.875,0.318,0.439,0.031,0.826,0.549,0.618,0.358,0.838,0.434
198,0.652,0.209,0.161,0.617,0.888,0.175,0.723,0.513,0.405,0.635,0.878,0.324,0.007,0.752,0.342,0.55,0.939,0.292,0.823,0.628,0.064,0.928,0.976,0.119,0.087,0.881,0.35,0.846,0.806,0.2,0.189,0.228,0.387,0.098,0.817,0.401,0.959,0.975,0.719,0.664,0.287,0.936,0.448,0.801,0.172,0.426,0.636,0.188,0.061,0.169,0.649,0.524,0.912,0.58,0.271,0.825,0.026,0.748,0.08,0.825,0.908,0.499,0.516,0.329
200,0.659,0.666,0.719,0.423,0.924,0.091,0.369,0.396,0.901,0.435,0.071,0.402,0.895,0.73,0.55,0.505,0.252,0.891,0.424,0.511,0.982,0.077,0.462,0.396,0.721,0.285,0.354,0.553,0.522,0.544,0.533,0.998,0.951,0.747,0.279,0.855,0.303,0.208,0.314,0.934,0.157,0.882,0.828,0.701,0.074,0.224,0.489,0.043,0.677,0.144,0.868,0.86,0.713,0.919,0.68,0.915,0.553,0.264,0.549,0.27,0.712,0.578,0.8,0.317
202,0.268,0.594,0.517,0.571,0.215,0.016,0.516,0.313,0.619,0.376,0.668,0.127,0.998,0.771,0.966,0.53,0.089,0.627,0.966,0.117,0.206,0.156,0.677,0.326,0.411,0.747,0.998,0.669,0.949,0.504,0.658,0.468,0.678,0.636,0.695,0.175,0.067,0.157,0.794,0.245,0.988,0.128,0.306,0.862,0.299,0.778,0.471,0.873,0.425,0.536,0.924,0.693,0.223,0.136,0.321,0.396,0.611,0.776,0.139,0.745,0.858,0.496,0.723,0.601
204,0.426,0.089,0.775,0.673,0.204,0.079,0.385,0.472,0.848,0.652,0.248,0.867,0.746,0.704,0.81,0.434,0.606,0.565,0.577,0.262,0.062,0.669,0.368,0.985,0.665,0.718,0.444,0.784,0.59,0.876,0.264,0.661,0.583,0.787,0.894,0.178,0.133,0.624,0.233,0.801,0.484,0.291,0.052,0.564,0.758,0.317,0.227,0.816,0.023,0.123,0.816,0.857,0.802,0.577,0.002,0.977,0.367,0.517,0.931,0.308,0.262,0.958,0.756,0.585
206,0.535,0.223,0.965,0.336,0.5,0.693,0.545,0.855,0.631,0.612,0.56,0.699,0.82,0.414,0.762,0.578,0.643,0.246,0.186,0.88,0.707,0.533,0.567,0.699,0.805,0.623,0.116,0.626,0.993,0.831,0.562,0.317,0.247,0.858,0.995,0.209,0.518,0.863,0.071,0.442,0.634,0.666,0.33,0.316,0.589,0.572,0.276,0.265,0.369,0.3,0.878,0.456,0.732,0.584,0.075,0.021,0.821,0.141,0.086,0.215,0.45,0.5,0.933,0.256
208,0.396,0.786,0.703,0.157,0.405,0.413,0.629,0.396,0.312,0.045,0.267,0.563,0.089,0.814,0.24,0.258,0.373,0.897,0.868,0.521,0.506,0.781,0.342,0.37,0.069,0.399,0.257,0.777,0.376,0.011,0.802,0.493,0.678,0.65,0.35,0.279,0.085,0.829,0.106,0.809,0.207,0.121,0.766,0.309,0.504,0.827,0.578,0.758,0.154,0.404,0.271,0.992,0.478,0.942,0.252,0.616,0.932,0.925,0.153,0.798,0.192,0.104,0.626,0.771
210,0.344,0.387,0.322,0.318,0.372,0.857,0.311,0.903,0.15,0.146,0.904,0.587,0.495,0.7,0.296,0.592,0.721,0.26,0.184,0.102,0.482,0.725,0.389,0.811,0.579,0.579,0.527,0.131,0.293,0.321,0.653,0.447,0.895,0.914,0.858,0.661,0.911,0.265,0.557,0.024,0.254,0.107,0.226,0.921,0.249,0.964,0.448,0.755,0.181,0.078,0.457,0.768,0.605,0.686,0.372,0.874,0.807,0.305,0.672,0.311,0.455,0.491,0.881,0.373
212,0.385,0.379,0.644,0.547,0.887,0.725,0.021,0.678,0.349,0.968,0.216,0.456,0.915,0.258,0.685,0.54,0.718,0.407,0.671,0.715,0.241,0.986,0.66,0.601,0.693,0.303,0.341,0.773,0.534,0.418,0.86,0.933,0.294,0.258,0.63,0.551,0.618,0.59,0.854,0.78,0.029,0.472,0.567,0.026,0.784,0.18,0.636,0.996,0.235,0.032,0.651,0.089,0.569,0.473,0.938,0.011,0.197,0.071,0.07,0.734,0.315,0.279,0.551,0.416
214,0.346,0.082,0.42,0.926,0.012,0.591,0.312,0.143,0.696,0.308,0.957,0.955,0.727,0.041,0.657,0.974,0.643,0.297,0.89,0.71,0.927,0.253,0.952,0.845,0.603,0.193,0.038,0.583,0.216,0.783,0.101,0.738,0.93,0.178,0.715,0.228,0.367,0.032,0.9,0.621,0.373,0.445,0.148,0.964,0.742,0.342,0.408,0.246,0.929,0.372,0.523,0.952,0.73,0.331,0.184,0.837,0.9,0.848,0.989,0.722,0.922,0.153,0.726,0.234
216,0.907,0.247,0.559,0.06,0.983,0.822,0.847,0.581,0.653,0.722,0.751,0.886,0.81,0.389,0.657,0.074,0.102,0.547,0.636,0.606,0.197,0.443,0.457,0.855,0.129,0.844,0.564,0.816,0.302,0.68,0.016,0.688,0.408,0.565,0.474,0.397,0.45,0.238,0.34,0.007,0.579,0.349,0.852,0.219,0.298,0.475,0.535,0.517,0.726,0.614,0.979,0.997,0.796,0.525,0.372,0.943,0.586,0.106,0.245,0.552,0.03,0.776,0.727,0.53
218,0.343,0.318,0.687,0.994,0.459,0.274,0.833,0.275,0.602,0.923,0.256,0.171,0.917,0.023,0.283,0.44,0.826,0.202,0.194,0.351,0.862,0.212,0.503,0.151,0.785,0.607,0.407,0.627,0.591,0.862,0.63,0.086,0.095,0.047,0.064,0.493,0.117,0.564,0.08,0.91,0.877,0.264,0.631,0.994,0.928,0.609,0.047,0.684,0.382,0.578,0.049,0.448,0.787,0.019,0.047,0.884,0.187,0.561,0.265,0.122,0.257,0.855,0.532,0.151
220,0.922,0.769,0.609,0.167,0.468,0.453,0.976,0.551,0.278,0.085,0.675,0.535,0.262,0.19,0.252,0.534,0.271,0.631,0.703,0.489,0.931,0.116,0.804,0.221,0.657,0.012,0.06,0.801,0.863,0.756,0.469,0.143,0.485,0.908,0.833,0.198,0.351,0.453,0.549,0.521,0.036,0.229,0.427,0.94,0.133,0.468,0.361,0.262,0.942,0.166,0.221,0.835,0.315,0.893,0.445,0.105,0.988,0.164,0.217,0.101,0.66,0.49,0.753,0.267
222,0.192,0.029,0.169,0.939,0.86,0.631,0.833,0.548,0.581,0.927,0.103,0.693,0.748,0.948,0.734,0.284,0.102,0.698,0.322,0.565,0.203,0.7,0.717,0.253,0.322,0.763,0.67,0.268,0.768,0.81,0.208,0.475,0.601,0.918,0.054,0.909,0.624,0.221,0.588,0.857,0.44,0.171,0.081,0.097,0.784,0.069,0.102,0.002,0.801,0.562,0.505,0.037,0.335,0.455,0.071,0.595,0.203,0.626,0.506,0.195,0.287,0.998,0.775,0.444
224,0.988,0.07,0.322,0.03,0.685,0.992,0.887,0.179,0.371,0.47,0.847,0.905,0.042,0.646,0.682,0.919,0.107,0.502,0.56,0.885,0.232,0.966,0.964,0.221,0.215,0.634,0.492,0.513,0.276,0.824,0.264,0.261,0.406,0.316,0.724,0.526,0.49,0.292,0.841,0.144,0.034,0.273,0.564,0.735,0.181,0.224,0.034,0.62,0.586,0.359,0.864,0.711,0.743,0.854,0.296,0.517,0.149,0.612,0.094,0.367,0.267,0.95,0.019,0.992
226,0.834,0.753,0.001,0.613,0.056,0.81,0.278,0.342,0.003,0.596,0.613,0.965,0.075,0.29,0.999,0.232,0.829,0.291,0.543,0.72,0.425,0.321,0.066,0.851,0.346,0.987,0.449,0.03,0.326,0.486,0.717,0.214,0.818,0.044,0.789,0.566,0.78,0.637,0.593,0.092,0.366,0.165,0.817,0.439,0.221,0.918,0.479,0.51,0.753,0.206,0.692,0.291,0.237,0.582,0.565,0.602,0.455,0.945,0.559,0.487,0.698,0.008,0.452,0.729
228,0.231,0.49,0.585,0.125,0.786,0.466,0.249,0.992,0.641,0.824,0.124,0.18,0.923,0.761,0.305,0.574,0.897,0.758,0.018,0.984,0.5,0.906,0.1,0.662,0.329,0.454,0.082,0.345,0.303,0.261,0.77,0.598,0.816,0.871,0.275,0.134,0.395,0.839,0.212,0.441,0.526,0.677,0.311,0.935,0.736,0.268,0.917,0.29,0.57,0.841,0.127,0.777,0.73,0.069,0.806,0.455,0.195,0.184,0.584,0.314,0.016,0.096,0.338,0.157
230,0.749,0.733,0.382,0.423,0.245,0.034,0.988,0.866,0.824,0.466,0.712,0.294,0.521,0.11,0.758,0.085,0.982,0.764,0.629,0.79,0.397,0.57,0.902,0.326,0.112,0.45,0.084,0.056,0.493,0.893,0.636,0.59,0.306,0.036,0.833,0.226,0.537,0.769,0.179,0.867,0.605,0.551,0.795,0.445,0.668,0.261,0.925,0.613,0.486,0.175,0.871,0.487,0.942,0.987,0.012,0.266,0.522,0.535,0.199,0.308,0.632,0.811,0.783,0.445
232,0.852,0.112,0.116,0.221,0.815,0.387,0.113,0.835,0.924,0.051,0.229,0.765,0.663,0.454,0.798,0.23,0.375,0.245,0.247,0.77,0.108,0.912,0.888,0.552,0.014,0.339,0.047,0.36,0.204,0.958,0.005,0.719,0.963,0.085,0.266,0.576,0.485,0.804,0.306,0.063,0.143,0.793,0.875,0.088,0.774,0.67,0.292,0.835,0.518,0.392,0.067,0.464,0.331,0.326,0.127,0.47,0.104,0.972,0.256,0.131,0.7,0.201,0.288,0.143
234,0.567,0.319,0.497,0.106,0.298,0.646,0.136,0.164,0.599,0.756,0.901,0.733,0.136,0.352,0.803,0.48,0.32,0.534,0.582,0.439,0.272,0.437,0.647,0.773,0.563,0.411,0.121,0.103,0.119,0.61,0.17,0.512,0.918,0.637,0.768,0.457,0.345,0.924,0.442,0.694,0.143,0.895,0.444,0.938,0.886,0.964,0.92,0.01,0.205,0.399,0.184,0.648,0.682,0.946,0.092,0.422,0.009,0.205,0.681,0.132,0.236,0.867,0.581,0.383
236,0.848,0.834,0.979,0.558,0.19,0.697,0.984,0.738,0.795,0.263,0.671,0.644,0.588,0.011,0.817,0.688,0.188,0.855,0.954,0.802,0.145,0.519,0.528,0.658,0.841,0.97,0.294,0.183,0.133,0.219,0.857,0.426,0.455,0.854,0.494,0.986,0.777,0.194,0.563,0.234,0.829,0.862,0.072,0.496,0.315,0.952,0.884,0.65,0.941,0.726,0.536,0.423,0.665,0.345,0.848,0.486,0.891,0.258,0.002,0.308,0.909,0.355,0.191,0.023
238,0.27,0.348,0.021,0.149,0.62,0.6,0.523,0.425,0.795,0.973,0.366,0.608,0.187,0.702,0.06,0.397,0.609,0.801,0.007,0.721,0.461,0.307,0.125,0.54,0.025,0.349,0.266,0.359,0.755,0.607,0.431,0.223,0.435,0.092,0.636,0.821,0.4,0.85,0.387,0.792,0.611,0.078,0.243,0.458,0.858,0.736,0.762,0.323,0.331,0.274,0.551,0.785,0.829,0.409,0.148,0.615,0.881,0.652,0.174,0.694,0.972,0.218,0.011,0.39
240,0.383,0.058,0.935,0.826,0.774,0.66,0.859,0.27,0.693,0.567,0.986,0.183,0.055,0.531,0.391,0.631,0.615,0.307,0.295,0.814,0.525,0.139,0.449,0.835,0.097,0.607,0.005,0.728,0.454,0.883,0.591,0.275,0.195,0.368,0.649,0.731,0.781,0.002,0.971,0.992,0.426,0.906,0.248,0.679,0.283,0.419,0.906,0.296,0.783,0.046,0.913,0.985,0.009,0.357,0.285,0.203,0.847,0.657,0.69,0.3,0.851,0.637,0.24,0.148
242,0.078,0.975,0.075,0.443,0.58,0.491,0.993,0.751,0.882,0.936,0.112,0.481,0.126,0.717,0.753,0.316,0.219,0.671,0.681,0.658,0.587,0.096,0.184,0.378,0.043,0.596,0.987,0.44,0.744,0.816,0.29,0.883,0.889,0.658,0.252,0.04,0.68,0.216,0.648,0.025,0.001,0.49,0.116,0.666,0.869,0.344,0.086,0.466,0.634,0.342,0.772,0.275,0.405,0.418,0.362,0.358,0.534,0.672,0.398,0.739,0.845,0.891,0.128,0.052
244,0.163,0.866,0.196,0.569,0.726,0.184,0.589,0.314,0.021,0.18,0.23,0.697,0.138,0.055,0.84,0.294,0.784,0.416,0.193,0.001,0.609,0.694,0.109,0.765,0.819,0.299,0.957,0.799,0.292,0.672,0.289,0.132,0.985,0.602,0.357,0.914,0.085,0.46,0.638,0.641,0.016,0.329,0.33,0.833,0.779,0.002,0.25,0.155,0.433,0.329,0.585,0.58,0.846,0.188,0.957,0.062,0.194,0.485,0.214,0.379,0.306,0.101,0.744,0.713
246,0.502,0.826,0.459,0.552,0.753,0.138,0.461,0.341,0.306,0.798,0.409,0.462,0.494,0.692,0.47,0.298,0.931,0.677,0.44,0.708,0.256,0.066,0.331,0.973,0.785,0.087,0.041,0.239,0.535,0.011,0.263,0.942,0.607,0.686,0.6,0.913,0.511,0.177,0.745,0.706,0.688,0.991,0.411,0.846,0.757,0.815,0.769,0.611,0.555,0.875,0.147,0.101,0.326,0.727,0.266,0.875,0.51,0.471,0.123,0.207,0.638,0.546,0.103,0.072
248,0.405,0.866,0.49,0.164,0.181,0.597,0.704,0.737,0.568,0.53,0.553,0.992,0.19,0.626,0.244,0.138,0.454,0.268,0.851,0.597,0.479,0.639,0.389,0.98,0.157,0.475,0.108,0.659,0.957,0.132,0.546,0.8,0.779,0.587,0.907,0.782,0.304,0.226,0.158,0.296,0.569,0.043,0.446,0.681,0.486,0.12,0.144,0.329,0.909,0.145,0.585,0.156,0.368,0.657,0.553,0.562,0.588,0.037,0.032,0.83,0.615,0.399,0.053,0.556
250,0.316,0.226,0.107,0.733,0.025,0.63,0.854,0.1,0.575,0.248,0.994,0.638,0.668,0.202,0.03,0.591,0.359,0.101,0.39,0.581,0.091,0.929,0.651,0.075,0.489,0.507,0.767,0.519,0.244,0.493,0.854,0.729,0.315,0.48,0.379,0.829,0.629,0.495,0.627,0.349,0.446,0.849,0.332,0.11,0.202,0.059,0.743,0.066,0.721,0.72,0.475,0.983,0.963,0.029,0.44,0.772,0.293,0.341,0.02,0.418,0.815,0.438,0.456,0.391
252,0.798,0.461,0.688,0.662,0.22,0.184,0.878,0.157,0.765,0.801,0.022,0.289,0.545,0.066,0.993,0.42,0.47,0.812,0.79,0.721,0.443,0.405,0.582,0.801,0.453,0.052,0.366,0.433,0.282,0.711,0.407,0.888,0.046,0.233,0.736,0.098,0.975,0.961,0.351,0.132,0.802,0.267,0.789,0.235,0.203,0.739,0.705,0.622,0.221,0.456,0.915,0.372,0.854,0.889,0.707,0.472,0.922,0.614,0.759,0.461,0.898,0.94,0.147,0.177
254,0.669,0.8,0.856,0.495,0.775,0.782,0.968,0.236,0.594,0.093,0.386,0.907,0.452,0.139,0.513,0.509,0.05,0.975,0.861,0.85,0.271,0.25,0.451,0.032,0.229,0.003,0.055,0.855,0.525,0.594,0.923,0.771,0.31,0.141,0.959,0.402,0.231,0.539,0.607,0.15,0.23,0.955,0.074,0.396,0.75,0.994,0.992,0.021,0.953,0.043,0.471,0.786,0.874,0.654,0.02,0.377,0.716,0.054,0.104,0.622,0.373,0.807,0.547,0.018
256,0.99,0.7,0.48,0.113,0.393,0.36,0.551,0.044,0.356,0.386,0.361,0.04,0.106,0.553,0.405,0.278,0.809,0.731,0.503,0.363,0.506,0.896,0.556,0.013,0.844,0.663,0.553,0.427,0.13,0.401,0.186,0.217,0.922,0.257,0.405,0.33,0.373,0.136,0.942,0.047,0.383,0.649,0.373,0.295,0.013,0.715,0.442,0.663,0.889,0.699,0.697,0.698,0.025,0.706,0.084,0.471,0.033,0.09,0.966,0.011,0.581,0.035,0.907,0.631
258,0.479,0.87,0.141,0.338,0.938,0.719,0.352,0.78,0.657,0.756,0.528,0.955,0.397,0.245,0.009,0.905,0.393,0.805,0.495,0.295,0.911,0.264,0.49,0.278,0.087,0.91,0.085,0.213,0.055,0.09,0.538,0.786,0.175,0.367,0.844,0.019,0.734,0.748,0.495,0.187,0.154,0.916,0.268,0.763,0.555,0.728,0.692,0.468,0.365,0.562,0.66,0.758,0.735,0.22,0.737,0.949,0.574,0.829,0.949,0.037,0.587,0.992,0.168,0.061
260,0.094,0.091,0.919,0.877,0.799,0.138,0.434,0.18,0.088,0.147,0.327,0.86,0.217,0.741,0.289,0.725,0.412,0.922,0.089,0.651,0.835,0.424,0.02,0.245,0.445,0.451,0.283,0.87,0.096,0.825,0.637,0.003,0.33,0.944,0.178,0.12,0.798,0.4,0.967,0.252,0.158,0.43,0.463,0.207,0.627,0.496,0.368,0.302,0.132,0.524,0.809,0.343,0.763,0.281,0.52,0.797,0.886,0.748,0.706,0.755,0.085,0.721,0.673,0.726
262,0.948,0.899,0.852,0.948,0.829,0.174,0.659,0.14,0.611,0.316,0.36,0.673,0.505,0.312,0.693,0.449,0.998,0.973,0.044,0.038,0.068,0.239,0.219,0.225,0.499,0.673,0.038,0.339,0.52,0.066,0.433,0.874,0.403,0.13,0.503,0.638,0.658,0.904,0.125,0.081,0.443,0.565,0.32,0.589,0.464,0.672,0.692,0.012,0.938,0.589,0.677,0.588,0.817,0.076,0.212,0.702,0.836,0.089,0.806,0.935,0.559,0.272,0.62,0.891
264,0.437,0.277,0.748,0.49,0.381,0.554,0.509,0.721,0.548,0.409,0.91,0.145,0.637,0.135,0.411,0.698,0.577,0.627,0.275,0.181,0.245,0.026,0.572,0.39,0.323,0.801,0.801,0.039,0.068,0.752,0.789,0.232,0.464,0.976,0.282,0.899,0.337,0.804,0.079,0.376,0.223,0.557,0.824,0.902,0.898,0.151,0.178,0.617,0.37,0.618,0.143,0.935,0.069,0.806,0.893,0.046,0.64,0.969,0.992,0.607,0.814,0.362,0.728,0.729
266,0.277,0.238,0.063,0.845,0.684,0.442,0.949,0.627,0.933,0.667,0.808,0.252,0.958,0.377,0.8,0.829,0.406,0.269,0.82,0.533,0.272,0.723,0.315,0.431,0.45,0.297,0.74,0.484,0.76,0.814,0.27,0.936,0.331,0.483,0.246,0.237,0.947,0.98,0.198,0.015,0.671,0.752,0.88,0.495,0.209,0.766,0.435,0.136,0.946,0.874,0.905,0.648,0.114,0.011,0.216,0.078,0.819,0.255,0.97,0.143,0.104,0.247,0.245,0.754
268,0.816,0.188,0.576,0.541,0.547,0.761,0.652,0.402,0.229,0.431,0.23,0.984,0.726,0.161,0.287,0.111,0.697,0.176,0.218,0.987,0.125,0.822,0.022,0.329,0.257,0.992,0.625,0.69,0.467,0.109,0.852,0.458,0.816,0.581,0.151,0.383,0.454,0.146,0.628,0.339,0.699,0.835,0.606,0.077,0.774,0.527,0.458,0.249,0.5,0.721,0.885,0.421,0.361,0.004,0.59,0.847,0.899,0.698,0.931,0.63,0.561,0.788,0.398,0.27
270,0.972,0.206,0.978,0.738,0.034,0.808,0.117,0.133,0.675,0.084,0.383,0.734,0.784,0.082,0.025,0.242,0.77,0.344,0.794,0.982,0.834,0.105,0.259,0.332,0.651,0.559,0.722,0.729,0.751,0.99,0.513,0.163,0.371,0.977,0.846,0.379,0.02,0.928,0.344,0.427,0.965,0.712,0.212,0.265,0.216,0.394,0.675,0.013,0.042,0.594,0.935,0.302,0.824,0.032,0.81,0.189,0.015,0.06,0.995,0.087,0.953,0.218,0.511,0.192
272,0.878,0.014,0.624,0.875,0.217,0.218,0.927,0.869,0.67,0.799,0.302,0.138,0.947,0.577,0.777,0.303,0.429,0.962,0.508,0.078,0.478,0.616,0.219,0.394,0.607,0.514,0.927,0.586,0.26,0.643,0.629,0.639,0.75,0.893,0.536,0.972,0.031,0.075,0.856,0.531,0.405,0.301,0.185,0.177,0.825,0.819,0.198,0.944,0.146,0.214,0.716,0.048,0.871,0.513,0.546,0.525,0.597,0.174,0.079,0.481,0.62,0.311,0.832,0.087
274,0.27,0.975,0.301,0.542,0.654,0.242,0.101,0.843,0.104,0.779,0.678,0.593,0.232,0.361,0.002,0.051,0.084,0.264,0.176,0.197,0.89,0.343,0.405,0.239,0.504,0.799,0.486,0.767,0.239,0.473,0.311,0.752,0.539,0.209,0.884,0.037,0.212,0.363,0.217,0.732,0.606,0.047,0.05,0.41,0.002,0.147,0.498,0.647,0.622,0.901,0.892,0.208,0.718,0.44,0.857,0.473,0.653,0.025,0.98,0.667,0.157,0.69,0.913,0.152
276,0.069,0.5,0.08,0.153,0.196,0.543,0.152,0.748,0.634,0.539,0.141,0.701,0.892,0.268,0.996,0.36,0.615,0.925,0.298,0.687,0.023,0.443,0.204,0.817,0.401,0.822,0.559,0.456,0.593,0.068,0.305,0.188,0.406,0.904,0.52,0.685,0.541,0.977,0.095,0.337,0.159,0.224,0.261,0.242,0.185,0.679,0.672,0.274,0.114,0.614,0.407,0.493,0.092,0.387,0.955,0.968,0.49,0.544,0.997,0.054,0.872,0.048,0.235,0.492
278,0.632,0.32,0.405,0.536,0.724,0.948,0.701,0.305,0.558,0.354,0.142,0.73,0.598,0.86,0.732,0.705,0.486,0.714,0.182,0.519,0.409,0.469,0.513,0.443,0.634,0.969,0.407,0.23,0.961,0.212,0.66,0.421,0.736,0.821,0.985,0.888,0.861,0.676,0.151,0.948,0.175,0.996,0.572,0.69,0.791,0.415,0.906,0.146,0.52,0.065,0.657,0.236,0.955,0.129,0.678,0.096,0.05,0.83,0.41,0.786,0.975,0.227,0.727,0.048
280,0.769,0.176,0.328,0.764,0.924,0.979,0.063,0.093,0.88,0.761,0.742,0.932,0.428,0.388,0.346,0.126,0.662,0.657,0.977,0.644,0.316,0.56,0.489,0.265,0.061,0.701,0.495,0.009,0.39,0.697,0.728,0.332,0.539,0.876,0.267,0.167,0.736,0.103,0.691,0.53,0.079,0.825,0.042,0.028,0.061,0.368,0.318,0.463,0.909,0.175,0.038,0.259,0.684,0.144,0.003,0.848,0.821,0.576,0.737,0.45,0.175,0.059,0.522,0.141
282,0.383,0.003,0.064,0.962,0.696,0.509,0.03,0.625,0.587,0.309,0.284,0.212,0.058,0.82,0.989,0.643,0.239,0.525,0.562,0.587,0.476,0.85,0.202,0.901,0.931,0.353,0.677,0.124,0.84,0.252,0.604,0.908,0.206,0.953,0.594,0.506,0.674,0.718,0.61,0.676,0.126,0.298,0.116,0.171,0.107,0.492,0.945,0.053,0.03,0.305,0.593,0.169,0.282,0.126,0.083,0.768,0.188,0.921,0.482,0.31,0.492,0.911,0.236,0.001
284,0.908,0.155,0.341,0.8,0.343,0.937,0.622,0.537,0.682,0.72,0.167,0.9,0.115,0.324,0.376,0.805,0.66,0.667,0.508,0.806,0.561,0.376,0.445,0.52,0.558,0.655,0.276,0.588,0.984,0.077,0.906,0.724,0.289,0.65,0.387,0.202,0.973,0.936,0.543,0.864,0.445,0.338,0.511,0.147,0.09,0.712,0.997,0.928,0.719,0.83,0.208,0.438,0.961,0.676,0.702,0.153,0.778,0.164,0.643,0.811,0.509,0.5,0.138,0.111
286,0.899,0.927,0.949,0.509,0.353,0.122,0.039,0.476,0.787,0.532,0.708,0.877,0.902,0.056,0.699,0.742,0.238,0.053,0.156,0.373,0.608,0.419,0.877,0.936,0.636,0.481,0.595,0.454,0.647,0.382,0.33,0.702,0.138,0.941,0.832,0.085,0.65,0.933,0.005,0.459,0.992,0.773,0.007,0.841,0.158,0.238,0.391,0.826,0.59,0.002,0.026,0.37,0.092,0.112,0.084,0.112,0.962,0.808,0.523,0.371,0.942,0.25,0.621,0.182
288,0.551,0.514,0.161,0.629,0.937,0.251,0.203,0.915,0.825,0.679,0.711,0.508,0.946,0.937,0.435,0.786,0.236,0.757,0.972,0.251,0.082,0.124,0.088,0.965,0.714,0.309,0.117,0.858,0.831,0.841,0.097,0.747,0.759,0.859,0.447,0.338,0.769,0.181,0.345,0.121,0.429,0.823,0.631,0.987,0.1,0.964,0.095,0.099,0.337,0.677,0.255,0.317,0.275,0.823,0.344,0.937,0.621,0.31,0.872,0.684,0.496,0.476,0.901,0.03
290,0.787,0.543,0.674,0.712,0.684,0.315,0.898,0.98,0.225,0.521,0.738,0.499,0.546,0.84,0.601,0.416,0.403,0.238,0.749,0.036,0.557,0.229,0.632,0.388,0.591,0.287,0.651,0.881,0.948,0.219,0.957,0.401,0.527,0.626,0.978,0.635,0.617,0.838,0.061,0.025,0.274,0.566,0.671,0.058,0.601,0.652,0.495,0.45,0.806,0.623,0.132,0.94,0.764,0.058,0.76,0.584,0.493,0.346,0.403,0.087,0.069,0.71,0.776,0.706
292,0.248,0.911,0.501,0.365,0.196,0.012,0.468,0.905,0.767,0.149,0.932,0.561,0.119,0.194,0.785,0.119,0.939,0.834,0.933,0.28,0.293,0.412,0.221,0.82,0.347,0.428,0.526,0.28,0.165,0.356,0.566,0.986,0.183,0.012,0.092,0.522,0.984,0.525,0.83,0.855,0.62,0.615,0.818,0.994,0.419,0.905,0.961,0.436,0.833,0.219,0.076,0.863,0.8,0.09,0.402,0.6,0.302,0.617,0.144,0.35,0.671,0.902,0.218,0.445
294,0.337,0.643,0.964,0.322,0.562,0.951,0.355,0.386,0.708,0.202,0.353,0.548,0.65,0.104,0.879,0.492,0.122,0.127,0.877,0.992,0.351,0.552,0.149,0.733,0.917,0.227,0.859,0.178,0.473,0.966,0.787,0.862,0.301,0.585,0.435,0.115,0.821,0.182,0.139,0.343,0.072,0.891,0.148,0.451,0.05,0.523,0.574,0.959,0.943,0.46,0.777,0.233,0.4,0.482,0.374,0.758,0.529,0.756,0.696,0.953,0.515,0.909,0.711,0.516
296,0.151,0.849,0.886,0.517,0.701,0.842,0.257,0.775,0.301,0.553,0.292,0.632,0.321,0.277,0.92,0.082,0.393,0.275,0.224,0.355,0.14,0.054,0.413,0.785,0.112,0.624,0.287,0.429,0.042,0.677,0.189,0.45,0.126,0.082,0.9,0.301,0.5,0.088,0.313,0.743,0.76,0.384,0.234,0.218,0.125,0.008,0.62,0.697,0.099,0.637,0.348,0.861,0.979,0.236,0.332,0.278,0.634,0.918,0.82,0.14,0.394,0.493,0.626,0.748
298,0.72,0.119,0.116,0.196,0.495,0.144,0.384,0.157,0.545,0.102,0.639,0.602,0.376,0.973,0.792,0.395,0.519,0.83,0.398,0.793,0.341,0.975,0.321,0.7,0.941,0.992,0.181,0.385,0.26,0.846,0.644,0.075,0.628,0.638,0.561,0.03,0.267,0.471,0.245,0.045,0.157,0.495,0.692,0.417,0.982,0.661,0.664,0.507,0.019,0.648,0.357,0.214,0.269,0.449,0.469,0.536,0.745,0.837,0.561,0.622,0.564,0.929,0.815,0.163
300,0.628,0.279,0.814,0.828,0.366,0.283,0.156,0.507,0.034,0.34,0.266,0.397,0.544,0.537,0.763,0.699,0.497,0.766,0.18,0.528,0.66,0.812,0.813,0.33,0.589,0.598,0.714,0.014,0.994,0.703,0.557,0.585,0.264,0.522,0.379,0.432,0.301,0.352,0.918,0.524,0.131,0.873,0.735,0.979,0.95,0.958,0.114,0.005,0.737,0.529,0.686,0.781,0.99,0.342,0.884,0.874,0.581,0.095,0.154,0.301,0.534,0.127,0.579,0.246
302,0.024,0.49,0.419,0.474,0.262,0.065,0.647,0.516,0.048,0.218,0.222,0.653,0.25,0.591,0.621,0.679,0.582,0.022,0.091,0.834,0.841,0.998,0.679,0.319,0.91,0.534,0.947,0.097,0.776,0.948,0.595,0.938,0.199,0.863,0.885,0.382,0.25,0.077,0.787,0.59,0.417,0.29,0.253,0.334,0.078,0.46,0.382,0.505,0.669,0.957,0.93,0.912,0.877,0.852,0.026,0.762,0.672,0.597,0.906,0.026,0.716,0.388,0.685,0.836
304,0.244,0.637,0.17,0.489,0.876,0.379,0.001,0.37,0.285,0.658,0.65,0.895,0.6,0.378,0.472,0.786,0.277,0.433,0.653,0.234,0.002,0.1,0.313,0.982,0.88,0.774,0.801,0.293,0.047,0.604,0.122,0.084,0.287,0.19,0.932,0.575,0.015,0.333,0.609,0.787,0.647,0.427,0.934,0.847,0.007,0.822,0.324,0.725,0.11,0.669,0.559,0.145,0.562,0.55,0.482,0.723,0.28,0.988,0.321,0.872,0.277,0.767,0.594,0.193
306,0.538,0.499,0.104,0.906,0.592,0.607,0.496,0.018,0.214,0.79,0.278,0.528,0.914,0.196,0.165,0.069,0.866,0.358,0.878,0.791,0.357,0.134,0.641,0.288,0.458,0.435,0.116,0.335,0.372,0.659,0.745,0.401,0.404,0.256,0.166,0.839,0.938,0.551,0.975,0.323,0.134,0.737,0.53,0.708,0.165,0.779,0.122,0.253,0.11,0.099,0.234,0.838,0.637,0.667,0.055,0.219,0.749,0.307,0.638,0.83,0.629,0.34,0.793,0.982
308,0.333,0.924,0.045,0.327,0.233,0.882,0.101,0.836,0.922,0.631,0.307,0.392,0.647,0.583,0.373,0.748,0.235,0.093,0.229,0.763,0.368,0.624,0.208,0.981,0.136,0.156,0.391,0.317,0.216,0.405,0.295,0.558,0.247,0.771,0.723,0.747,0.178,0.71,0.627,0.42,0.963,0.37,0.521,0.851,0.053,0.96,0.64,0.577,0.174,0.143,0.345,0.87,0.669,0.458,0.468,0.562,0.638,0.802,0.492,0.223,0.12,0.014,0.819,0.652
310,0.395,0.596,0.832,0.763,0.093,0.586,0.26,0.027,0.679,0.848,0.994,0.703,0.14,0.574,0.694,0.511,0.463,0.228,0.504,0.836,0.356,0.222,0.68,0.935,0.067,0.12,0.523,0.952,0.063,0.772,0.586,0.122,0.904,0.261,0.364,0.399,0.55,0.903,0.981,0.847,0.718,0.722,0.395,0.114,0.866,0.176,0.693,0.009,0.754,0.992,0.698,0.292,0.538,0.658,0.291,0.671,0.217,0.716,0.839,0.399,0.99,0.151,0.273,0.55
312,0.077,0.369,0.029,0.446,0.265,0.528,0.228,0.038,0.737,0.812,0.742,0.117,0.762,0.124,0.795,0.116,0.531,0.602,0.377,0.038,0.497,0.158,0.119,0.038,0.464,0.514,0.521,0.957,0.744,0.253,0.03,0.646,0.16,0.259,0.19,0.955,0.844,0.295,0.427,0.054,0.11,0.172,0.043,0.073,0.252,0.029,0.712,0.225,0.774,0.118,0.271,0.407,0.213,0.459,0.06,0.616,0.894,0.652,0.366,0.495,0.731,0.171,0.558,0.522
314,0.217,0.898,0.14,0.46,0.933,0.986,0.126,0.052,0.605,0.37,0.38,0.97,0.944,0.495,0.813,0.03,0.719,0.439,0.957,0.527,0.509,0.591,0.708,0.053,0.773,0.526,0.244,0.791,0.961,0.793,0.857,0.278,0.77,0.026,0.429,0.386,0.721,0.389,0.586,0.419,0.807,0.492,0.948,0.901,0.994,0.901,0.067,0.315,0.033,0.601,0.171,0.196,0.07,0.851,0.54,0.209,0.39,0.395,0.279,0.944,0.618,0.214,0.899,0.761
316,0.633,0.505,0.884,0.911,0.993,0.272,0.576,0.837,0.759,0.216,0.316,0.435,0.379,0.692,0.366,0.204,0.837,0.394,0.129,0.87,0.845,0.085,0.011,0.978,0.274,0.558,0.816,0.994,0.315,0.372,0.5,0.411,0.095,0.54,0.982,0.317,0.722,0.118,0.464,0.262,0.89,0.539,0.806,0.395,0.777,0.521,0.239,0.735,0.859,0.301,0.406,0.221,0.107,0.512,0.495,0.499,0.762,0.957,0.12,0.693,0.003,0.054,0.678,0.749
318,0.203,0.651,0.665,0.307,0.755,0.46,0.252,0.131,0.366,0.068,0.564,0.707,0.058,0.421,0.706,0.968,0.802,0.988,0.4,0.836,0.756,0.827,0.047,0.389,0.599,0.339,0.95,0.232,0.93,0.576,0.928,0.654,0.666,0.306,0.419,0.075,0.256,0.184,0.284,0.742,0.128,0.301,0.449,0.174,0.147,0.25,0.491,0.042,0.763,0.261,0.129,0.391,0.528,0.547,0.522,0.72,0.397,0.844,0.53,0.35,0.544,0.895,0.326,0.211
320,0.483,0.885,0.488,0.766,0.342,0.366,0.937,0.128,0.634,0.927,0.816,0.817,0.895,0.557,0.353,0.238,0.067,0.162,0.35,0.223,0.14,0.797,0.927,0.17,0.321,0.871,0.593,0.817,0.898,0.421,0.801,0.591,0.982,0.923,0.649,0.887,0.775,0.127,0.257,0.041,0.678,0.291,0.975,0.348,0.135,0.157,0.531,0.988,0.818,0.08,0.743,0.015,0.109,0.5,0.652,0.8,0.377,0.116,0.346,0.804,0.47,0.896,0.465,0.585
322,0.128,0.417,0.198,0.001,0.415,0.642,0.151,0.768,0.116,0.541,0.496,0.27,0.586,0.02,0.628,0.651,0.743,0.402,0.919,0.545,0.322,0.524,0.284,0.782,0.822,0.708,0.488,0.354,0.249,0.071,0.715,0.369,0.095,0.877,0.553,0.414,0.005,0.387,0.116,0.501,0.232,0.037,0.798,0.648,0.28,0.177,0.909,0.089,0.294,0.965,0.594,0.892,0.698,0.736,0.066,0.744,0.277,0.123,0.714,0.664,0.212,0.388,0.89,0.034
324,0.952,0.88,0.945,0.044,0.886,0.117,0.352,0.701,0.345,0.103,0.495,0.304,0.5,0.209,0.267,0.437,0.287,0.481,0.439,0.623,0.953,0.788,0.25,0.462,0.17,0.171,0.961,0.639,0.322,0.999,0.115,0.953,0.336,0.274,0.36,0.864,0.567,0.187,0.35,0.651,0.222,0.696,0.672,0.199,0.141,0.32,0.349,0.718,0.231,0.228,0.29,0.863,0.908,0.61,0.482,0.864,0.174,0.777,0.292,0.105,0.826,0.127,0.287,0.746
326,0.389,0.186,0.611,0.37,0.014,0.043,0.871,0.946,0.838,0.782,0.506,0.579,0.09,0.087,0.215,0.086,0.848,0.5,0.475,0.737,0.862,0.873,0.176,0.005,0.686,0.563,0.551,0.805,0.251,0.982,0.997,0.888,0.685,0.429,0.568,0.481,0.021,0.079,0.371,0.241,0.511,0.231,0.292,0.59,0.085,0.898,0.572,0.824,0.586,0.716,0.392,0.111,0.796,0.155,0.305,0.983,0.595,0.35,0.363,0.24,0.971,0.866,0.78,0.412
328,0.678,0.219,0.827,0.067,0.538,0.279,0.112,0.391,0.856,0.491,0.66,0.236,0.948,0.079,0.345,0.993,0.635,0.69,0.887,0.549,0.877,0.085,0.908,0.421,0.945,0.75,0.163,0.688,0.891,0.337,0.286,0.155,0.504,0.764,0.881,0.04,0.606,0.296,0.744,0.097,0.492,0.283,0.714,0.973,0.003,0.335,0.889,0.975,0.89,0.489,0.418,0.263,0.294,0.759,0.327,0.354,0.839,0.439,0.326,0.625,0.278,0.738,0.614,0.617
330,0.101,0.898,0.15,0.297,0.458,0.367,0.007,0.23,0.566,0.27,0.816,0.998,0.12,0.116,0.768,0.225,0.565,0.418,0.949,0.872,0.209,0.03,0.795,0.059,0.675,0.806,0.525,0.777,0.779,0.719,0.56,0.039,0.575,0.393,0.792,0.571,0.775,0.705,0.306,0.488,0.449,0.343,0.596,0.603,0.283,0.874,0.601,0.264,0.691,0.308,0.579,0.568,0.934,0.565,0.318,0.5,0.874,0.116,0.743,0.782,0.311,0.437,0.712,0.273
332,0.548,0.96,0.278,0.316,0.474,0.609,0.955,0.755,0.879,0.51,0.757,0.31,0.196,0.217,0.231,0.431,0.186,0.305,0.406,0.337,0.825,0.104,0.175,0.153,0.059,0.757,0.967,0.214,0.811,0.933,0.651,0.52,0.252,0.47,0.852,0.099,0.348,0.141,0.182,0.509,0.196,0.198,0.246,0.852,0.216,0.501,0.412,0.256,0.352,0.466,0.894,0.986,0.279,0.655,0.208,0.606,0.78,0.631,0.088,0.952,0.423,0.382,0.273,0.133
334,0.369,0.164,0.664,0.819,0.555,0.555,0.414,0.896,0.93,0.429,0.601,0.218,0.139,0.414,0.146,0.55,0.346,0.216,0.844,0.113,0.401,0.421,0.239,0.321,0.666,0.465,0.345,0.617,0.849,0.818,0.164,0.499,0.943,0.918,0.637,0.946,0.712,0.915,0.208,0.231,0.229,0.477,0.265,0.01,0.187,0.272,0.54,0.728,0.091,0.56,0.853,0.727,0.581,0.81,0.585,0.206,0.009,0.881,0.267,0.374,0.812,0.608,0.711,0.729
336,0.082,0.818,1.0,0.008,0.335,0.387,0.807,0.624,0.976,0.988,0.681,0.858,0.84,0.002,0.324,0.618,0.056,0.731,0.22,0.719,0.614,0.896,0.571,0.385,0.566,0.425,0.503,0.35,0.237,0.67,0.068,0.088,0.368,0.572,0.908,0.794,0.35,0.488,0.986,0.624,0.624,0.337,0.391,0.589,0.326,0.898,0.143,0.697,0.939,0.725,0.296,0.756,0.898,0.246,0.662,0.724,0.179,0.965,0.486,0.64,0.548,0.543,0.933,0.979
338,0.008,0.809,0.233,0.602,0.067,0.059,0.169,0.506,0.352,0.337,0.945,0.426,0.866,0.57,0.463,0.015,0.408,0.132,0.584,0.194,0.09,0.467,0.939,0.877,0.732,0.106,0.094,0.738,0.194,0.111,0.9,0.324,0.781,0.475,0.991,0.446,0.599,0.53,0.868,0.843,0.532,0.257,0.787,0.812,0.037,0.807,0.277,0.438,0.497,0.304,0.95,0.776,0.283,0.703,0.686,0.951,0.917,0.194,0.823,0.952,0.048,0.23,0.863,0.458
340,0.294,0.957,0.681,0.601,0.088,0.619,0.336,0.301,0.521,0.201,0.088,0.257,0.855,0.766,0.822,0.249,0.547,0.725,0.658,0.954,0.052,0.933,0.31,0.954,0.944,0.143,0.456,0.18,0.551,0.446,0.634,0.523,0.307,0.456,0.401,0.379,0.339,0.204,0.655,0.223,0.82,0.353,0.788,0.611,0.24,0.481,0.891,0.026,0.962,0.913,0.51,0.661,0.536,0.61,0.274,0.198,0.336,0.935,0.925,0.627,0.193,0.857,0.888,0.333
342,0.692,0.529,0.287,0.032,0.99,0.774,0.82,0.176,0.734,0.386,0.424,0.118,0.654,0.637,0.484,0.372,0.794,0.931,0.774,0.436,0.985,0.554,0.64,0.753,0.826,0.824,0.507,0.501,0.895,0.166,0.418,0.406,0.131,0.332,0.618,0.954,0.578,0.094,0.761,0.32,0.55,0.686,0.205,0.284,0.845,0.493,0.183,0.689,0.048,0.674,0.838,0.419,0.392,0.13,0.519,0.896,0.185,0.164,0.228,0.249,0.975,0.075,0.402,0.655
344,0.154,0.675,0.634,0.504,0.891,0.933,0.407,0.45,0.255,0.23,0.476,0.229,0.869,0.319,0.486,0.532,0.372,0.997,0.438,0.861,0.526,0.255,0.768,0.326,0.088,0.967,0.362,0.512,0.693,0.383,0.693,0.088,0.505,0.091,0.095,0.678,0.571,0.43,0.211,0.177,0.783,0.359,0.034,0.006,0.059,0.851,0.805,0.484,0.717,0.304,0.928,0.519,0.105,0.683,0.172,0.306,0.473,0.787,0.247,0.382,0.472,0.57,0.825,0.218
346,0.933,0.756,0.044,0.011,0.742,0.467,0.321,0.839,0.304,0.686,0.201,0.354,0.926,0.738,0.289,0.388,0.268,0.257,0.304,0.784,0.709,0.015,0.76,0.464,0.72,0.112,0.824,0.394,0.481,0.655,0.515,0.251,0.384,0.694,0.135,0.164,0.959,0.602,0.161,0.058,0.499,0.874,0.851,0.238,0.209,0.759,0.009,0.361,0.446,0.8,0.15,0.386,0.89,0.983,0.324,0.467,0.123,0.428,0.764,0.621,0.956,0.613,0.032,0.592
348,0.429,0.982,0.507,0.259,0.534,0.802,0.135,0.32,0.68,0.789,0.33,0.161,0.306,0.47,0.118,0.517,0.464,0.191,0.226,0.878,0.605,0.716,0.577,0.695,0.949,0.879,0.551,0.574,0.765,0.98,0.45,0.727,0.606,0.353,0.099,0.938,0.137,0.535,0.916,0.787,0.062,0.373,0.14,0.195,0.523,0.306,0.408,0.154,0.514,0.646,0.822,0.453,0.987,0.189,0.765,0.369,0.616,0.416,0.513,0.13,0.767,0.088,0.546,0.904
350,0.063,0.668,0.294,0.771,0.795,0.499,0.445,0.304,0.715,0.522,0.359,0.874,0.595,0.474,0.718,0.348,0.611,0.295,0.321,0.931,0.693,0.416,0.987,0.038,0.65,0.869,0.138,0.495,0.354,0.103,0.861,0.914,0.314,0.624,0.736,0.253,0.116,0.951,0.854,0.074,0.16,0.172,0.452,0.339,0.255,0.861,0.48,0.173,0.101,0.351,0.972,0.577,0.649,0.201,0.552,0.322,0.557,0.986,0.574,0.432,0.695,0.585,0.845,0.579
352,0.171,0.677,0.959,0.9,0.827,0.554,0.963,0.287,0.792,0.703,0.198,0.47,0.794,0.85,0.102,0.452,0.513,0.591,0.621,0.515,0.418,0.449,0.232,0.098,0.946,0.326,0.381,0.642,0.842,0.204,0.104,0.18,0.821,0.643,0.877,0.216,0.301,0.397,0.973,0.513,0.88,0.758,0.986,0.553,0.024,0.383,0.834,0.531,0.804,0.364,0.429,0.097,0.753,0.639,0.16,0.827,0.978,0.169,0.193,0.337,0.189,0.559,0.032,0.955
354,0.231,0.57,0.463,0.922,0.401,0.907,0.317,0.167,0.482,0.428,0.466,0.044,0.381,0.818,0.237,0.304,0.448,0.918,0.813,0.639,0.197,0.035,0.873,0.684,0.417,0.725,0.362,0.965,0.247,0.162,0.608,0.359,0.349,0.47,0.235,0.87,0.339,0.486,0.455,0.973,0.487,0.6,0.584,0.87,0.637,0.003,0.513,0.719,0.739,0.136,0.428,0.06,0.433,0.47,0.368,0.087,0.661,0.907,0.566,0.675,0.508,0.687,0.306,0.822
356,0.691,0.427,0.559,0.645,0.998,0.363,0.528,0.188,0.176,0.668,0.28,0.568,0.893,0.025,0.964,0.762,0.839,0.531,0.46,0.58,0.538,0.07,0.034,0.007,0.407,0.107,0.19,0.394,0.714,0.619,0.09,0.498,0.501,0.58,0.101,0.757,0.541,0.12,0.528,0.603,0.415,0.342,0.059,0.994,0.944,0.147,0.819,0.848,0.476,0.184,0.503,0.212,0.747,0.361,0.74,0.525,0.82,0.835,0.629,0.399,0.828,0.184,0.234,0.494
358,0.137,0.849,0.07,0.383,0.454,0.101,0.733,0.101,0.015,0.043,0.397,0.335,0.08,0.591,0.542,0.346,0.762,0.07,0.561,0.707,0.433,0.18,0.42,0.943,0.468,0.136,0.802,0.367,0.585,0.709,0.618,0.546,0.054,0.206,0.65,0.993,0.345,0.764,0.058,0.47,0.322,0.31,0.218,0.721,0.537,0.582,0.359,0.926,0.081,0.31,0.023,0.834,0.618,0.949,0.465,0.492,0.817,0.932,0.086,0.918,0.442,0.906,0.051,0.97
360,0.787,0.939,0.721,0.087,0.309,0.608,0.386,0.577,0.327,0.442,0.912,0.483,0.359,0.063,0.734,0.381,0.096,0.814,0.42,0.689,0.108,0.339,0.782,0.319,0.816,0.372,0.589,0.123,0.083,0.126,0.522,0.824,0.746,0.687,0.817,0.764,0.938,0.578,0.973,0.733,0.518,0.598,0.064,0.25,0.927,0.801,0.644,0.409,0.807,0.501,0.414,0.798,0.88,0.522,0.546,0.893,0.401,0.249,0.22,0.047,0.41,0.469,0.899,0.197
362,0.301,0.346,0.417,0.924,0.726,0.681,0.277,0.672,0.177,0.91,0.386,0.839,0.7,0.934,0.277,0.234,0.263,0.287,0.788,0.548,0.262,0.356,0.901,0.598,0.656,0.116,0.885,0.193,0.047,0.832,0.634,0.548,0.506,0.359,0.474,0.232,0.592,0.745,0.529,0.312,0.778,0.487,0.279,0.368,0.234,0.7,0.885,0.42,0.182,0.454,0.335,0.665,0.617,0.465,0.526,0.151,0.124,0.767,0.555,0.895,0.497,0.976,0.212,0.483
364,0.797,0.324,0.159,0.018,0.245,0.101,0.605,0.592,0.482,0.511,0.36,0.185,0.87,0.482,0.218,0.451,0.758,0.409,0.698,0.554,0.181,0.018,0.059,0.335,0.311,0.947,0.469,0.109,0.874,0.946,0.3,0.677,0.42,0.257,0.447,0.095,0.738,0.984,0.505,0.684,0.252,0.934,0.023,0.406,0.75,0.666,0.828,0.939,0.553,0.584,0.24,0.383,0.974,0.594,0.638,0.115,0.93,0.99,0.037,0.035,0.34,0.43,0.915,0.167
366,0.857,0.388,0.863,0.542,0.924,0.106,0.875,0.761,0.587,0.336,0.22,0.947,0.998,0.792,0.476,0.289,0.41,0.442,0.628,0.17,0.869,0.334,0.554,0.938,0.713,0.765,0.517,0.286,0.174,0.096,0.462,0.568,0.638,0.809,0.652,0.033,0.538,0.701,0.982,0.319,0.557,0.041,0.935,0.505,0.084,0.079,0.748,0.304,0.573,0.075,0.728,0.395,0.524,0.323,0.398,0.344,0.387,0.383,0.667,0.401,0.812,0.398,0.141,0.067
368,0.559,0.791,0.906,0.961,0.665,0.83,0.32,0.204,0.377,0.129,0.818,0.801,0.765,0.114,0.381,0.142,0.39,0.513,0.098,0.847,0.962,0.614,0.607,0.692,0.306,0.865,0.896,0.39,0.264,0.455,0.505,0.117,0.501,0.916,0.067,0.103,0.4,0.389,0.933,0.073,0.637,0.903,0.456,0.007,0.605,0.678,0.393,0.426,0.243,0.568,0.863,0.598,0.902,0.332,0.147,0.845,0.798,0.165,0.462,0.667,0.833,0.392,0.117,0.734
370,0.639,0.393,0.782,0.584,0.359,0.1,0.967,0.661,0.331,0.512,0.756,0.565,0.645,0.325,0.614,0.915,0.883,0.069,0.674,0.787,0.741,0.44,0.917,0.121,0.599,0.47,0.852,0.318,0.609,0.993,0.512,0.337,0.881,0.688,0.151,0.08,0.969,0.908,0.14,0.78,0.707,0.065,0.256,0.648,0.154,0.011,0.764,0.765,0.52,0.6,0.698,0.709,0.382,0.957,0.74,0.95,0.992,0.136,0.537,0.466,0.57,0.06,0.86,0.485
372,0.508,0.401,0.542,0.306,0.364,0.185,0.759,0.6,0.229,0.548,0.388,0.283,0.362,0.386,0.998,0.853,0.853,0.713,0.556,0.233,0.379,0.018,0.031,0.493,0.333,0.77,0.992,0.307,0.855,0.885,0.114,0.651,0.349,0.633,0.958,0.094,0.867,0.167,0.256,0.847,0.251,0.459,0.937,0.951,0.269,0.436,0.733,0.476,0.74,0.598,0.292,0.98,0.651,0.314,0.663,0.864,0.075,0.628,0.257,0.051,0.366,0.633,0.274,0.241
374,0.756,0.793,0.928,0.608,0.35,0.477,0.193,0.894,0.572,0.035,0.979,0.292,0.013,0.021,0.637,0.722,0.258,0.419,0.235,0.541,0.468,0.475,0.259,0.835,0.838,0.345,0.579,0.517,0.669,0.778,0.56,0.039,0.768,0.039,0.235,0.89,0.326,0.918,0.621,0.914,0.069,0.548,0.39,0.919,0.613,0.235,0.075,0.482,0.79,0.036,0.492,0.097,0.088,0.454,0.306,0.407,0.588,0.148,0.347,0.83,0.821,0.886,0.766,0.314
376,0.859,0.864,0.053,0.709,0.404,0.672,0.849,0.186,0.746,0.768,0.405,0.549,0.59,0.668,0.172,0.343,0.155,0.167,0.002,0.32,0.708,0.266,0.374,0.015,0.563,0.634,0.209,0.032,0.766,0.305,0.179,0.383,0.827,0.824,0.686,0.147,0.598,0.185,0.591,0.928,0.493,0.112,0.161,0.894,0.776,0.087,0.972,0.429,0.781,0.985,0.557,0.483,0.464,0.767,0.464,0.693,0.379,0.862,0.855,0.411,0.806,0.96,0.231,0.201
378,0.456,0.093,0.521,0.15,0.507,0.605,0.122,0.224,0.017,0.372,0.313,0.999,0.53,0.281,0.823,0.146,0.644,0.682,0.394,0.969,0.965,0.191,0.069,0.361,0.742,0.445,0.019,0.941,0.101,0.592,0.031,0.261,0.23,0.951,0.139,0.695,0.586,0.362,0.719,0.126,0.904,0.621,0.207,0.118,0.859,0.58,0.363,0.693,0.432,0.164,0.513,0.98,0.925,0.872,0.475,0.426,0.317,0.06,0.029,0.74,0.432,0.569,0.292,0.02
380,0.553,0.799,0.468,0.422,0.06,0.031,0.907,0.117,0.248,0.179,0.831,0.528,0.723,0.231,0.212,0.682,0.633,0.284,0.293,0.992,0.595,0.211,0.701,0.2,0.244,0.265,0.462,0.27,0.685,0.36,0.835,0.152,0.446,0.131,0.456,0.99,0.53,0.575,0.292,0.637,0.873,0.766,0.635,0.361,0.503,0.669,0.587,0.241,0.986,0.765,0.556,0.176,0.36,0.467,0.199,0.767,0.893,0.325,0.723,0.397,0.551,0.534,0.309,0.076
382,0.716,0.604,0.653,0.691,0.512,0.257,0.735,0.562,0.856,0.1,0.343,0.669,0.364,0.852,0.201,0.574,0.594,0.621,0.321,0.801,0.004,0.575,0.742,0.967,0.954,0.003,0.485,0.288,0.84,0.452,0.614,0.363,0.636,0.278,0.083,0.679,0.704,0.874,0.22,0.892,0.02,0.039,0.545,0.22,0.071,0.956,0.479,0.405,0.956,0.046,0.296,0.421,0.004,0.87,0.863,0.614,0.568,0.221,0.593,0.267,0.76,0.227,0.761,0.927
384,0.865,0.696,0.25,0.572,0.744,0.438,0.348,0.481,0.543,0.742,0.055,0.326,0.157,0.741,0.071,0.471,0.338,0.017,0.294,0.112,0.147,0.53,0.172,0.517,0.308,0.108,0.071,0.787,0.484,0.711,0.608,0.179,0.62,0.277,0.823,0.9,0.433,0.842,0.562,0.53,0.807,0.315,0.387,0.655,0.131,0.407,0.445,0.389,0.673,0.954,0.875,0.6,0.213,0.671,0.344,0.239,0.669,0.572,0.907,0.144,0.669,0.784,0.68,0.985
386,0.164,0.775,0.297,0.232,0.616,0.958,0.224,0.563,0.687,0.095,0.619,0.604,0.698,0.215,0.666,0.653,0.679,0.189,0.815,0.659,0.122,0.381,0.839,0.334,0.024,0.928,0.719,0.852,0.56,0.886,0.934,0.282,0.967,0.692,0.147,0.499,0.537,0.242,0.964,0.34,0.088,0.597,0.045,0.711,0.92,0.418,0.255,0.349,0.222,0.813,0.31,0.521,0.931,0.89,0.331,0.706,0.03,0.826,0.795,0.981,0.388,0.815,0.467,0.596
388,0.97,0.278,0.752,0.643,0.713,0.288,0.96,0.954,0.348,0.64,0.301,0.22,0.353,0.895,0.785,0.106,0.968,0.295,0.013,0.061,0.899,0.768,0.414,0.479,0.983,0.796,0.079,0.126,0.787,0.39,0.935,0.674,0.833,0.271,0.364,0.945,0.995,0.131,0.129,0.561,0.513,0.163,0.999,0.645,0.389,0.76,0.325,0.611,0.272,0.861,0.112,0.12,0.03,0.088,0.581,0.246,0.748,0.062,0.649,0.587,0.057,0.499,0.511,0.13
390,0.158,0.571,0.06,0.456,0.14,0.168,0.569,0.014,0.208,0.339,0.15,0.633,0.911,0.672,0.682,0.821,0.369,0.223,0.272,0.689,0.618,0.59,0.185,0.619,0.166,0.733,0.126,0.448,0.03,0.102,0.557,0.618,0.342,0.028,0.634,0.762,0.669,0.404,0.212,0.274,0.483,0.238,0.123,0.695,0.163,0.258,0.573,0.261,0.436,0.703,0.399,0.413,0.278,0.516,0.465,0.304,0.631,0.879,0.304,0.885,0.883,0.424,0.757,0.556
392,0.313,0.861,0.901,0.003,0.722,0.633,0.832,0.225,0.992,0.774,0.221,0.989,0.761,0.029,0.323,0.374,0.838,0.269,0.435,0.246,0.981,0.557,0.114,0.321,0.947,0.16,0.75,0.011,0.425,0.459,0.277,0.347,0.965,0.303,0.698,0.36,0.254,0.401,0.628,0.46,0.858,0.063,0.525,0.861,0.312,0.998,0.593,0.962,0.844,0.428,0.498,0.832,0.761,0.819,0.545,0.001,0.929,0.881,0.629,0.285,0.883,0.968,0.856,0.279
394,0.168,0.677,0.109,0.755,0.412,0.337,0.182,0.083,0.371,0.722,0.361,0.59,0.752,0.323,0.535,0.362,0.853,0.075,0.984,0.749,0.43,0.332,0.471,0.775,0.869,0.706,0.088,0.264,0.694,0.029,0.886,0.337,0.61,0.335,0.146,0.875,0.729,0.565,0.35,0.184,0.156,0.577,0.967,0.016,0.143,0.35,0.394,0.205,0.943,0.168,0.451,0.685,0.953,0.873,0.344,0.231,0.521,0.42,0.896,0.476,0.916,0.416,0.233,0.704
396,0.313,0.44,0.114,0.996,0.569,0.75,0.856,0.483,0.328,0.694,0.775,0.037,0.027,0.996,0.8,0.21,0.012,0.771,0.456,0.624,0.959,0.467,0.893,0.234,0.11,0.253,0.927,0.251,0.85,0.869,0.403,0.042,0.415,0.176,0.538,0.793,0.749,0.375,0.409,0.736,0.964,0.925,0.139,0.079,0.797,0.198,0.563,0.079,0.329,0.094,0.71,0.036,0.441,0.819,0.892,0.352,0.102,0.495,0.858,0.601,0.989,0.594,0.926,0.443
398,0.273,0.227,0.485,0.423,0.791,0.388,0.334,0.314,0.64,0.952,0.786,0.734,0.114,0.204,0.637,0.984,0.456,0.826,0.838,0.607,0.338,0.497,0.395,0.076,0.435,0.32,0.538,0.06,0.386,0.411,0.776,0.874,0.485,0.262,0.845,0.879,0.848,0.166,0.908,0.403,0.525,0.806,0.552,0.804,0.549,0.547,0.959,0.521,0.675,0.748,0.041,0.38,0.663,0.465,0.566,0.471,0.434,0.592,0.038,0.542,0.957,0.579,0.243,0.083
