time,CP6,F7,CP2,FT8,P1,PO8,P9,P4,CPz,P6,FT7,AF8,Fp2,P2,CP5,Pz,O1,FC5,F8,P5,Oz,FC3,P3,PO7,F5,FC2,TP8,CP1,TP7,POz,CP3,T8,Fp1,FC1,F10,F1,C3,T7,C1,C2,C4,FC4,C6,C5,F2,F6,AF3,PO4,P10,P8,P7,PO3,Fz,AF7,FCz,CP4,F4,AF4,Cz,FC6,F9,F3,O2,AFz
-100,0.254,0.034,0.029,0.479,0.323,0.431,0.793,0.978,0.591,0.742,0.916,0.705,0.507,0.31,0.854,0.204,0.826,0.041,0.592,0.489,0.215,0.476,0.535,0.739,0.486,0.806,0.498,0.072,0.213,0.672,0.039,0.57,0.026,0.122,0.224,0.789,0.682,0.392,0.093,0.007,0.819,0.87,0.006,0.346,0.536,0.856,0.34,0.249,0.724,0.714,0.327,0.468,0.189,0.232,0.263,0.202,0.725,0.932,0.41,0.329,0.94,0.074,0.927,0.671
-98,0.338,0.888,0.134,0.211,0.295,0.656,0.028,0.39,0.541,0.084,0.444,0.996,0.624,0.205,0.964,0.163,0.153,0.535,0.777,0.312,0.872,0.529,0.982,0.071,0.727,0.719,0.098,0.609,0.553,0.99,0.329,0.319,0.092,0.439,0.066,0.365,0.809,0.237,0.188,0.885,0.82,0.21,0.014,0.05,0.11,0.615,0.305,0.917,0.156,0.101,0.626,0.317,0.587,0.892,0.462,0.411,0.216,0.613,0.105,0.431,0.672,0.175,0.257,0.649
-96,0.482,0.406,0.143,0.108,0.113,0.821,0.005,0.326,0.374,0.498,0.011,0.284,0.461,0.439,0.324,0.065,0.97,0.989,0.074,0.62,0.934,0.52,0.002,0.013,0.863,0.581,0.283,0.26,0.528,0.594,0.746,0.867,0.727,0.083,0.336,0.096,0.763,0.349,0.304,0.202,0.673,0.431,0.777,0.619,0.31,0.49,0.168,0.811,0.396,0.711,0.588,0.814,0.752,0.757,0.231,0.368,0.759,0.34,0.422,0.755,0.561,0.303,0.831,0.381
-94,0.516,0.485,0.375,0.532,0.916,0.145,0.799,0.421,0.503,0.026,0.93,0.888,0.755,0.437,0.139,0.327,0.266,0.995,0.92,0.724,0.868,0.233,0.944,0.896,0.42,0.951,0.934,0.418,0.123,0.937,0.021,0.323,0.181,0.99,0.769,0.356,0.044,0.137,0.178,0.53,0.339,0.311,0.602,0.85,0.573,0.38,0.799,0.199,0.429,0.605,0.927,0.594,0.587,0.643,0.903,0.775,0.624,0.715,0.89,0.369,0.244,0.238,0.069,0.898
-92,0.96,0.249,0.469,0.899,0.404,0.48,0.846,0.645,0.025,0.664,0.562,0.765,0.582,0.746,0.809,0.597,0.121,0.441,0.084,0.616,0.74,0.808,0.33,0.277,0.123,0.421,0.655,0.822,0.904,0.975,0.032,0.722,0.334,0.668,0.709,0.783,0.914,0.363,0.655,0.77,0.012,0.888,0.266,0.963,0.505,0.582,0.998,0.104,0.944,0.356,0.604,0.507,0.301,0.412,0.466,0.712,0.642,0.125,0.052,0.694,0.21,0.72,0.59,0.648
-90,0.879,0.92,0.129,0.822,0.796,0.638,0.048,0.504,0.607,0.59,0.961,0.609,0.089,0.048,0.954,0.715,0.449,0.598,0.238,0.93,0.257,0.378,0.881,0.099,0.637,0.298,0.268,0.666,0.935,0.375,0.565,0.537,0.496,0.68,0.276,0.729,0.006,0.816,0.131,0.435,0.272,0.066,0.568,0.236,0.556,0.166,0.124,0.287,0.166,0.625,0.736,0.64,0.579,0.557,0.881,0.236,0.083,0.18,0.521,0.248,0.321,0.052,0.493,0.428
-88,0.253,0.686,0.932,0.125,0.332,0.933,0.423,0.293,0.845,0.923,0.625,0.117,0.413,0.478,0.719,0.272,0.502,0.596,0.355,0.8,0.807,0.718,0.211,0.825,0.799,0.501,0.898,0.866,0.121,0.51,0.086,0.071,0.081,0.314,0.603,0.151,0.481,0.744,0.403,0.939,0.987,0.8,0.001,0.743,0.534,0.769,0.433,0.005,0.791,0.961,0.114,0.746,0.846,0.016,0.715,0.699,0.988,0.294,0.986,0.99,0.77,0.314,0.48,0.952
-86,0.752,0.616,0.468,0.387,0.495,0.058,0.151,0.747,0.552,0.997,0.478,0.586,0.907,0.315,0.31,0.334,0.082,0.871,0.193,0.179,0.018,0.097,0.872,0.831,0.811,0.646,0.753,0.069,0.386,0.256,0.157,0.516,0.879,0.532,0.465,0.13,0.371,0.648,0.271,0.986,0.997,0.692,0.109,0.599,0.647,0.035,0.743,0.693,0.431,0.691,0.845,0.573,0.119,0.898,0.509,0.637,0.219,0.024,0.447,0.229,0.971,0.653,0.705,0.435
-84,0.661,0.99,0.768,0.504,0.384,0.064,0.034,0.432,0.649,0.752,0.447,0.497,0.492,0.001,0.492,0.168,0.258,0.301,0.546,0.842,0.974,0.01,0.281,0.019,0.286,0.236,0.173,0.156,0.176,0.866,0.147,0.911,0.852,0.424,0.341,0.791,0.101,0.586,0.112,0.847,0.795,0.721,0.169,0.063,0.785,0.579,0.736,0.987,0.057,0.725,0.692,0.163,0.869,0.085,0.391,0.593,0.026,0.49,0.329,0.71,0.292,0.137,0.165,0.903
-82,0.445,0.066,0.664,0.424,0.267,0.005,0.054,0.536,0.956,0.936,0.042,0.249,0.884,0.967,0.154,0.64,0.481,0.637,0.968,0.703,0.231,0.522,0.633,0.514,0.59,0.739,0.228,0.898,0.422,0.424,0.962,0.454,0.838,0.682,0.873,0.187,0.547,0.98,0.411,0.282,0.313,0.242,0.369,0.531,0.534,0.65,0.656,0.194,0.988,0.204,0.656,0.06,0.653,0.613,0.647,0.453,0.155,0.702,0.639,0.2,0.056,0.898,0.079,0.055
-80,0.26,0.765,0.184,0.481,0.558,0.479,0.893,0.172,0.895,0.35,0.095,0.724,0.759,0.417,0.26,0.601,0.411,0.714,0.483,0.848,0.583,0.78,0.472,0.71,0.438,0.88,0.188,0.819,0.997,0.13,0.129,0.899,0.082,0.732,0.051,0.474,0.254,0.92,0.378,0.804,0.204,0.084,0.099,0.253,0.327,0.823,0.425,0.507,0.387,0.189,0.821,0.898,0.414,0.281,0.323,0.202,0.735,0.41,0.17,0.081,0.961,0.762,0.949,0.74
-78,0.273,0.049,0.714,0.833,0.714,0.888,0.888,0.028,0.09,0.263,0.192,0.483,0.844,0.26,0.112,0.255,0.506,0.424,0.313,0.464,0.088,0.028,0.847,0.366,0.364,0.203,0.506,0.21,0.08,0.15,0.236,0.314,0.183,0.287,0.929,0.96,0.402,0.291,0.463,0.651,0.869,0.513,0.569,0.012,0.801,0.79,0.898,0.859,0.065,0.017,0.295,0.665,0.953,0.551,0.318,0.113,0.121,0.303,0.132,0.42,0.566,0.366,0.39,0.452
-76,0.078,0.343,0.48,0.222,0.044,0.548,0.797,0.138,0.019,0.302,0.455,0.953,0.945,0.652,0.077,0.916,0.317,0.219,0.456,0.367,0.634,0.185,0.169,0.182,0.702,0.833,0.029,0.645,0.087,0.304,0.17,0.117,0.299,0.332,0.259,0.949,0.767,0.49,0.323,0.935,0.211,0.884,0.675,0.871,0.436,0.284,0.123,0.239,0.906,0.617,0.077,0.326,0.548,0.746,0.498,0.202,0.999,0.056,0.414,0.63,0.926,0.773,0.097,0.248
-74,0.562,0.262,0.703,0.877,0.28,0.538,0.783,0.344,0.693,0.956,0.628,0.286,0.967,0.703,0.226,0.467,0.002,0.158,0.307,0.489,0.275,0.774,0.29,0.384,0.452,0.867,0.666,0.093,0.532,0.888,0.413,0.615,0.93,0.086,0.651,0.545,0.831,0.567,0.189,0.118,0.924,0.935,0.755,0.495,0.462,0.906,0.858,0.367,0.734,0.197,0.225,0.957,0.87,0.192,0.245,0.714,0.071,0.691,0.97,0.021,0.055,0.169,0.654,0.921
-72,0.224,0.588,0.982,0.832,0.471,0.109,0.231,0.303,0.218,0.167,0.876,0.519,0.729,0.947,0.353,0.618,0.647,0.195,0.918,0.165,0.742,0.84,0.62,0.916,0.183,0.434,0.285,0.054,0.588,0.11,0.939,0.278,0.408,0.912,0.113,0.374,0.428,0.068,0.177,0.809,0.272,0.188,0.909,0.439,0.391,0.066,0.866,0.377,0.759,0.933,0.431,0.325,0.203,0.685,0.061,0.622,0.43,0.824,0.91,0.698,0.462,0.783,0.536,0.739
-70,0.442,0.803,0.415,0.466,0.172,0.646,0.098,0.242,0.861,0.126,0.1,0.588,0.117,0.796,0.683,0.957,0.418,0.275,0.71,0.701,0.748,0.401,0.698,0.053,0.43,0.855,0.534,0.249,0.621,0.501,0.407,0.603,0.458,0.259,0.035,0.132,0.246,0.658,0.83,0.706,0.024,0.455,0.934,0.759,0.365,0.555,0.865,0.808,0.992,0.792,0.144,0.972,0.326,0.584,0.467,0.368,0.191,0.879,0.047,0.093,0.696,0.011,0.164,0.345
-68,0.177,0.517,0.45,0.453,0.095,0.21,0.097,0.16,0.39,0.025,0.194,0.536,0.496,0.427,0.967,0.679,0.115,0.193,0.687,0.075,0.442,0.65,0.412,0.756,0.358,0.19,0.548,0.785,0.329,0.626,0.525,0.228,0.669,0.259,0.048,0.808,0.174,0.575,0.646,0.97,0.083,0.931,0.238,0.524,0.672,0.972,0.875,0.247,0.386,0.766,0.162,0.156,0.627,0.715,0.624,0.897,0.481,0.086,0.849,0.019,0.767,0.76,0.958,0.874
-66,0.137,0.662,0.359,0.407,0.602,0.047,0.762,0.127,0.689,0.657,0.641,0.953,0.68,0.72,0.134,0.187,0.174,0.652,0.177,0.631,0.85,0.952,0.785,0.485,0.247,0.528,0.565,0.26,0.863,0.58,0.532,0.306,0.28,0.417,0.201,0.047,0.964,0.29,0.379,0.065,0.901,0.445,0.993,0.993,0.718,0.901,0.388,0.068,0.483,0.401,0.716,0.837,0.824,0.878,0.939,0.538,0.893,0.989,0.679,0.352,0.049,0.113,0.647,0.79
-64,0.349,0.926,0.815,0.015,0.458,0.876,0.784,0.138,0.545,0.168,0.079,0.841,0.472,0.31,0.18,0.136,0.384,0.104,0.309,0.404,0.181,0.548,0.473,0.301,0.802,0.779,0.714,0.437,0.756,0.736,0.488,0.707,0.385,0.43,0.577,0.238,0.909,0.513,0.235,0.262,0.168,0.565,0.118,0.739,0.265,0.027,0.485,0.648,0.513,0.661,0.69,0.651,0.773,0.682,0.687,0.688,0.607,0.795,0.781,0.016,0.097,0.258,0.825,0.865
-62,0.613,0.791,0.425,0.286,0.228,0.18,0.149,0.474,0.266,0.349,0.768,0.493,0.551,0.866,0.049,0.865,0.258,0.967,0.168,0.398,0.486,0.38,0.598,0.902,0.662,0.41,0.132,0.16,0.309,0.085,0.301,0.023,0.61,0.042,0.836,0.179,0.579,0.501,0.93,0.082,0.862,0.03,0.351,0.242,0.506,0.087,0.195,0.283,0.608,0.649,0.424,0.339,0.607,0.834,0.459,0.672,0.352,0.333,0.825,0.247,0.143,0.579,0.502,0.425
-60,0.914,0.489,0.34,0.621,0.468,0.852,0.783,0.414,0.468,0.749,0.413,0.522,0.317,0.594,0.782,0.671,0.283,0.638,0.916,0.176,0.499,0.953,0.39,0.256,0.517,0.892,0.207,0.393,0.475,0.947,0.995,0.535,0.974,0.422,0.407,0.797,0.18,0.077,0.122,0.36,0.243,0.606,0.371,0.673,0.815,0.456,0.45,0.056,0.246,0.26,0.373,0.286,0.316,0.116,0.461,0.895,0.209,0.894,0.09,0.146,0.698,0.341,0.759,0.387
-58,0.734,0.664,0.823,0.141,0.296,0.252,0.037,0.426,0.26,0.444,0.33,0.561,0.144,0.898,0.365,0.557,0.467,0.081,0.537,0.036,0.378,0.27,0.746,0.96,0.752,0.665,0.609,0.708,0.28,0.068,0.328,0.788,0.42,0.751,0.673,0.492,0.038,0.539,0.239,0.683,0.924,0.87,0.648,0.961,0.374,0.547,0.785,0.639,0.862,0.67,0.381,0.445,0.572,0.2,0.233,0.238,0.968,0.873,0.496,0.408,0.484,0.092,0.69,0.983
-56,0.186,0.339,0.125,0.9,0.561,0.464,0.758,0.826,0.121,0.998,0.257,0.631,0.896,0.645,0.913,0.393,0.65,0.977,0.429,0.336,0.215,0.329,0.482,0.7,0.247,0.724,0.663,0.887,0.923,0.846,0.728,0.826,0.965,0.396,0.381,0.578,0.783,0.376,0.485,0.92,0.011,0.163,0.837,0.348,0.487,0.21,0.581,0.949,0.684,0.177,0.656,0.53,0.361,0.014,0.371,0.484,0.489,0.806,0.345,0.905,0.47,0.212,0.833,0.115
-54,0.889,0.677,0.308,0.938,0.858,0.223,0.101,0.506,0.345,0.119,0.636,0.026,0.665,0.035,0.933,0.064,0.078,0.772,0.088,0.53,0.484,0.868,0.399,0.691,0.89,0.184,0.465,0.722,0.695,0.04,0.909,0.196,0.849,0.664,0.289,0.449,0.037,0.19,0.403,0.952,0.413,0.388,0.951,0.298,0.625,0.738,0.792,0.264,0.033,0.442,0.278,0.866,0.974,0.802,0.263,0.981,0.497,0.192,0.125,0.204,0.029,0.081,0.321,0.598
-52,0.328,0.157,0.32,0.07,0.899,0.229,0.629,0.055,0.048,0.118,0.02,0.621,0.884,0.718,0.386,0.499,0.927,0.46,0.097,0.801,0.971,0.277,0.721,0.098,0.147,0.834,0.82,0.859,0.844,0.866,0.322,0.452,0.529,0.562,0.358,0.976,0.4,0.478,0.421,0.751,0.741,0.207,0.851,0.602,0.281,0.595,0.205,0.893,0.253,0.004,0.964,0.676,0.139,0.772,0.751,0.552,0.881,0.226,0.549,0.355,0.15,0.93,0.078,0.457
-50,0.984,0.413,0.413,0.921,0.869,0.103,0.896,0.389,0.353,0.559,0.359,0.582,0.475,0.254,0.187,0.402,0.242,0.707,0.168,0.063,0.944,0.042,0.074,0.878,0.584,0.182,0.625,0.739,0.606,0.914,0.565,0.7,0.691,0.922,0.256,0.395,0.17,0.652,0.812,0.595,0.149,0.442,0.244,0.086,0.321,0.798,0.233,0.014,0.215,0.011,0.223,0.082,0.781,0.535,0.14,0.804,0.809,0.433,0.589,0.077,0.564,0.964,0.757,0.99
-48,0.514,0.274,0.788,0.972,0.174,0.594,0.614,0.322,0.273,0.152,0.456,0.088,0.971,0.713,0.515,0.542,0.962,0.421,0.264,0.394,0.761,0.568,0.44,0.557,0.932,0.138,0.115,0.096,0.437,0.297,0.86,0.714,0.785,0.044,0.25,0.012,0.434,0.254,0.707,0.394,0.699,0.473,0.723,0.314,0.145,0.156,0.862,0.806,0.457,0.857,0.686,0.745,0.031,0.073,0.829,0.432,0.311,0.733,1.0,0.266,0.426,0.775,0.61,0.678
-46,0.655,0.398,0.496,0.166,0.563,0.11,0.926,0.032,0.816,0.087,0.059,0.549,0.362,0.659,0.48,0.689,0.587,0.266,0.87,0.655,0.436,0.434,0.332,0.722,0.55,0.474,0.462,0.752,0.975,0.822,0.604,0.163,0.043,0.031,0.992,0.365,0.706,0.722,0.125,0.973,0.27,0.141,0.627,0.901,0.622,0.34,0.06,0.302,0.489,0.563,0.993,0.956,0.19,0.272,0.088,0.639,0.61,0.564,0.681,0.756,0.402,0.266,0.332,0.705
-44,0.389,0.303,0.303,0.548,0.625,0.045,0.674,0.415,0.468,0.235,0.372,0.904,0.949,0.23,0.611,0.245,0.271,0.084,0.558,0.468,0.682,0.789,0.448,0.774,0.22,0.214,0.462,0.738,0.176,0.681,0.973,0.445,0.716,0.641,0.351,0.204,0.019,0.635,0.468,0.377,0.043,0.037,0.073,0.812,0.972,0.196,0.402,0.023,0.889,0.485,0.779,0.867,0.084,0.935,0.082,0.599,0.379,0.926,0.453,0.109,0.192,0.431,0.974,0.833
-42,0.235,0.629,0.664,0.437,0.906,0.3,0.277,0.722,0.108,0.286,0.979,0.931,0.134,0.209,0.281,0.434,0.89,0.886,0.076,0.171,0.54,0.36,0.143,0.435,0.779,0.365,0.722,0.153,0.742,0.291,0.242,0.973,0.195,0.702,0.325,0.126,0.037,0.014,0.509,0.75,0.934,0.232,0.124,0.41,0.075,0.68,0.913,0.588,0.514,0.149,0.203,0.451,0.041,0.638,0.036,0.374,0.17,0.772,0.733,0.861,0.685,0.48,0.096,0.726
-40,0.191,0.897,0.386,0.371,0.393,0.139,0.298,0.584,0.127,0.061,0.64,0.897,0.855,0.387,0.363,0.222,0.353,0.413,0.847,0.477,0.021,0.334,0.925,0.644,0.201,0.613,0.274,0.249,0.692,0.8,0.237,0.018,0.23,0.313,0.607,0.728,0.502,0.295,0.44,0.045,0.621,0.136,0.205,0.544,0.768,0.564,0.715,0.41,0.687,0.665,0.866,0.216,0.193,0.667,0.232,0.4,0.81,0.881,0.758,0.081,0.283,0.882,0.915,0.946
-38,0.434,0.529,0.04,0.974,0.479,0.301,0.432,0.067,0.321,0.373,0.8,0.089,0.07,0.827,0.21,0.964,0.403,0.289,0.299,0.896,0.454,0.378,0.943,0.912,0.132,0.817,0.722,0.503,0.83,0.623,0.098,0.74,0.809,0.608,0.932,0.704,0.019,0.921,0.266,0.553,0.508,0.77,0.748,0.631,0.822,0.299,0.01,0.147,0.812,0.51,0.006,0.823,0.119,0.515,0.779,0.536,0.178,0.92,0.559,0.026,0.212,0.221,0.2,0.194
-36,0.342,0.009,0.8,0.238,0.079,0.939,0.341,0.392,0.624,0.664,0.979,0.179,0.841,0.988,0.327,0.771,0.228,0.021,0.98,0.255,0.013,0.642,0.842,0.237,0.665,0.856,0.074,0.575,0.537,0.002,0.23,0.182,0.488,0.621,0.466,0.015,0.085,0.414,0.78,0.418,0.819,0.82,0.526,0.199,0.36,0.344,0.104,0.545,0.959,0.608,0.958,0.355,0.383,0.486,0.698,0.972,0.122,0.286,0.998,0.703,0.41,0.753,0.023,0.556
-34,0.564,0.967,0.299,0.473,0.605,0.019,0.73,0.587,0.949,0.277,0.394,0.563,0.149,0.37,0.019,0.286,0.464,0.435,0.923,0.513,0.686,0.885,0.115,0.136,0.52,0.782,0.532,0.019,0.888,0.695,0.146,0.037,0.648,0.514,0.497,0.38,0.145,0.33,0.893,0.279,0.19,0.742,0.355,0.837,0.86,0.545,0.477,0.693,0.789,0.351,0.814,0.532,0.276,0.722,0.108,0.022,0.431,0.547,0.071,0.165,0.241,0.249,0.52,0.929
-32,0.566,0.307,0.207,0.022,0.638,0.741,0.643,0.843,0.61,0.17,0.297,0.461,0.061,0.332,0.723,0.619,0.532,0.577,0.256,0.563,0.799,0.901,0.783,0.774,0.886,0.293,0.138,0.867,0.293,0.622,0.509,0.024,0.004,0.465,0.018,0.773,0.77,0.156,0.562,0.572,0.22,0.747,0.402,0.013,0.237,0.667,0.886,0.563,0.719,0.357,0.752,0.639,0.038,0.222,0.667,0.299,0.834,0.208,0.7,0.196,0.664,0.185,0.79,0.935
-30,0.845,0.171,0.101,0.018,0.848,0.91,0.398,0.143,0.538,0.538,0.393,0.033,0.058,0.742,0.073,0.99,0.079,0.115,0.007,0.122,0.18,0.204,0.12,0.137,0.16,0.078,0.325,0.01,0.77,0.02,0.855,0.652,0.469,0.492,0.535,0.51,0.253,0.78,0.416,0.117,0.329,0.438,0.321,0.085,0.197,0.09,0.254,0.87,0.951,0.931,0.471,0.173,0.15,0.707,0.847,0.409,0.239,0.749,0.922,0.225,0.813,0.803,0.47,0.71
-28,0.798,0.092,0.838,0.608,0.649,0.492,0.584,0.507,0.312,0.184,0.619,0.64,0.815,0.883,0.015,0.978,0.857,0.551,0.161,0.38,0.534,0.752,0.554,0.791,0.455,0.991,0.983,0.607,0.252,0.67,0.03,0.247,0.932,0.345,0.743,0.096,0.535,0.677,0.478,0.386,0.904,0.337,0.566,0.435,0.717,0.512,0.222,0.691,0.477,0.806,0.766,0.921,0.272,0.706,0.849,0.113,0.688,0.966,0.087,0.547,0.007,0.317,0.15,0.19
-26,0.411,0.976,0.964,0.963,0.4,0.105,0.701,0.42,0.363,0.068,0.667,0.923,0.932,0.622,0.876,0.962,0.711,0.862,0.055,0.563,0.235,0.756,0.897,0.359,0.531,0.581,0.053,0.703,0.907,0.399,0.275,0.579,0.255,0.06,0.715,0.674,0.952,0.379,0.08,0.789,0.211,0.095,0.756,0.798,0.28,0.194,0.842,0.155,0.922,0.703,0.891,0.357,0.282,0.377,0.229,0.143,0.529,0.056,0.966,0.01,0.06,0.637,0.173,0.232
-24,0.883,0.161,0.568,0.471,0.244,0.444,0.79,0.646,0.618,0.345,0.502,0.568,0.568,0.586,0.015,0.266,0.642,0.828,0.711,0.988,0.769,0.529,0.122,0.099,0.415,0.225,0.328,0.927,0.158,0.931,0.126,0.47,0.737,0.661,0.036,0.428,0.085,0.099,0.923,0.816,0.099,0.936,0.507,0.396,0.582,0.474,1.0,0.085,0.425,0.128,0.327,0.121,0.316,0.574,0.891,0.859,0.986,0.545,0.27,0.909,0.964,0.129,0.735,0.528
-22,0.827,0.304,0.143,0.782,0.584,0.7,0.541,0.672,0.815,0.364,0.258,0.265,0.051,0.215,0.387,0.386,0.581,0.204,0.345,0.676,0.369,0.441,0.864,0.645,0.336,0.002,0.746,0.783,0.011,0.843,0.068,0.42,0.297,0.619,0.275,0.607,0.946,0.534,0.337,0.934,0.588,0.382,0.551,0.812,0.144,0.587,0.276,0.613,0.811,0.656,0.516,0.19,0.423,0.527,0.43,0.278,0.134,0.537,0.164,0.493,0.229,0.786,0.589,0.716
-20,0.113,0.718,0.104,0.087,0.604,0.12,0.144,0.341,0.349,0.334,0.832,0.848,0.808,0.396,0.465,0.01,0.012,0.527,0.151,0.165,0.384,0.585,0.743,0.111,0.657,0.555,0.798,0.481,0.457,0.218,0.405,0.232,0.351,0.395,0.845,0.356,0.724,0.367,0.08,0.71,0.204,0.352,0.776,0.434,0.867,0.322,0.639,0.208,0.209,0.992,0.499,0.755,0.276,0.183,0.87,0.776,0.54,0.915,0.952,0.902,0.518,0.624,0.102,0.659
-18,0.146,0.646,0.756,0.034,0.676,0.421,0.561,0.618,0.33,0.358,0.316,0.338,0.457,0.304,0.819,0.716,0.609,0.542,0.365,0.423,0.492,0.455,0.806,0.203,0.435,0.912,0.423,0.333,0.509,0.852,0.713,0.27,0.931,0.88,0.431,0.286,0.659,0.608,0.475,0.189,0.332,0.291,0.804,0.024,0.795,0.9,0.067,0.721,0.094,0.135,0.291,0.611,0.313,0.372,0.93,0.453,0.607,0.512,0.629,0.629,0.384,0.708,0.373,0.028
-16,0.5,0.358,0.403,0.137,0.491,0.16,0.583,0.31,0.64,0.381,0.539,0.513,0.442,0.124,0.919,0.714,0.233,0.097,0.622,0.991,0.686,0.375,0.999,0.127,0.504,0.193,0.033,0.787,0.982,0.652,0.449,0.101,0.944,0.503,0.875,0.019,0.413,0.993,0.983,0.716,0.668,0.211,0.886,0.383,0.965,0.229,0.092,0.278,0.824,0.058,0.896,0.102,0.253,0.201,0.741,0.342,0.232,0.89,0.725,0.151,0.323,0.23,0.224,0.127
-14,0.205,0.033,0.717,0.363,0.213,0.872,0.43,0.993,0.999,0.845,0.959,0.199,0.206,0.165,0.184,0.982,0.488,0.106,0.286,0.924,0.498,0.279,0.329,0.459,0.945,0.827,0.182,0.733,0.375,0.834,0.033,0.836,0.5,0.926,0.858,0.949,0.307,0.454,0.578,0.193,0.592,0.396,0.609,0.253,0.152,0.687,0.277,0.585,0.372,0.154,0.933,0.322,0.474,0.904,0.892,0.22,0.798,0.677,0.007,0.264,0.41,0.395,0.157,0.261
-12,0.067,0.14,0.494,0.395,0.754,0.536,0.85,0.553,0.176,0.344,0.22,0.864,0.695,0.295,0.293,0.442,0.25,0.362,0.056,0.683,0.901,0.949,0.359,0.324,0.311,0.878,0.356,0.14,0.586,0.425,0.807,0.973,0.285,0.641,0.624,0.952,0.913,0.167,0.479,0.47,0.464,0.705,0.994,0.015,0.648,0.053,0.889,0.359,0.855,0.368,0.193,0.081,0.514,0.231,0.742,0.61,0.294,0.467,0.272,0.681,0.114,0.747,0.292,0.332
-10,0.531,0.138,0.702,0.832,0.312,0.663,0.539,0.456,0.749,0.065,0.334,0.015,0.632,0.683,0.531,0.617,0.401,0.363,0.031,0.64,0.078,0.565,0.76,0.441,0.971,0.882,0.69,0.225,0.363,0.24,0.695,0.858,0.87,0.593,0.899,0.654,0.766,0.843,0.012,0.611,0.058,0.032,0.025,0.928,0.814,0.89,0.999,0.785,0.77,0.624,0.518,0.818,0.294,0.577,0.12,0.638,0.401,0.974,0.269,0.481,0.951,0.604,0.0,0.65
-8,0.053,0.452,0.656,0.062,0.553,0.95,0.832,0.556,0.599,0.641,0.082,0.187,0.647,0.28,0.096,0.314,0.082,0.55,0.74,0.799,0.081,0.852,0.056,0.527,0.216,0.725,0.81,0.324,0.292,0.27,0.451,0.855,0.804,0.279,0.96,0.899,0.099,0.078,0.111,0.634,0.623,0.092,0.873,0.904,0.468,0.487,0.919,0.97,0.077,0.974,0.112,0.039,0.394,0.8,0.825,0.939,0.207,0.504,0.835,0.85,0.155,0.997,0.766,0.667
-6,0.206,0.069,0.74,0.427,0.926,0.448,0.313,0.185,0.886,0.944,0.054,0.194,0.132,0.671,0.031,0.951,0.793,0.612,0.112,0.611,0.386,0.495,0.771,0.828,0.139,0.707,0.817,0.775,0.737,0.222,0.486,0.638,0.099,0.858,0.5,0.667,0.333,0.279,0.915,0.563,0.938,0.989,0.755,0.346,0.352,0.664,0.252,0.227,0.222,0.55,0.587,0.209,0.684,0.693,0.459,0.984,0.934,0.547,0.43,0.725,0.816,0.078,0.234,0.477
-4,0.267,0.731,0.53,0.997,0.09,0.34,0.334,0.713,0.912,0.714,0.478,0.186,0.668,0.594,0.626,0.319,0.172,0.557,0.136,0.237,0.216,0.618,0.556,0.297,0.136,0.138,0.083,0.966,0.348,0.402,0.844,0.714,0.472,0.301,0.642,0.456,0.891,0.838,0.665,0.85,0.731,0.672,0.566,0.953,0.228,0.212,0.473,0.807,0.977,0.372,0.667,0.575,0.601,0.752,0.341,0.271,0.467,0.185,0.752,0.633,0.728,0.251,0.249,0.564
-2,0.74,0.672,0.394,0.585,0.885,0.771,0.442,0.099,0.406,0.025,0.439,0.887,0.763,0.869,0.208,0.479,0.249,0.973,0.105,0.501,0.513,0.596,0.431,0.638,0.074,0.667,0.381,0.601,0.432,0.868,0.428,0.404,0.986,0.585,0.176,0.926,0.746,0.144,0.425,0.304,0.665,0.44,0.91,0.756,0.816,0.078,0.442,0.413,0.369,0.471,0.012,0.631,0.735,0.05,0.468,0.782,0.939,0.047,0.978,0.182,0.181,0.963,0.011,0.233
0,0.567,0.227,0.465,0.062,0.268,0.898,0.962,0.941,0.496,0.853,0.069,0.021,0.339,0.125,0.315,0.421,0.647,0.246,0.722,0.112,0.673,0.773,0.28,0.402,0.332,0.006,0.423,0.215,0.074,0.951,0.019,0.549,0.701,0.817,0.502,0.392,0.069,0.476,0.082,0.943,0.314,0.504,0.502,0.985,0.129,0.876,0.307,0.872,0.692,0.713,0.615,0.937,0.429,0.417,0.452,0.9,0.304,0.617,0.496,0.296,0.895,0.799,0.681,0.935
2,0.732,0.322,0.908,0.272,0.719,0.457,0.651,0.46,0.397,0.781,0.808,0.39,0.793,0.223,0.364,0.661,0.363,0.393,0.564,0.907,0.415,0.488,0.455,0.612,0.016,0.498,0.472,0.713,0.884,0.324,0.885,0.96,0.472,0.345,0.088,0.366,0.324,0.331,0.46,0.01,0.227,0.099,0.479,0.496,0.764,0.069,0.719,0.851,0.465,0.356,0.927,0.006,0.281,0.589,0.11,0.744,0.461,0.728,0.661,0.628,0.171,0.947,0.11,0.724
4,0.534,0.203,0.062,0.572,0.732,0.708,0.786,0.924,0.567,0.642,0.872,0.676,0.487,0.983,0.937,0.887,0.141,0.3,0.237,0.814,0.378,0.859,0.102,0.893,0.73,0.572,0.785,0.258,0.257,0.994,0.62,0.57,0.613,0.111,0.92,0.625,0.573,0.474,0.603,0.107,0.805,0.869,0.846,0.539,0.501,0.803,0.071,0.302,0.265,0.792,0.359,0.272,0.464,0.791,0.566,0.816,0.58,0.542,0.048,0.421,0.3,0.177,0.764,0.072
6,0.811,0.199,0.371,0.35,0.458,0.341,0.339,0.319,0.295,0.319,0.939,0.535,0.444,0.506,0.068,0.581,0.76,0.465,0.012,0.602,0.268,0.819,0.092,0.14,0.946,0.821,0.986,0.313,0.153,0.095,0.475,0.377,0.36,0.656,0.618,0.305,0.423,0.765,0.146,0.633,0.859,0.15,0.811,0.204,0.6,0.985,0.873,0.781,0.669,0.422,0.712,0.122,0.771,0.391,0.766,0.598,0.917,0.743,0.171,0.87,0.789,0.245,0.251,0.859
8,0.414,0.037,0.965,0.203,0.986,0.163,0.607,0.475,0.731,0.745,0.277,0.447,0.226,0.563,0.209,0.23,0.502,0.898,0.746,0.643,0.636,0.845,0.15,0.49,0.712,0.62,0.483,0.568,0.923,0.703,0.075,0.326,0.899,0.417,0.861,0.944,0.536,0.893,0.268,0.548,0.514,0.464,0.251,0.525,0.065,0.143,0.212,0.732,0.947,0.656,0.577,0.533,0.715,0.061,0.756,0.36,0.629,0.777,0.896,0.709,0.145,0.889,0.289,0.85
10,0.601,0.875,0.378,0.496,0.193,0.302,0.106,0.074,0.167,0.019,0.579,0.737,0.046,0.497,0.702,0.486,0.796,0.709,0.988,0.45,0.423,0.508,0.367,0.187,0.561,0.453,0.949,0.527,0.069,0.25,0.149,0.99,0.301,0.733,0.81,0.716,0.439,0.128,0.292,0.589,0.881,0.44,0.329,0.012,0.955,0.725,0.245,0.184,0.17,0.777,0.516,0.661,0.465,0.845,0.659,0.943,0.377,0.224,0.984,0.423,0.38,0.944,0.707,0.657
12,0.782,0.732,0.745,0.785,0.627,0.57,0.381,0.23,0.324,0.225,0.823,0.058,0.421,0.532,0.569,0.868,0.572,0.161,0.623,0.992,0.575,0.348,0.262,0.542,0.967,0.654,0.953,0.723,0.611,0.521,0.599,0.412,0.811,0.812,0.03,0.466,0.373,0.81,0.255,0.425,0.527,0.474,0.543,0.635,0.072,0.49,0.842,0.949,0.291,0.944,0.136,0.673,0.714,0.698,0.931,0.161,0.721,0.2,0.986,0.236,0.175,0.745,0.544,0.595
14,0.428,0.968,0.68,0.562,0.034,0.651,0.741,0.443,0.087,0.827,0.636,0.081,0.251,0.24,0.141,0.088,0.635,0.31,0.801,0.141,0.01,0.082,0.804,0.063,0.466,0.496,0.648,0.545,0.195,0.294,0.66,0.57,0.949,0.534,0.9,0.486,0.314,0.052,0.669,0.634,0.954,0.492,0.697,0.661,0.898,0.956,0.209,0.591,0.116,0.956,0.575,0.394,0.407,0.479,0.825,0.745,0.009,0.484,0.331,0.108,0.897,0.261,0.442,0.005
16,0.203,0.457,0.724,0.773,0.295,0.023,0.636,0.269,0.921,0.298,0.147,0.119,0.261,0.491,0.127,0.769,0.004,0.674,0.858,0.883,0.596,0.173,0.569,0.249,0.723,0.793,0.476,0.611,0.676,0.532,0.708,0.857,0.826,0.044,0.125,0.495,0.366,0.983,0.825,0.571,0.888,0.904,0.741,0.515,0.269,0.625,0.436,0.812,0.889,0.018,0.466,0.582,0.848,0.16,0.667,0.565,0.162,0.721,0.627,0.047,0.295,0.922,0.145,0.423
18,0.392,0.788,0.942,0.086,0.443,0.985,0.86,0.363,0.019,0.891,0.873,0.494,0.296,0.75,0.771,0.102,0.158,0.858,0.054,0.502,0.4,0.95,0.723,0.275,0.755,0.275,0.357,0.05,0.137,0.406,0.445,0.026,0.319,0.993,0.384,0.312,0.17,0.273,0.794,0.867,0.766,0.958,0.446,0.943,0.973,0.269,0.534,0.114,0.359,0.88,0.219,0.925,0.142,0.219,0.816,0.708,0.34,0.533,0.643,0.494,0.857,0.69,0.276,0.302
20,0.769,0.417,0.905,0.814,0.05,0.481,0.044,0.384,0.321,0.314,0.824,0.126,0.399,0.985,0.727,0.025,0.488,0.517,0.298,0.416,0.505,0.658,0.012,0.79,0.527,0.629,0.44,0.18,0.472,0.315,0.918,0.6,0.577,0.335,0.321,0.154,0.48,0.792,0.252,0.797,0.49,0.687,0.126,0.007,0.864,0.436,0.184,0.26,0.075,0.052,0.263,0.714,0.803,0.563,0.622,0.519,0.0,0.734,0.448,0.072,0.548,0.631,0.324,0.667
22,0.617,0.752,0.186,0.149,0.528,0.613,0.317,0.656,0.952,0.877,0.667,0.171,0.017,0.517,0.017,0.712,0.449,0.454,0.907,0.232,0.805,0.256,0.513,0.82,0.998,0.867,0.909,0.359,0.792,0.772,0.341,0.294,0.49,0.116,0.568,0.893,0.518,0.382,0.797,0.426,0.915,0.13,0.191,0.674,0.1,0.84,0.106,0.637,0.906,0.22,0.041,0.902,0.623,0.789,0.11,0.069,0.064,0.365,0.538,0.191,0.216,0.084,0.444,0.395
24,0.649,0.272,0.703,0.429,0.415,0.862,0.269,0.099,0.414,0.886,0.386,0.753,0.629,0.737,0.936,0.024,0.08,0.649,0.052,0.89,0.544,0.025,0.911,0.764,0.28,0.717,0.189,0.016,0.483,0.967,0.653,0.322,0.321,1.0,0.754,0.924,0.714,0.052,0.609,0.749,0.611,0.254,0.336,0.014,0.1,0.47,0.397,0.104,0.881,0.975,0.44,0.31,0.332,0.592,0.999,0.977,0.357,0.137,0.116,0.68,0.416,0.706,0.813,0.819
26,0.381,0.233,0.095,0.679,0.703,0.749,0.1,0.631,0.121,0.719,0.365,0.165,0.762,0.134,0.68,0.544,0.95,0.956,0.366,0.395,0.54,0.644,0.643,0.486,0.119,0.857,0.586,0.161,0.851,0.865,0.839,0.295,0.777,0.256,0.393,0.371,0.888,0.59,0.679,0.19,0.627,0.77,0.828,0.998,0.68,0.292,0.145,0.659,0.666,0.518,0.339,0.971,0.522,0.736,0.866,0.083,0.649,0.571,0.077,0.35,0.81,0.793,0.018,0.398
28,0.42,0.72,0.823,0.687,0.947,0.723,0.405,0.153,0.625,0.018,0.603,0.782,0.788,0.669,0.234,0.355,0.807,0.702,0.713,0.232,0.178,0.313,0.606,0.039,0.512,0.554,0.441,0.537,0.266,0.695,0.047,0.135,0.754,0.497,0.912,0.667,0.891,0.355,0.348,0.849,0.07,0.301,0.237,0.101,0.597,0.981,0.602,0.547,0.72,0.476,0.881,0.15,0.439,0.358,0.924,0.563,0.252,0.499,0.424,0.318,0.197,0.465,0.131,0.372
30,0.945,0.844,0.64,0.648,0.33,0.752,0.836,0.464,0.282,0.521,0.384,0.39,0.355,0.053,0.849,0.583,0.025,0.657,0.472,0.767,0.728,0.616,0.064,0.949,0.602,0.325,0.896,0.509,0.684,0.713,0.031,0.34,0.121,0.005,0.198,0.186,0.993,0.115,0.276,0.275,0.684,0.351,0.604,0.202,0.896,0.595,0.404,0.163,0.203,0.455,0.117,0.473,0.524,0.656,0.592,0.803,0.152,0.145,0.881,0.758,0.839,0.874,0.34,0.682
32,0.395,0.844,0.928,0.799,0.553,0.399,0.336,0.149,0.673,0.049,0.565,0.669,0.072,0.667,0.371,0.809,0.114,0.623,0.497,0.922,0.466,0.168,0.896,0.855,0.307,0.637,0.191,0.62,0.384,0.49,0.395,0.463,0.408,0.896,0.518,0.39,0.112,0.247,0.684,0.007,0.847,0.405,0.374,0.582,0.718,0.429,0.81,0.046,0.628,0.593,0.426,0.574,0.382,0.023,0.232,0.728,0.098,0.6,0.73,0.417,0.997,0.793,0.551,0.697
34,0.993,0.274,0.201,0.001,0.011,0.821,0.013,0.973,0.967,0.358,0.596,0.76,0.114,0.06,0.138,0.741,0.561,0.907,0.793,0.081,0.669,0.196,0.538,0.728,0.81,0.74,0.385,0.656,0.679,0.734,0.34,0.776,0.216,0.494,0.417,0.273,0.626,0.297,0.038,0.958,0.408,0.091,0.822,0.649,0.924,0.998,0.969,0.204,0.979,0.997,0.482,0.191,0.183,0.099,0.564,0.906,0.732,0.54,0.284,0.653,0.472,0.165,0.817,0.748
36,0.588,0.426,0.247,0.139,0.204,0.635,0.695,0.31,0.113,0.99,0.542,0.338,0.794,0.908,0.999,0.001,0.461,0.505,0.407,0.808,0.644,0.659,0.888,0.092,0.346,0.813,0.06,0.698,0.212,0.229,0.944,0.847,0.489,0.495,0.026,0.595,0.393,0.341,0.539,0.041,0.529,0.559,0.753,0.959,0.371,0.246,0.766,0.998,0.203,0.375,0.709,0.753,0.219,0.966,0.193,0.969,0.321,0.034,0.707,0.802,0.623,0.017,0.017,0.374
38,0.573,0.791,0.415,0.769,0.267,0.475,0.837,0.123,0.664,0.38,0.514,0.077,0.627,0.028,0.822,0.224,0.393,0.339,0.107,0.554,0.754,0.844,0.695,0.434,0.561,0.094,0.937,0.515,0.753,0.032,0.97,0.152,0.371,0.475,0.422,0.392,0.762,0.111,0.992,0.041,0.159,0.578,0.405,0.499,0.962,0.976,0.781,0.036,0.766,0.541,0.601,0.712,0.073,0.212,0.149,0.022,0.583,0.32,0.99,0.83,0.317,0.677,0.733,0.045
40,0.766,0.554,0.841,0.816,0.865,0.82,0.363,0.319,0.637,0.085,0.499,0.159,0.214,0.561,0.784,0.399,0.049,0.888,0.888,0.177,0.077,0.102,0.154,0.106,0.565,0.821,0.344,0.585,0.153,0.446,0.611,0.173,0.326,0.752,0.022,0.223,0.62,0.999,0.145,0.65,0.571,0.359,0.824,0.12,0.406,0.841,0.153,0.13,0.644,0.213,0.771,0.877,0.82,0.936,0.517,0.909,0.229,0.846,0.242,0.191,0.064,0.063,0.558,0.564
42,0.936,0.025,0.832,0.903,0.805,0.49,0.675,0.033,0.33,0.614,0.669,0.809,0.118,0.141,0.648,0.085,0.389,0.565,0.977,0.734,0.242,0.458,0.374,0.28,0.502,0.848,0.515,0.088,0.486,0.264,0.036,0.073,0.285,0.618,0.059,0.148,0.849,0.489,0.605,0.555,0.501,0.746,0.559,0.614,0.539,0.776,0.935,0.843,0.954,0.969,0.527,0.989,0.246,0.824,0.501,0.039,0.363,0.707,0.885,0.188,0.879,0.072,0.163,0.543
44,0.697,0.45,0.621,0.55,0.477,0.828,0.913,0.103,0.478,0.739,0.19,0.771,0.586,0.289,0.876,0.576,0.157,0.62,0.957,0.685,0.348,0.032,0.789,0.303,0.16,0.944,0.018,0.663,0.42,0.909,0.264,0.309,0.33,0.691,0.675,0.542,0.7,0.866,0.234,0.959,0.26,0.553,0.021,0.593,0.231,0.611,0.639,0.346,0.569,0.899,0.506,0.796,0.789,0.587,0.438,0.293,0.943,0.169,0.239,0.42,0.26,0.797,0.654,0.383
46,0.64,0.156,0.644,0.016,0.1,0.184,0.567,0.904,0.113,0.598,0.968,0.22,0.845,0.578,0.417,0.474,0.044,0.766,0.463,0.474,0.571,0.469,0.093,0.364,0.035,0.124,0.894,0.559,0.108,0.846,0.309,0.772,0.376,0.015,0.722,0.84,0.625,0.803,0.791,0.961,0.488,0.702,0.912,0.544,0.344,0.996,0.411,0.117,0.835,0.219,0.679,0.815,0.863,0.178,0.788,0.622,0.161,0.301,0.342,0.877,0.827,0.896,0.195,0.981
48,0.062,0.046,0.412,0.113,0.732,0.037,0.399,0.681,0.339,0.244,0.526,0.426,0.121,0.249,0.025,0.863,0.279,0.299,0.327,0.995,0.181,0.838,0.526,0.156,0.724,0.745,0.501,0.591,0.476,0.59,0.102,0.217,0.077,0.262,0.203,0.608,0.776,0.845,0.041,0.005,0.014,0.499,0.447,0.257,0.131,0.639,0.682,0.222,0.488,0.884,0.937,0.962,0.423,0.474,0.505,0.293,0.395,0.761,0.222,0.805,0.279,0.289,0.974,0.094
50,0.283,0.725,0.277,0.615,0.977,0.844,0.279,0.122,0.219,0.431,0.471,0.026,0.936,0.322,0.132,0.911,0.611,0.453,0.336,0.718,0.639,0.415,0.221,0.591,0.461,0.129,0.498,0.366,0.432,0.784,0.362,0.737,0.335,0.877,0.821,0.295,0.12,0.612,0.662,0.643,0.24,0.891,0.545,0.526,0.53,0.225,0.121,0.297,0.382,0.731,0.973,0.346,0.294,0.947,0.89,0.728,0.148,0.533,0.06,0.25,0.509,0.449,0.592,0.259
52,0.098,0.628,0.411,0.581,0.796,0.261,0.62,0.24,0.801,0.167,0.764,0.931,0.843,0.411,0.064,0.864,0.007,0.47,0.608,0.762,0.2,0.128,0.922,0.29,0.643,0.218,0.057,0.673,0.706,0.171,0.325,0.707,0.141,0.82,0.825,0.837,0.802,0.342,0.124,0.517,0.805,0.82,0.621,0.378,0.539,0.537,0.547,0.785,0.775,0.256,0.459,0.158,0.848,0.316,0.722,0.961,0.012,0.705,0.259,0.446,0.861,0.161,0.806,0.952
54,0.551,0.614,0.673,0.119,0.304,0.09,0.698,0.505,0.031,0.321,0.265,0.486,0.396,0.67,0.68,0.939,0.765,0.642,0.658,0.93,0.179,0.21,0.47,0.873,0.348,0.529,0.343,0.479,0.738,0.556,0.036,0.765,0.738,0.477,0.75,0.216,0.806,0.632,0.561,0.363,0.376,0.306,0.494,0.993,0.322,0.054,0.686,0.213,0.643,0.483,0.564,0.633,0.187,0.333,0.161,0.652,0.759,0.885,0.847,0.494,0.933,0.377,0.128,0.701
56,0.446,0.885,0.607,0.639,0.187,0.421,0.785,0.951,0.901,0.964,0.674,0.907,0.091,0.59,0.874,0.534,0.643,0.394,0.15,0.896,0.378,0.619,0.609,0.279,0.772,0.024,0.189,0.637,0.223,0.696,0.249,0.759,0.815,0.879,0.496,0.865,0.483,0.863,0.58,0.709,0.909,0.543,0.652,0.443,0.196,0.284,0.28,0.955,0.606,0.16,0.658,0.697,0.868,0.492,0.053,0.444,0.989,0.181,0.856,0.618,0.027,0.248,0.06,0.477
58,0.246,0.949,0.938,0.829,0.959,0.51,0.838,0.1,0.005,0.219,0.94,0.183,0.272,0.885,0.983,0.96,0.55,0.528,0.127,0.351,0.447,0.915,0.09,0.41,0.785,0.197,0.878,0.891,0.878,0.24,0.116,0.601,0.705,0.894,0.477,0.502,0.006,0.983,0.209,0.509,0.99,0.72,0.276,0.937,0.83,0.924,0.271,0.756,0.97,0.965,0.36,0.854,0.609,0.693,0.149,0.446,0.455,0.688,0.647,0.719,0.897,0.315,0.097,0.773
60,0.701,0.75,0.254,0.161,0.249,0.243,0.425,0.633,0.362,0.191,0.298,0.799,0.477,0.564,0.152,0.146,0.921,0.165,0.51,0.234,0.012,0.184,0.942,0.119,0.923,0.44,0.323,0.641,0.528,0.713,0.682,0.369,0.993,0.465,0.473,0.184,0.371,0.487,0.952,0.288,0.541,0.379,0.287,0.599,0.985,0.555,0.363,0.653,0.344,0.423,0.803,0.548,0.055,0.432,0.281,0.296,0.479,0.268,0.974,0.449,0.066,0.977,0.474,0.176
62,0.845,0.359,0.021,0.916,0.382,0.752,0.267,0.428,0.375,0.127,0.537,0.979,0.506,0.511,0.343,0.708,0.569,0.342,0.541,0.693,0.062,0.817,0.241,0.374,0.716,0.573,0.048,0.516,0.325,0.184,0.337,0.353,0.873,0.915,0.672,0.661,0.681,0.281,0.612,0.274,0.987,0.337,0.269,0.454,0.063,0.893,0.855,0.961,0.169,0.357,0.364,0.301,0.967,0.738,0.837,0.033,0.54,0.889,0.168,0.357,0.221,0.78,0.007,0.9
64,0.935,0.394,0.679,0.949,0.162,0.723,0.338,0.598,0.716,0.898,0.589,0.636,0.869,0.48,0.071,0.867,0.184,0.339,0.397,0.891,0.387,0.166,0.53,0.136,0.203,0.222,0.005,0.92,0.988,0.622,0.557,0.372,0.062,0.848,0.739,0.99,0.307,0.136,0.066,0.636,0.796,0.831,0.477,0.464,0.789,0.576,0.878,0.123,0.753,0.437,0.142,0.867,0.458,0.649,0.793,0.724,0.901,0.62,0.862,0.589,0.652,0.172,0.368,0.537
66,0.147,0.223,0.943,0.652,0.339,0.444,0.781,0.79,0.529,0.561,0.977,0.451,0.897,0.86,0.517,0.079,0.457,0.618,0.078,0.295,0.054,0.025,0.035,0.725,0.374,0.136,0.508,0.85,0.916,0.34,0.639,0.45,0.706,0.226,0.963,0.132,0.643,0.136,0.159,0.11,0.082,0.369,0.075,0.28,0.715,0.44,0.049,0.997,0.052,0.506,0.062,0.251,0.612,0.605,0.571,0.664,0.302,0.315,0.493,0.031,0.753,0.929,0.647,0.029
68,0.754,0.758,0.906,0.218,0.855,0.93,0.909,0.663,0.432,0.447,0.582,0.011,0.964,0.9,0.524,0.777,0.221,0.205,0.209,0.515,0.322,0.738,0.134,0.656,0.707,0.238,0.34,0.912,0.984,0.153,0.153,0.616,0.876,0.024,0.637,0.972,0.783,0.531,0.882,0.178,0.813,0.529,0.026,0.412,0.823,0.541,0.254,0.895,0.437,0.453,0.663,0.921,0.882,0.19,0.766,0.751,0.85,0.292,0.485,0.59,0.897,0.616,0.27,0.246
70,0.725,0.101,0.96,0.658,0.238,0.363,0.636,0.055,0.282,0.172,0.45,0.41,0.838,0.356,0.886,0.605,0.253,0.187,0.01,0.166,0.524,0.256,0.003,0.405,0.251,1.0,0.649,0.567,0.057,0.114,0.627,0.336,0.325,0.971,0.931,0.127,0.275,0.279,0.332,0.795,0.04,0.987,0.106,0.206,0.529,0.178,0.37,0.805,0.998,0.697,0.881,0.902,0.986,0.347,0.613,0.683,0.409,0.459,0.895,0.639,0.407,0.38,0.544,0.237
72,0.251,0.688,0.087,0.881,0.744,0.786,0.257,0.789,0.075,0.155,0.7,0.341,0.21,0.204,0.439,0.283,0.239,0.429,0.61,0.672,0.513,0.667,0.477,0.625,0.218,0.889,0.452,0.976,0.499,0.438,0.049,0.471,0.89,0.987,0.095,0.42,0.139,0.654,0.389,0.537,0.307,0.313,0.571,0.638,0.554,0.119,0.981,0.037,0.041,0.488,0.042,0.718,0.747,0.905,0.757,0.206,0.032,0.231,0.822,0.994,0.678,0.501,0.072,0.636
74,0.578,0.583,0.067,0.017,0.647,0.287,0.23,0.82,0.541,0.206,0.264,0.646,0.707,0.683,0.201,0.982,0.606,0.516,0.945,0.584,0.774,0.514,0.365,0.498,0.343,0.401,0.66,0.285,0.363,0.674,0.337,0.045,0.307,0.425,0.618,0.158,0.345,0.945,0.911,0.073,0.107,0.328,0.332,0.519,0.98,0.338,0.785,0.027,0.89,0.501,0.037,0.984,0.125,0.812,0.715,0.934,0.618,0.463,0.159,0.055,0.348,0.42,0.061,0.234
76,0.841,0.674,0.484,0.02,0.2,0.149,0.777,0.411,0.817,0.943,0.203,0.381,0.826,0.837,0.338,0.403,0.862,0.957,0.679,0.046,0.205,0.991,0.068,0.084,0.153,0.993,0.61,0.707,0.663,0.709,0.218,0.437,0.994,0.301,0.072,0.73,0.108,0.354,0.066,0.915,0.141,0.003,0.091,0.383,0.989,0.32,0.635,0.608,0.486,0.362,0.225,0.704,0.803,0.313,0.412,0.197,0.962,0.464,0.021,0.63,0.526,0.502,0.893,0.801
78,0.652,0.113,0.241,0.084,0.079,0.561,0.699,0.869,0.561,0.189,0.259,0.813,0.807,0.911,0.478,0.631,0.099,0.944,0.11,0.236,0.075,0.3,0.11,0.503,0.344,0.415,0.763,0.046,0.191,0.844,0.76,0.905,0.205,0.497,0.973,0.326,0.757,0.203,0.94,0.075,0.549,0.852,0.883,0.133,0.758,0.071,0.987,0.865,0.439,0.591,0.418,0.58,0.525,0.57,0.171,0.45,0.195,0.606,0.723,0.241,0.005,0.817,0.391,0.875
80,0.191,0.565,0.206,0.464,0.84,0.694,0.315,0.939,0.886,0.233,0.28,0.703,0.747,0.219,0.554,0.119,0.818,0.114,0.462,0.707,0.641,0.414,0.781,0.556,0.548,0.844,0.714,0.443,0.084,0.664,0.71,0.395,0.79,0.434,0.67,0.244,0.71,0.006,0.629,0.676,0.897,0.573,0.683,0.604,0.968,0.619,0.516,0.038,0.96,0.353,0.459,0.536,0.27,0.441,0.616,0.096,0.359,0.043,0.259,0.454,0.412,0.426,0.225,0.234
82,0.397,0.961,0.612,0.234,0.809,0.686,0.93,0.202,0.286,0.021,0.658,0.848,0.492,0.456,0.647,0.376,0.103,0.9,0.141,0.121,0.947,0.0,0.015,0.733,0.484,0.636,0.837,0.442,0.178,0.398,0.52,0.341,0.523,0.978,0.023,0.773,0.02,0.539,0.762,0.717,0.286,0.313,0.68,0.44,0.743,0.556,0.132,0.21,0.426,0.318,0.695,0.615,0.339,0.036,0.018,0.278,0.247,0.573,0.802,0.214,0.692,0.77,0.967,0.509
84,0.638,0.753,0.829,0.049,0.718,0.285,0.475,0.37,0.54,0.906,0.437,0.543,0.367,0.577,0.935,0.433,0.962,0.389,0.866,0.596,0.342,0.586,0.813,0.722,0.756,0.968,0.996,0.275,0.423,0.681,0.691,0.968,0.789,0.78,0.328,0.682,0.806,0.282,0.013,0.765,0.715,0.568,0.808,0.619,0.364,0.752,0.144,0.68,0.496,0.76,0.832,0.437,0.73,0.038,0.221,0.302,0.324,0.466,0.921,0.979,0.694,0.523,0.514,0.653
86,0.846,0.931,0.121,0.609,0.288,0.517,0.857,0.468,0.899,0.152,0.752,0.874,0.121,0.47,0.183,0.326,0.132,0.314,0.677,0.042,0.687,0.564,0.804,0.504,0.543,0.487,0.18,0.261,0.516,0.64,0.413,0.792,0.459,0.059,0.532,0.218,0.239,0.752,0.299,0.004,0.984,0.442,0.87,0.133,0.537,0.786,0.601,0.061,0.236,0.097,0.021,0.227,0.921,0.735,0.198,0.035,0.524,0.267,0.155,0.926,0.317,0.54,0.723,0.695
88,0.976,0.484,0.091,0.096,0.374,0.014,0.94,0.524,0.729,0.254,0.659,0.563,0.479,0.879,0.292,0.12,0.468,0.351,0.186,0.318,0.027,0.106,0.85,0.486,0.85,0.069,0.824,0.43,0.452,0.999,0.271,0.289,0.725,0.712,0.505,0.491,0.043,0.888,0.18,0.803,0.407,0.355,0.865,0.523,0.989,0.426,0.796,0.537,0.784,0.949,0.615,0.098,0.457,0.397,0.838,0.171,0.121,0.747,0.845,0.465,0.387,0.323,0.416,0.8
90,0.148,0.231,0.559,0.325,0.3,0.882,0.819,0.2,0.932,0.43,0.858,0.004,0.602,0.203,0.501,0.579,0.295,0.277,0.057,0.403,0.938,0.031,0.879,0.809,0.391,0.423,0.907,0.192,0.145,0.165,0.825,0.741,0.48,0.115,0.26,0.417,0.018,0.321,0.447,0.184,0.034,0.342,0.803,0.987,0.501,0.471,0.86,0.893,0.233,0.354,0.238,0.847,0.307,0.329,0.985,0.437,0.911,0.446,0.133,0.803,0.812,0.231,0.473,0.142
92,0.718,0.477,0.556,0.686,0.863,0.034,0.187,0.021,0.993,0.07,0.062,0.331,0.18,0.086,0.532,0.338,0.178,0.823,0.055,0.947,0.173,0.388,0.234,0.234,0.837,0.093,0.57,0.996,0.179,0.551,0.297,0.205,0.773,0.411,0.513,0.222,0.2,0.737,0.032,0.953,0.495,0.007,0.708,0.569,0.409,0.74,0.891,0.687,0.888,0.536,0.756,0.216,0.695,0.439,0.952,0.279,0.889,0.695,0.749,0.476,0.9,0.491,0.344,0.927
94,0.588,0.661,0.788,0.712,0.103,0.118,0.803,0.607,0.006,0.136,0.804,0.674,0.486,0.002,0.445,0.585,0.89,0.506,0.123,0.548,0.733,0.453,0.203,0.313,0.557,0.509,0.436,0.945,0.848,0.071,0.308,0.692,0.183,0.025,0.255,0.932,0.086,0.831,0.664,0.777,0.716,0.997,0.691,0.255,0.098,0.469,0.866,0.046,0.817,0.77,0.651,0.378,0.573,0.483,0.205,0.887,0.094,0.634,0.737,0.576,0.95,0.594,0.039,0.751
96,0.086,0.411,0.143,0.091,0.816,0.485,0.053,0.464,0.481,0.634,0.439,0.353,0.247,0.442,0.762,0.205,0.071,0.673,0.625,0.376,0.008,0.219,0.508,0.589,0.312,0.12,0.485,0.502,0.645,0.077,0.678,0.37,0.731,0.876,0.428,0.382,0.306,0.468,0.744,0.765,0.97,0.234,0.814,0.884,0.965,0.846,0.141,0.845,0.954,0.271,0.722,0.017,0.745,0.012,0.622,0.713,0.28,0.39,0.034,0.406,0.869,0.076,0.375,0.788
98,0.169,0.443,0.949,0.725,0.245,0.803,0.463,0.028,0.451,0.116,0.572,0.483,0.21,0.48,0.515,0.047,0.978,0.991,0.781,0.426,0.343,0.022,0.141,0.256,0.869,0.854,0.625,0.822,0.638,0.649,0.027,0.553,0.585,0.094,0.729,0.705,0.642,0.142,0.869,0.093,0.926,0.838,0.633,0.4,0.889,0.75,0.235,0.02,0.485,0.35,0.345,0.838,0.001,0.135,0.525,0.078,0.227,0.634,0.962,0.836,0.467,0.655,0.364,0.05
100,0.163,0.041,0.5,0.15,0.168,0.423,0.42,0.45,0.064,0.328,0.764,0.455,0.535,0.897,0.683,0.318,0.904,0.091,0.452,0.04,0.053,0.155,0.764,0.881,0.125,0.321,0.458,0.505,0.295,0.636,0.224,0.061,0.309,0.769,0.204,0.963,0.405,0.752,0.505,0.288,0.409,0.529,0.615,0.746,0.25,0.174,0.706,0.635,0.13,0.743,0.205,0.554,0.702,0.958,0.571,0.168,0.224,0.437,0.902,0.7,0.038,0.101,0.159,0.884
102,0.894,0.344,0.339,0.463,0.737,0.073,0.461,0.802,0.835,0.189,0.961,0.172,0.955,0.008,0.451,0.279,0.636,0.529,0.044,0.764,0.815,0.319,0.982,0.096,0.829,0.607,0.251,0.916,0.134,0.999,0.958,0.368,0.111,0.514,0.239,0.409,0.1,0.791,0.625,0.546,0.647,0.08,0.437,0.756,0.35,0.693,0.525,0.988,0.107,0.6,0.957,0.83,0.276,0.631,0.484,0.885,0.777,0.212,0.336,0.053,0.097,0.612,0.162,0.005
104,0.262,0.842,0.723,0.942,0.068,0.543,0.707,0.468,0.862,0.151,0.081,0.4,0.336,0.173,0.161,0.141,0.913,0.072,0.688,0.672,0.156,0.144,0.599,0.036,0.081,0.923,0.869,0.334,0.686,0.128,0.647,0.269,0.519,0.428,0.302,0.048,0.142,0.027,0.477,0.594,0.647,0.94,0.583,0.271,0.31,0.678,0.098,0.27,0.572,0.962,0.39,0.245,0.063,0.935,0.483,0.499,0.687,0.226,0.949,0.789,0.9,0.175,0.876,0.057
106,0.125,0.443,0.014,0.517,0.896,0.203,0.184,0.195,0.105,0.478,0.761,0.576,0.373,0.434,0.033,0.999,0.128,0.233,0.747,0.245,0.92,0.265,0.548,0.334,0.857,0.174,0.618,0.242,0.686,0.15,0.062,0.968,0.424,0.512,0.282,0.698,0.839,0.928,0.145,0.558,0.648,0.795,0.159,0.096,0.452,0.772,0.819,0.716,0.71,0.752,0.004,0.669,0.81,0.079,0.687,0.866,0.69,0.968,0.056,0.036,0.56,0.384,0.712,0.214
108,0.745,0.948,0.558,0.995,0.951,0.667,0.057,0.194,0.524,0.24,0.937,0.048,0.675,0.634,0.065,0.266,0.719,0.068,0.521,0.621,0.028,0.465,0.959,0.127,0.743,0.358,0.261,0.518,0.269,0.321,0.716,0.565,0.9,0.38,0.028,0.338,0.944,0.483,0.875,0.287,0.035,0.528,0.439,0.404,0.001,0.725,0.909,0.704,0.792,0.451,0.834,0.211,0.475,0.242,0.062,0.001,0.901,0.891,0.948,0.469,0.865,0.81,0.776,0.69
110,0.765,0.68,0.8,0.486,0.367,0.884,0.565,0.255,0.231,0.221,0.819,0.71,0.085,0.488,0.749,0.05,0.104,0.299,0.847,0.906,0.541,0.746,0.397,0.935,0.322,0.967,0.285,0.173,0.384,0.667,0.805,0.654,0.926,0.85,0.178,0.913,0.136,0.087,0.702,0.772,0.771,0.163,0.429,0.518,0.303,0.877,0.788,0.121,0.135,0.314,0.236,0.637,0.672,0.244,0.851,0.173,0.912,0.514,0.801,0.185,0.991,0.747,0.951,0.87
112,0.013,0.66,0.184,0.478,0.515,0.487,0.326,0.408,0.599,0.422,0.883,0.809,0.889,0.117,0.756,0.778,0.297,0.292,0.223,0.282,0.584,0.502,0.351,0.497,0.149,0.956,0.657,0.216,0.657,0.544,0.821,0.878,0.518,0.345,0.53,0.678,0.746,0.206,0.779,0.625,0.53,0.592,0.375,0.983,0.646,0.143,0.248,0.386,0.063,0.529,0.373,0.749,0.522,0.603,0.959,0.426,0.068,0.313,0.956,0.084,0.366,0.81,0.669,0.364
114,0.451,0.833,0.728,0.348,0.459,0.681,0.251,0.494,0.934,0.735,0.498,0.705,0.258,0.075,0.742,0.518,0.257,0.55,0.578,0.503,0.309,0.499,0.464,0.367,0.804,0.152,0.101,0.246,0.278,0.802,0.33,0.666,1.0,0.654,0.293,0.247,0.176,0.771,0.38,0.502,0.691,0.355,0.255,0.562,0.258,0.37,0.645,0.516,0.954,0.71,0.268,0.241,0.352,0.109,0.02,0.259,0.616,0.427,0.926,0.728,0.701,0.669,0.236,0.686
116,0.999,0.976,0.496,0.357,0.01,0.816,0.856,0.489,0.947,0.343,0.783,0.74,0.414,0.76,0.357,0.616,0.821,0.491,0.263,0.355,0.439,0.64,0.405,0.112,0.716,0.122,0.192,0.517,0.002,0.781,0.721,0.871,0.163,0.294,0.405,0.383,0.09,0.023,0.533,0.795,0.897,0.702,0.805,0.61,0.872,0.35,0.675,0.342,0.846,0.879,0.491,0.194,0.88,0.62,0.409,0.494,0.966,0.507,0.798,0.322,0.614,0.66,0.901,0.809
118,0.166,0.293,0.325,0.109,0.385,0.647,0.242,0.205,0.48,0.175,0.708,0.273,0.888,0.866,0.853,0.395,0.581,0.116,0.035,0.05,0.748,0.929,0.701,0.45,0.938,0.92,0.952,0.312,0.944,0.91,0.346,0.021,0.986,0.435,0.862,0.72,0.19,0.891,0.757,0.096,0.036,0.508,0.47,0.015,0.292,0.566,0.923,0.688,0.36,0.153,0.457,0.688,0.551,0.763,0.783,0.876,0.282,0.932,0.157,0.922,0.978,0.442,0.739,0.849
120,0.21,0.947,0.914,0.426,0.513,0.69,0.543,0.248,0.414,0.012,0.78,0.196,0.318,0.081,0.035,0.326,0.216,0.639,0.645,0.536,0.847,0.556,0.569,0.143,0.498,0.268,0.128,0.721,0.86,0.162,0.794,0.095,0.533,0.012,0.398,0.159,0.054,0.458,0.503,0.853,0.686,0.836,0.241,0.339,0.634,0.146,0.859,0.637,0.213,0.27,0.272,0.731,0.981,0.905,0.04,0.882,0.364,0.074,0.721,0.218,0.215,0.974,0.91,0.277
122,0.384,0.959,0.936,0.171,0.317,0.298,0.045,0.814,0.293,0.328,0.997,0.817,0.551,0.485,0.254,0.656,0.667,0.187,0.303,0.877,0.55,0.899,0.708,0.056,0.238,0.271,0.223,0.873,0.315,0.523,0.438,0.016,0.74,0.425,0.717,0.298,0.768,0.356,0.574,0.507,0.682,0.275,0.741,0.043,0.66,0.058,0.635,0.425,0.142,0.323,0.025,0.051,0.547,0.138,0.392,0.605,0.151,0.262,0.101,0.492,0.249,0.56,0.677,0.741
124,0.211,0.509,0.083,0.326,0.106,0.437,0.599,0.388,0.199,0.716,0.713,0.785,0.178,0.133,0.919,0.835,0.999,0.691,0.807,0.778,0.18,0.043,0.055,0.44,0.51,0.306,0.898,0.055,0.508,0.767,0.807,0.457,0.331,0.945,0.251,0.049,0.88,0.414,0.231,0.02,0.673,0.499,0.104,0.647,0.291,0.743,0.381,0.814,0.414,0.931,0.78,0.917,0.801,0.224,0.38,0.588,0.26,0.871,0.794,0.37,0.308,0.894,0.891,0.631
126,0.27,0.78,0.755,0.939,0.47,0.798,0.157,0.7,0.789,0.875,0.47,0.082,0.038,0.175,0.922,0.485,0.791,0.446,0.28,0.683,0.756,0.576,0.594,0.376,0.235,0.999,0.833,0.721,0.906,0.584,0.803,0.735,0.733,0.298,0.396,0.286,0.131,0.967,0.728,0.732,0.709,0.494,0.636,0.603,0.426,0.926,0.573,0.73,0.67,0.536,0.042,0.323,0.059,0.483,0.88,0.582,0.367,0.419,0.422,0.905,0.89,0.546,0.903,0.802
128,0.1,0.069,0.125,0.697,0.015,0.429,0.066,0.59,0.466,0.686,0.818,0.2,0.217,0.497,0.592,0.79,0.049,0.219,0.251,0.608,0.751,0.652,0.607,0.122,0.03,0.586,0.452,0.334,0.908,0.081,0.926,0.075,0.866,0.431,0.12,0.062,0.047,0.234,0.625,0.019,0.619,0.202,0.565,0.854,0.542,0.276,0.897,0.233,0.396,0.943,0.884,0.34,0.448,0.675,0.742,0.516,0.019,0.171,0.552,0.988,0.087,0.586,0.114,0.62
130,0.846,0.236,0.592,0.407,0.89,0.034,0.928,0.192,0.068,0.366,0.982,0.791,0.984,0.454,0.828,0.483,0.06,0.896,0.163,0.01,0.983,0.581,0.974,0.41,0.445,0.604,0.436,0.52,0.085,0.16,0.025,0.102,0.739,0.976,0.027,0.661,0.735,0.719,0.297,0.867,0.026,0.821,0.518,0.175,0.762,0.25,0.948,0.047,0.206,0.746,0.378,0.511,0.971,0.759,0.789,0.389,0.402,0.44,0.023,0.72,0.058,0.629,0.196,0.641
132,0.055,0.555,0.203,0.342,0.43,0.922,0.649,0.551,0.276,0.248,0.347,0.959,0.466,0.143,0.813,0.029,0.837,0.252,0.594,0.443,0.886,0.572,0.792,0.21,0.841,0.865,0.126,0.937,0.252,0.183,0.575,0.496,0.772,0.395,0.341,0.338,0.803,0.955,0.136,0.7,0.119,0.004,0.809,0.209,0.117,0.438,0.659,0.487,0.525,0.841,0.358,0.216,0.134,0.434,0.014,0.762,0.548,0.84,0.659,0.097,0.917,0.031,0.599,0.082
134,0.806,0.148,0.951,0.399,0.871,0.227,0.181,0.976,0.333,0.799,0.069,0.407,0.007,0.245,0.566,0.378,0.504,0.919,0.592,0.168,0.133,0.232,0.499,0.368,0.579,0.66,0.227,0.124,0.914,0.638,0.55,0.28,0.582,0.088,0.875,0.033,0.714,0.198,0.975,0.983,0.933,0.068,0.832,0.203,0.264,0.835,0.066,0.291,0.494,0.768,0.778,0.237,0.138,0.955,0.112,0.004,0.738,0.346,0.083,0.961,0.788,0.125,0.652,0.236
136,0.001,0.629,0.642,0.434,0.259,0.733,0.586,0.41,0.043,0.727,0.425,0.713,0.652,0.912,0.613,0.348,0.613,0.906,0.633,0.367,0.063,0.559,0.02,0.602,0.278,0.528,0.576,0.864,0.791,0.732,0.32,0.661,0.667,0.239,0.888,0.626,0.008,0.349,0.321,0.012,0.936,0.122,0.409,0.515,0.492,0.316,0.528,0.141,0.579,0.148,0.157,0.771,0.177,0.863,0.612,0.58,0.327,0.266,0.723,0.138,0.341,0.928,0.323,0.095
138,0.508,0.74,0.096,0.052,0.202,0.455,0.226,0.977,0.387,0.634,0.908,0.851,0.408,0.074,0.703,0.81,0.93,0.642,0.44,0.399,0.951,0.265,0.244,0.725,0.846,0.014,0.601,0.834,0.631,0.989,0.493,0.973,0.601,0.95,0.385,0.175,0.614,0.066,0.409,0.868,0.202,0.575,0.676,0.099,0.61,0.522,0.916,0.347,0.13,0.677,0.652,0.178,0.355,0.399,0.884,0.085,0.523,0.017,0.694,0.851,0.687,0.412,0.851,0.708
140,0.083,0.452,0.588,0.625,0.458,0.482,0.793,0.739,0.214,0.482,0.361,0.309,0.891,0.425,0.782,0.659,0.729,0.959,0.035,0.398,0.389,0.204,0.497,0.029,0.596,0.507,0.225,0.664,0.253,0.239,0.092,0.111,0.955,0.496,0.33,0.227,0.668,0.165,0.528,0.882,0.785,0.799,0.002,0.644,0.809,0.703,0.329,0.04,0.932,0.853,0.692,0.604,0.737,0.162,0.709,0.172,0.831,0.525,0.564,0.413,0.501,0.866,0.972,0.111
142,0.759,0.51,0.933,0.707,0.853,0.273,0.696,0.612,0.312,0.152,0.926,0.686,0.588,0.492,0.983,0.44,0.447,0.507,0.542,0.884,0.989,0.467,0.811,0.32,0.083,0.579,0.93,0.785,0.925,0.204,0.551,0.442,0.092,0.198,0.999,0.426,0.932,0.078,0.453,0.504,0.076,0.438,0.881,0.226,0.332,0.387,0.921,0.506,0.89,0.631,0.016,0.83,0.264,0.749,0.027,0.683,0.764,0.732,0.671,0.583,0.598,0.196,0.215,0.333
144,0.178,0.843,0.879,0.894,0.326,0.965,0.801,0.73,0.659,0.166,0.53,0.37,0.111,0.252,0.855,0.214,0.458,0.316,0.711,0.125,0.306,0.467,0.332,0.587,0.542,0.823,0.428,0.483,0.821,0.725,0.641,0.93,0.59,0.561,0.552,0.584,0.346,0.389,0.385,0.132,0.044,0.808,0.206,0.367,0.33,0.952,0.999,0.972,0.992,0.058,0.59,0.73,0.184,0.672,0.84,0.247,0.758,0.175,0.88,0.645,0.629,0.802,0.279,0.667
146,0.853,0.832,0.831,0.519,0.256,0.446,0.998,0.69,0.748,0.29,0.195,0.573,0.073,0.048,0.534,0.449,0.644,0.505,0.91,0.167,0.574,0.745,0.226,0.146,0.065,0.151,0.696,0.241,0.919,0.816,0.035,0.3,0.462,0.468,0.749,0.276,0.272,0.877,0.12,0.309,0.272,0.983,0.006,0.482,0.543,0.876,0.82,0.966,0.991,0.343,0.375,0.355,0.329,0.087,0.445,0.476,0.321,0.434,0.75,0.774,0.027,0.762,0.612,0.151
148,0.277,0.992,0.482,0.591,0.109,0.234,0.007,0.412,0.798,0.784,0.438,0.288,0.334,0.627,0.37,0.085,0.515,0.7,0.605,0.851,0.223,0.42,0.92,0.913,0.725,0.891,0.037,0.517,0.997,0.673,0.115,0.854,0.418,0.572,0.788,0.652,0.633,0.361,0.51,0.947,0.206,0.735,0.112,0.95,0.412,0.333,0.392,0.193,0.836,0.908,0.39,0.383,0.905,0.884,0.853,0.9,0.606,0.254,0.043,0.78,0.068,0.94,0.419,0.586
150,0.443,0.596,0.501,0.838,0.939,0.572,0.43,0.541,0.938,0.139,0.479,0.732,0.552,0.779,0.517,0.815,0.24,0.794,0.403,0.945,0.499,0.455,0.8,0.751,0.938,0.565,0.858,0.963,0.754,0.099,0.999,0.433,0.958,0.798,0.078,0.084,0.455,0.454,0.702,0.577,0.986,0.668,0.324,0.057,0.97,0.345,0.333,0.288,0.452,0.678,0.037,0.421,0.224,0.745,0.929,0.823,0.294,0.457,0.951,0.764,0.687,0.962,0.701,0.039
152,0.171,0.46,0.071,0.67,0.39,0.814,0.164,0.584,0.987,0.429,0.139,0.574,0.725,0.349,0.536,0.138,0.623,0.379,0.613,0.877,0.468,0.58,0.913,0.983,0.137,0.82,0.931,0.269,0.304,0.383,0.451,0.641,0.81,0.211,0.049,0.978,0.654,0.919,0.35,0.277,0.133,0.021,0.9,0.777,0.499,0.652,0.909,0.59,0.703,0.549,0.072,0.16,0.827,0.367,0.195,0.561,0.88,0.557,0.659,0.889,0.034,0.68,0.2,0.176
154,0.131,0.961,0.836,0.371,0.582,0.033,0.558,0.518,0.982,0.018,0.938,0.528,0.409,0.496,0.538,0.901,0.84,0.802,0.561,0.653,0.891,0.111,0.082,0.089,0.532,0.983,0.423,0.737,0.978,0.015,0.671,0.721,0.402,0.002,0.389,0.919,0.504,0.199,0.418,0.882,0.814,0.815,0.423,0.361,0.818,0.303,0.669,0.728,0.87,0.139,0.771,0.565,0.699,0.752,0.102,0.092,0.8,0.226,0.014,0.442,0.219,0.251,0.893,0.324
156,0.191,0.207,0.733,0.797,0.061,0.228,0.872,0.256,0.04,0.843,0.12,0.809,0.724,0.123,0.227,0.294,0.895,0.875,0.682,0.675,0.102,0.726,0.721,0.158,0.919,0.83,0.633,0.845,0.996,0.115,0.906,0.942,0.994,0.927,0.937,0.015,0.241,0.525,0.435,0.351,0.636,0.729,0.09,0.099,0.285,0.716,0.402,0.112,0.129,0.01,0.782,0.401,0.269,0.591,0.5,0.814,0.069,0.151,0.585,0.937,0.761,0.471,0.003,0.896
158,0.665,0.495,0.277,0.713,0.256,0.249,0.794,0.293,0.879,0.135,0.101,0.149,0.58,0.211,0.308,0.685,0.016,0.937,0.094,0.442,0.702,0.272,0.415,0.008,0.396,0.72,0.925,0.974,0.0,0.647,0.386,0.54,0.364,0.886,0.469,0.167,0.997,0.556,0.077,0.561,0.476,0.612,0.682,0.734,0.988,0.254,0.981,0.787,0.182,0.009,0.25,0.216,0.277,0.553,0.572,0.554,0.603,0.372,0.826,0.301,0.919,0.804,0.114,0.594
160,0.357,0.453,0.413,0.602,0.171,0.901,0.573,0.051,0.457,0.047,0.928,0.06,0.65,0.944,0.034,0.281,0.797,0.58,0.707,0.844,0.748,0.072,0.903,0.865,0.771,0.65,0.242,0.351,0.004,0.555,0.04,0.243,0.49,0.776,0.234,0.154,0.605,0.621,0.711,0.414,0.95,0.606,0.55,0.606,0.956,0.984,0.514,0.228,0.871,0.983,0.142,0.685,0.004,0.05,0.538,0.502,0.642,0.306,0.198,0.937,0.137,0.714,0.496,0.793
162,0.689,0.433,0.147,0.584,0.758,0.538,0.359,0.342,0.647,0.057,0.011,0.709,0.934,0.434,0.742,0.27,0.315,0.295,0.077,0.635,0.576,0.302,0.04,0.706,0.915,0.363,0.651,0.081,0.047,0.102,0.189,0.198,0.079,0.857,0.153,0.364,0.355,0.551,0.588,0.854,0.83,0.118,0.187,0.522,0.823,0.771,0.126,0.142,0.371,0.864,0.489,0.386,0.871,0.095,0.449,0.766,0.216,0.144,0.538,0.664,0.956,0.113,0.073,0.656
164,0.249,0.159,0.114,0.658,0.284,0.94,0.355,0.447,0.46,0.418,0.661,0.404,0.623,0.303,0.171,0.992,0.186,0.313,0.587,0.221,0.61,0.034,0.119,0.474,0.907,0.929,0.605,0.272,0.398,0.925,0.793,0.831,0.608,0.052,0.219,0.253,0.028,0.334,0.051,0.885,0.213,0.313,0.248,0.56,0.037,0.113,0.509,0.295,0.189,0.151,0.098,0.916,0.338,0.674,0.66,0.636,0.044,0.597,0.369,0.415,0.628,0.493,0.89,0.996
166,0.967,0.491,0.691,0.32,0.641,0.664,0.003,0.565,0.855,0.415,0.729,0.107,0.981,0.513,0.308,0.884,0.983,0.325,0.292,0.133,0.303,0.152,0.541,0.165,0.848,0.046,0.639,0.422,0.454,0.027,0.368,0.733,0.381,0.476,0.741,0.219,0.942,0.344,0.673,0.145,0.309,0.713,0.37,0.717,0.712,0.724,0.965,0.773,0.492,0.286,1.0,0.211,0.455,0.197,0.62,0.626,0.606,0.57,0.917,0.816,0.846,0.852,0.748,0.135
168,0.743,0.837,0.365,0.027,0.059,0.153,0.3,0.468,0.88,0.34,0.903,0.51,0.935,0.812,0.137,0.081,0.249,0.736,0.062,0.771,0.205,0.995,0.719,0.319,0.069,0.005,0.686,0.112,0.464,0.822,0.09,0.796,0.576,0.842,0.379,0.58,0.296,0.095,0.599,0.442,0.035,0.782,0.615,0.945,0.101,0.894,0.123,0.425,0.281,0.158,0.315,0.969,0.947,0.35,0.176,0.352,0.651,0.389,0.523,0.651,0.158,0.833,0.99,0.933
170,0.42,0.872,0.757,0.885,0.383,0.328,0.041,0.05,0.118,0.506,0.289,0.978,0.069,0.542,0.64,0.189,0.65,0.08,0.976,0.094,0.462,0.182,0.105,0.432,0.474,0.712,0.048,0.197,0.428,0.003,0.617,0.578,0.917,0.585,0.122,0.754,0.269,0.797,0.201,0.808,0.559,0.649,0.76,0.795,0.775,0.088,0.541,0.817,0.162,0.159,0.219,0.402,0.364,0.302,0.869,0.98,0.835,0.094,0.767,0.707,0.462,0.252,0.639,0.841
172,0.48,0.36,0.522,0.539,0.624,0.826,0.739,0.833,0.675,0.435,0.814,0.244,0.504,0.927,0.8,0.76,0.85,0.635,0.959,0.28,0.783,0.309,0.121,0.2,0.449,0.477,0.483,0.587,0.649,0.547,0.178,0.736,0.67,0.894,0.213,0.744,0.298,0.535,0.69,0.634,0.871,0.492,0.427,0.116,0.855,0.636,0.432,0.78,0.959,0.624,0.294,0.65,0.549,0.899,0.883,0.937,0.386,0.196,0.243,0.756,0.026,0.235,0.245,0.895
174,0.291,0.104,0.726,0.98,0.583,0.246,0.285,0.592,0.504,0.06,0.185,0.729,0.695,0.53,0.083,0.329,0.273,0.504,0.781,0.174,0.171,0.312,0.64,0.428,0.974,0.105,0.918,0.714,0.58,0.888,0.455,0.362,0.307,0.22,0.878,0.063,0.389,0.834,0.969,0.088,0.96,0.228,0.491,0.198,0.004,0.052,0.693,0.885,0.354,0.24,0.624,0.715,0.811,0.333,0.122,0.226,0.702,0.276,0.888,0.051,0.188,0.071,0.544,0.847
176,0.524,0.928,0.116,0.083,0.334,0.818,0.773,0.386,0.68,0.288,0.92,0.096,0.356,0.329,0.693,0.317,0.277,0.244,0.597,0.246,0.916,0.074,0.575,0.348,0.587,0.216,0.716,0.393,0.989,0.571,0.791,0.694,0.453,0.647,0.772,0.893,0.753,0.52,0.932,0.254,0.664,0.613,0.765,0.636,0.794,0.911,0.819,0.604,0.315,0.125,0.086,0.215,0.464,0.794,0.718,0.514,0.475,0.45,0.234,0.155,0.979,0.862,0.742,0.634
178,0.051,0.291,0.829,0.156,0.798,0.308,0.066,0.099,0.862,0.836,0.486,0.207,0.494,0.641,0.765,0.416,0.938,0.99,0.417,0.048,0.175,0.857,0.216,0.036,0.833,0.033,0.014,0.295,0.678,0.864,0.291,0.89,0.779,0.124,0.166,0.84,0.207,0.226,0.159,0.715,0.679,0.303,0.504,0.806,0.423,0.327,0.96,0.423,0.536,0.014,0.446,0.317,0.54,0.521,0.743,0.011,0.249,0.915,0.506,0.16,0.502,0.523,0.717,0.125
180,0.247,0.755,0.62,0.621,0.883,0.953,0.763,0.252,0.597,0.579,0.321,0.561,0.062,0.246,0.962,0.088,0.8,0.543,0.343,0.8,0.121,0.289,0.701,0.626,0.774,0.673,0.805,0.444,0.867,0.268,0.17,0.281,0.01,0.302,0.858,0.116,0.517,0.785,0.165,0.478,0.493,0.238,0.135,0.216,0.851,0.944,0.22,0.129,0.512,0.691,0.616,0.309,0.709,0.129,0.587,0.369,0.119,0.387,0.434,0.242,0.694,0.28,0.657,0.338
182,0.89,0.28,0.213,0.541,0.681,0.052,0.237,0.399,0.735,0.739,0.657,0.831,0.741,0.852,0.931,0.911,0.114,0.077,0.952,0.227,0.718,0.466,0.463,0.66,0.946,0.786,0.321,0.277,0.678,0.035,0.859,0.454,0.772,0.762,0.617,0.075,0.404,0.656,0.886,0.537,0.326,0.135,0.903,0.8,0.86,0.153,0.338,0.682,0.156,0.369,0.712,0.479,0.146,0.057,0.436,0.17,0.044,0.759,0.66,0.559,0.438,0.741,0.125,0.144
184,0.078,0.999,0.939,0.563,0.378,0.506,0.921,0.129,0.803,0.16,0.958,0.052,0.481,0.741,0.703,0.788,0.191,0.891,0.494,0.338,0.928,0.563,0.578,0.426,0.444,0.47,0.729,0.094,0.453,0.961,0.506,0.721,0.749,0.799,0.091,0.929,0.475,0.429,0.1,0.487,0.132,0.721,0.755,0.031,0.721,0.326,0.975,0.621,0.869,0.109,0.926,0.287,0.693,0.051,0.975,0.845,0.926,0.658,0.923,0.635,0.059,0.35,0.474,0.755
186,0.48,0.298,0.857,0.861,0.068,0.521,0.612,0.179,0.34,0.889,0.951,0.955,0.102,0.759,0.453,0.742,0.662,0.113,0.13,0.104,0.766,0.984,0.138,0.797,0.342,0.619,0.391,0.223,0.585,0.785,0.089,0.704,0.144,0.29,0.878,0.345,0.352,0.951,0.839,0.536,0.577,0.283,0.865,0.547,0.996,0.443,0.677,0.679,0.948,0.734,0.018,0.278,0.143,0.516,0.677,0.667,0.059,0.664,0.53,0.676,0.782,0.109,0.111,0.926
188,0.311,0.228,0.763,0.095,0.325,0.18,0.492,0.67,0.093,0.87,0.15,0.849,0.548,0.262,0.638,0.872,0.883,0.874,0.638,0.047,0.535,0.745,0.089,0.972,0.2,0.474,0.948,0.699,0.863,0.94,0.454,0.703,0.527,0.441,0.416,0.741,0.432,0.637,0.917,0.492,0.604,0.82,0.603,0.834,0.123,0.235,0.474,0.845,0.157,0.773,0.041,0.52,0.752,0.343,0.024,0.044,0.515,0.221,0.698,0.982,0.882,0.972,0.754,0.992
190,0.807,0.249,0.689,0.585,0.931,0.315,0.967,0.074,0.548,0.68,0.817,0.325,0.786,0.083,0.797,0.661,0.231,0.843,0.348,0.462,0.708,0.899,0.766,0.307,0.597,0.183,0.182,0.174,0.207,0.786,0.369,0.911,0.34,0.244,0.369,0.328,0.375,0.45,0.994,0.954,0.566,0.403,0.883,0.13,0.674,0.678,0.762,0.134,0.008,0.428,0.203,0.609,0.129,0.181,0.634,0.754,0.926,0.462,0.991,0.503,0.87,0.815,0.002,0.335
192,0.817,0.298,0.079,0.004,0.799,0.051,0.026,0.069,0.154,0.09,0.409,0.268,0.844,0.732,0.27,0.384,0.783,0.816,0.657,0.092,0.425,0.606,0.433,0.449,0.011,0.892,0.929,0.165,0.989,0.417,0.493,0.122,0.705,0.074,0.77,0.265,0.412,0.648,0.123,0.122,0.575,0.327,0.177,0.175,0.717,0.953,0.547,0.25,0.321,0.226,0.594,0.356,0.403,0.99,0.822,0.321,0.065,0.594,0.705,0.557,0.588,0.902,0.558,0.586
194,0.003,0.587,0.753,0.681,0.127,0.313,0.115,0.706,0.402,0.848,0.118,0.751,0.44,0.962,0.999,0.824,0.865,0.385,0.772,0.672,0.074,0.374,0.742,0.48,0.216,0.92,0.041,0.922,0.795,0.81,0.443,0.981,0.611,0.71,0.093,0.274,0.667,0.083,0.971,0.697,0.881,0.156,0.694,0.427,0.955,0.59,0.993,0.806,0.801,0.498,0.304,0.711,0.455,0.716,0.989,0.651,0.655,0.072,0.673,0.49,0.848,0.88,0.374,0.503
196,0.276,0.444,0.769,0.575,0.631,0.881,0.47,0.119,0.675,0.559,0.546,0.254,0.921,0.099,0.32,0.77,0.506,1.0,0.548,0.374,0.411,0.302,0.844,0.808,0.831,0.473,0.721,0.113,0.679,0.633,0.409,0.896,0.94,0.412,0.458,0.471,0.701,0.945,0.682,0.328,0.411,0.108,0.237,0.195,0.215,0.493,0.803,0.217,0.906,0.06,0.202,0.417,0.061,0.213,0.94,0.594,0.955,0.081,0.808,0.437,0.133,0.612,0.542,0.466
198,0.483,0.428,0.895,0.817,0.27,0.315,0.773,0.313,0.094,0.764,0.802,0.667,0.568,0.237,0.603,0.094,0.572,0.986,0.881,0.44,0.629,0.715,0.113,0.36,0.089,0.177,0.512,0.604,0.792,0.734,0.124,0.737,0.638,0.667,0.592,0.848,0.791,0.209,0.603,0.003,0.524,0.209,0.944,0.256,0.955,0.396,0.283,0.216,0.824,0.342,0.929,0.928,0.012,0.971,0.184,0.055,0.59,0.727,0.719,0.974,0.373,0.71,0.744,0.734
200,0.283,0.966,0.258,0.805,0.475,0.173,0.889,0.988,0.112,0.815,0.874,0.872,0.012,0.37,0.887,0.183,0.565,0.063,0.13,0.783,0.341,0.719,0.604,0.948,0.476,0.978,0.11,0.329,0.878,0.349,0.812,0.363,0.272,0.729,0.939,0.857,0.706,0.202,0.074,0.507,0.625,0.591,0.205,0.625,0.257,0.63,0.744,0.341,0.954,0.824,0.684,0.922,0.487,0.735,0.059,0.604,0.563,0.131,0.289,0.76,0.724,0.031,0.182,0.732
202,0.919,0.788,0.602,0.825,0.105,0.858,0.19,0.051,0.701,0.147,0.968,0.45,0.261,0.039,0.702,0.684,0.304,0.304,0.142,0.332,0.476,0.746,0.666,0.386,0.354,0.463,0.489,0.928,0.18,0.511,0.929,0.887,0.291,0.315,0.694,0.233,0.291,0.839,0.16,0.345,0.144,0.977,0.274,0.642,0.211,0.963,0.673,0.62,0.456,0.757,0.905,0.578,0.332,0.075,0.567,0.923,0.384,0.93,0.069,0.025,0.612,0.718,0.646,0.407
204,0.62,0.577,0.663,0.943,0.167,0.242,0.949,0.485,0.903,0.569,0.534,0.224,0.453,0.733,0.623,0.149,0.106,0.474,0.876,0.026,0.252,0.342,0.397,0.027,0.106,0.705,0.893,0.058,0.891,0.208,0.323,0.316,0.264,0.474,0.214,0.764,0.299,0.613,0.138,0.251,0.304,0.663,0.979,0.385,0.53,0.896,0.006,0.467,0.204,0.277,0.687,0.481,0.953,0.403,0.884,0.776,0.935,0.584,0.572,0.856,0.21,0.432,0.203,0.994
206,0.663,0.066,0.124,0.709,0.552,0.249,0.527,0.376,0.982,0.924,0.296,0.504,0.3,0.702,0.039,0.066,0.713,0.619,0.974,0.274,0.55,0.972,0.887,0.028,0.625,0.284,0.116,0.587,0.99,0.737,0.11,0.573,0.284,0.554,0.718,0.72,0.612,0.214,0.782,0.142,0.66,0.16,0.06,0.785,0.415,0.716,0.548,0.706,0.69,0.436,0.164,0.18,0.481,0.159,0.942,0.047,0.819,0.159,0.544,0.343,0.494,0.47,0.89,0.706
208,0.778,0.792,0.464,0.739,0.096,0.184,0.96,0.477,0.245,0.472,0.31,0.926,0.404,0.43,0.167,0.349,0.571,0.063,0.986,0.999,0.683,0.462,0.182,0.706,0.893,0.365,0.614,0.776,0.827,0.023,0.217,0.664,0.699,0.403,0.156,0.918,0.609,0.05,0.654,0.98,0.967,0.211,0.961,0.021,0.981,0.548,0.639,0.745,0.961,0.933,0.812,0.7,0.74,0.657,0.748,0.885,0.425,0.837,0.587,0.203,0.568,0.198,0.804,0.386
210,0.201,0.632,0.819,0.859,0.336,0.296,0.424,0.527,0.071,0.01,0.129,0.936,0.774,0.207,0.109,0.189,0.166,0.1,0.896,0.797,0.083,0.098,0.462,0.471,0.203,0.601,0.826,0.926,0.874,0.389,0.513,0.926,0.978,0.619,0.127,0.164,0.359,0.075,0.025,0.493,0.416,0.49,0.414,0.287,0.36,0.116,0.728,0.396,0.507,0.853,0.123,0.242,0.538,0.831,0.047,0.601,0.362,0.25,0.158,0.775,0.33,0.773,0.704,0.317
212,0.345,0.347,0.138,0.251,0.731,0.324,0.296,0.326,0.89,0.768,0.596,0.401,0.731,0.007,0.947,0.283,0.786,0.952,0.529,0.332,0.783,0.761,0.616,0.221,0.785,0.216,0.368,0.62,0.585,0.713,0.596,0.454,0.334,0.899,0.781,0.925,0.157,0.124,0.721,0.282,0.604,0.874,0.35,0.243,0.82,0.646,0.22,0.619,0.058,0.005,0.664,0.692,0.002,0.727,0.176,0.97,0.112,0.701,0.478,0.599,0.742,0.526,0.222,0.735
214,0.471,0.114,0.615,0.341,0.181,0.279,0.959,0.451,0.267,0.646,0.906,0.934,0.167,0.371,0.772,0.592,0.19,0.087,0.206,0.317,0.444,0.599,0.556,0.12,0.148,0.578,0.098,0.321,0.321,0.028,0.077,0.119,0.709,0.208,0.895,0.77,0.187,0.565,0.877,0.635,0.733,0.314,0.451,0.063,0.595,0.228,0.168,0.137,0.164,0.239,0.436,0.966,0.505,0.797,0.988,0.488,0.786,0.379,0.257,0.616,0.704,0.67,0.48,0.114
216,0.699,0.142,0.848,0.704,0.258,0.126,0.467,0.762,0.221,0.462,0.447,0.718,0.317,0.595,0.837,0.657,0.293,0.147,0.773,0.193,0.752,0.931,0.507,0.633,0.835,0.611,0.376,0.484,0.749,0.52,0.763,0.696,0.478,0.756,0.573,0.153,0.999,0.452,0.758,0.759,0.791,0.012,0.8,0.058,0.772,0.989,0.022,0.216,0.148,0.664,0.7,0.251,0.787,0.134,0.167,0.558,0.013,0.492,0.652,0.644,0.942,0.985,0.688,0.045
218,0.982,0.684,0.644,0.703,0.423,0.851,0.447,0.712,0.431,0.35,0.986,0.401,0.642,0.782,0.059,0.658,0.71,0.66,0.069,0.735,0.744,0.051,0.632,0.338,0.858,0.51,0.775,0.975,0.292,0.573,0.791,0.04,0.364,0.821,0.321,0.607,0.26,0.297,0.215,0.392,0.883,0.424,0.29,0.15,0.266,0.267,0.955,0.785,0.965,0.594,0.065,0.955,0.597,0.875,0.806,0.803,0.634,0.1,0.319,0.055,0.57,0.314,0.193,0.803
220,0.45,0.949,0.423,0.652,0.391,0.481,0.029,0.869,0.386,0.903,0.954,0.552,0.411,0.388,0.931,0.079,0.981,0.973,0.691,0.404,0.778,0.289,0.053,0.029,0.555,0.757,0.209,0.817,0.15,0.756,0.267,0.165,0.771,0.771,0.891,0.053,0.747,0.692,0.992,0.98,0.92,0.185,0.786,0.913,0.673,0.732,0.254,0.521,0.791,0.967,0.942,0.709,0.103,0.581,0.732,0.071,0.366,0.981,0.449,0.392,0.393,0.273,0.161,0.483
222,0.606,0.742,0.97,0.665,0.323,0.211,0.4,0.037,0.298,0.774,0.916,0.582,0.225,0.284,0.875,0.572,0.192,0.239,0.879,0.005,0.316,0.483,0.808,0.624,0.137,0.565,0.806,0.368,0.584,0.194,0.064,0.411,0.182,0.167,0.874,0.596,0.074,0.664,0.165,0.86,0.737,0.15,0.209,0.309,0.423,0.96,0.269,0.506,0.391,0.581,0.23,0.639,0.834,0.228,0.89,0.873,0.258,0.914,0.022,0.777,0.034,0.908,0.325,0.017
224,0.433,0.577,0.405,0.981,0.699,0.086,0.271,0.432,0.526,0.586,0.764,0.855,0.415,0.469,0.762,0.591,0.585,0.277,0.228,0.262,0.432,0.835,0.986,0.576,0.39,0.769,0.685,0.034,0.307,0.641,0.592,0.622,0.684,0.635,0.058,0.806,0.792,0.575,0.189,0.63,0.861,0.363,0.037,0.302,0.89,0.068,0.086,0.243,0.02,0.463,0.307,0.277,0.287,0.463,0.36,0.9,0.84,0.829,0.114,0.248,0.33,0.159,0.732,0.276
226,0.942,0.444,0.235,0.455,0.542,0.155,0.08,0.529,0.144,0.686,0.059,0.838,0.247,0.972,0.997,0.393,0.85,0.692,0.812,0.558,0.711,0.41,0.724,0.348,0.235,0.805,0.402,0.42,0.684,0.964,0.828,0.821,0.057,0.358,0.389,0.808,0.053,0.413,0.236,0.157,0.447,0.786,0.594,0.826,0.37,0.585,0.209,0.823,0.158,0.851,0.803,0.109,0.089,0.038,0.714,0.959,0.011,0.558,0.914,0.197,0.109,0.805,0.411,0.824
228,0.643,0.953,0.7,0.194,0.198,0.912,0.873,0.792,0.214,0.29,0.299,0.147,0.282,0.386,0.856,0.529,0.652,0.307,0.532,0.052,0.228,0.352,0.724,0.633,0.142,0.767,0.14,0.132,0.226,0.575,0.339,0.955,0.012,0.898,0.258,0.299,0.04,0.683,0.076,0.303,0.226,0.787,0.024,0.829,0.46,0.73,0.732,0.25,0.172,0.581,0.683,0.613,0.543,0.326,0.832,0.757,0.193,0.509,0.24,0.366,0.447,0.894,0.236,0.028
230,0.262,0.339,0.69,0.42,0.906,0.582,0.721,0.347,0.301,0.642,0.491,0.582,0.029,0.607,0.454,0.212,0.913,0.566,0.306,0.822,0.779,0.984,0.356,0.399,0.376,0.095,0.787,0.94,0.318,0.35,0.282,0.435,0.091,0.607,0.426,0.784,0.993,0.319,0.371,0.684,0.26,0.605,0.953,0.158,0.263,0.237,0.273,0.628,0.992,0.2,0.581,0.261,0.8,0.85,0.91,0.943,0.604,0.94,0.755,0.235,0.06,0.767,0.06,0.056
232,0.027,0.716,0.58,0.54,0.376,0.391,0.055,0.235,0.643,0.243,0.132,0.003,0.802,0.061,0.787,0.431,0.794,0.736,0.473,0.375,0.309,0.286,0.576,0.141,0.269,0.784,0.598,0.596,0.989,0.566,0.324,0.004,0.575,0.502,0.104,0.595,0.502,0.246,0.556,0.328,0.035,0.312,0.314,0.717,0.428,0.535,0.438,0.816,0.218,0.19,0.899,0.282,0.291,0.21,0.241,0.039,0.213,0.509,0.331,0.203,0.04,0.713,0.337,0.405
234,0.049,0.659,0.991,0.477,0.887,0.595,0.339,0.925,0.048,0.995,0.765,0.747,0.832,0.315,0.802,0.09,0.735,0.697,0.563,0.517,0.159,0.496,0.369,0.878,0.335,0.512,0.063,0.249,0.351,0.762,0.487,0.979,0.443,0.509,0.007,0.102,0.979,0.553,0.409,0.126,0.902,0.475,0.842,0.933,0.885,0.262,0.014,0.036,0.073,0.344,0.158,0.587,0.74,0.517,0.342,0.303,0.631,0.025,0.462,0.743,0.263,0.214,0.215,0.351
236,0.52,0.392,0.765,0.52,0.594,0.46,0.085,0.722,0.185,0.964,0.256,0.934,0.958,0.452,0.043,0.233,0.5,0.692,0.198,0.372,0.256,0.971,0.655,0.62,0.027,0.178,0.606,0.164,0.513,0.376,0.526,0.444,0.251,0.157,0.223,0.483,0.084,0.237,0.864,0.225,0.3,0.818,0.322,0.65,0.728,0.539,0.92,0.731,0.434,0.06,0.215,0.138,0.75,0.777,0.821,0.518,0.697,0.312,0.277,0.946,0.374,0.109,0.537,0.186
238,0.007,0.659,0.888,0.398,0.642,0.579,0.955,0.828,0.618,0.887,0.331,0.62,0.805,0.312,0.606,0.136,0.292,0.147,0.396,0.579,0.588,0.085,0.874,0.331,0.984,0.257,0.391,0.31,0.775,0.849,0.944,0.264,0.55,0.198,0.462,0.626,0.512,0.263,0.617,0.345,0.23,0.921,0.026,0.714,0.541,0.558,0.522,0.992,0.463,0.645,0.724,0.587,0.349,0.346,0.505,0.465,0.17,0.796,0.002,0.87,0.991,0.799,0.608,0.763
240,0.644,0.531,0.919,0.36,0.813,0.076,0.668,0.596,0.861,0.261,0.357,0.385,0.9,0.635,0.627,0.988,0.36,0.498,0.032,0.348,0.808,0.722,0.8,0.551,0.403,0.039,0.687,0.866,0.048,0.17,0.641,0.945,0.423,0.296,0.055,0.81,0.826,0.217,0.035,0.507,0.497,0.968,0.213,0.206,0.06,0.31,0.693,0.514,0.833,0.919,0.502,0.603,0.015,0.047,0.233,0.159,0.238,0.485,0.247,0.93,0.341,0.117,0.204,0.855
242,0.773,0.378,0.888,0.632,0.773,0.335,0.943,0.667,0.08,0.55,0.149,0.285,0.752,0.589,0.492,0.066,0.097,0.639,0.697,0.79,0.038,0.647,0.188,0.208,0.175,0.334,0.545,0.104,0.637,0.256,0.056,0.923,0.703,0.336,0.292,0.827,0.533,0.538,0.372,0.414,0.147,0.638,0.741,0.017,0.736,0.104,0.676,0.258,0.933,0.803,0.42,0.491,0.244,0.609,0.194,0.22,0.211,0.369,0.526,0.821,0.814,0.496,0.057,0.929
244,0.857,0.795,0.433,0.739,0.42,0.126,0.464,0.622,0.151,0.008,0.358,0.999,0.355,0.801,0.713,0.781,0.491,0.679,0.758,0.826,0.971,0.591,0.826,0.892,0.046,0.324,0.438,0.325,0.092,0.008,0.006,0.77,0.651,0.401,0.162,0.663,0.959,0.287,0.673,0.57,0.523,0.284,0.545,0.94,0.924,0.85,0.321,0.551,0.096,0.678,0.195,0.501,0.092,0.656,0.472,0.016,0.041,0.829,0.044,0.773,0.535,0.527,0.609,0.178
246,0.347,0.747,0.929,0.666,0.45,0.007,0.401,0.154,0.712,0.629,0.632,0.587,0.16,0.012,0.453,0.957,0.276,0.912,0.509,0.903,0.214,0.131,0.304,0.038,0.131,0.878,0.924,0.424,0.95,0.009,0.243,0.728,0.47,0.588,0.095,0.493,0.715,0.392,0.082,0.611,0.735,0.478,0.598,0.229,0.4,0.206,0.855,0.58,0.763,0.621,0.206,0.833,0.234,0.017,0.911,0.387,0.097,0.698,0.229,0.823,0.892,0.685,0.948,0.009
248,0.965,0.372,0.018,0.154,0.046,0.041,0.135,0.272,0.7,0.174,0.764,0.577,0.584,0.129,0.233,0.696,0.974,0.362,0.03,0.192,0.975,0.446,0.235,0.169,0.999,0.195,0.71,0.828,0.497,0.482,0.599,0.584,0.767,0.69,0.291,0.769,0.848,0.583,0.134,0.915,0.51,0.401,0.935,0.031,0.314,0.786,0.323,0.607,0.367,0.939,0.676,0.93,0.515,0.395,0.739,0.185,0.289,0.133,0.948,0.189,0.064,0.812,0.75,0.3
250,0.262,0.561,0.494,0.268,0.084,0.841,0.201,0.688,0.161,0.873,0.222,0.014,0.331,0.903,0.902,0.249,0.908,0.891,0.1,0.963,0.541,0.869,0.545,0.744,0.277,0.779,0.278,0.495,0.239,0.288,0.31,0.103,0.382,0.052,0.402,0.742,0.208,0.769,0.459,0.419,0.874,0.078,0.916,0.216,0.233,0.642,0.301,0.254,0.532,0.803,0.237,0.296,0.869,0.518,0.081,0.877,0.425,0.117,0.735,0.362,0.397,0.007,0.77,0.691
252,0.976,0.685,0.98,0.221,0.101,0.309,0.721,0.166,0.362,0.161,0.294,0.391,0.301,0.496,0.643,0.132,0.379,0.862,0.549,0.585,0.545,0.272,0.136,0.686,0.16,0.665,0.512,0.35,0.702,0.162,0.309,0.988,0.773,0.253,0.847,0.208,0.558,0.587,0.105,0.679,0.855,0.379,0.983,0.223,0.864,0.981,0.565,0.916,0.013,0.132,0.991,0.838,0.527,0.022,0.16,0.261,0.281,0.437,0.228,0.263,0.306,0.464,0.673,0.435
254,0.71,0.707,0.081,0.387,0.079,0.564,0.256,0.865,0.594,0.106,0.669,0.64,0.928,0.335,0.856,0.241,0.688,0.614,0.999,0.199,0.898,0.76,0.682,0.883,0.092,0.471,0.88,0.965,0.341,0.052,0.085,0.806,0.929,0.42,0.885,0.769,0.252,0.036,0.575,0.033,0.92,0.679,0.772,0.139,0.736,0.871,0.359,0.611,0.187,0.906,0.181,0.119,0.107,0.034,0.878,0.211,0.21,0.33,0.506,0.319,0.045,0.477,0.676,0.133
256,0.509,0.53,0.213,0.308,0.393,0.217,0.284,0.732,0.563,0.836,0.924,0.602,0.12,0.726,0.679,0.206,0.34,0.917,0.672,0.987,0.246,0.878,0.226,0.229,0.373,0.772,0.395,0.083,0.729,0.862,0.592,0.395,0.695,0.284,0.213,0.8,0.79,0.66,0.502,0.192,0.235,0.259,0.105,0.964,0.027,0.804,0.792,0.898,0.723,0.442,0.993,0.377,0.986,0.681,0.936,0.364,0.949,0.164,0.404,0.85,0.44,0.33,0.651,0.044
258,0.733,0.066,0.726,0.202,0.719,0.553,0.434,0.35,0.735,0.481,0.358,0.608,0.433,0.017,0.215,0.587,0.981,0.757,0.934,0.995,0.487,0.413,0.839,0.5,0.674,0.501,0.143,0.812,0.741,0.189,0.201,0.564,0.925,0.13,0.213,0.807,0.589,0.883,0.785,0.585,0.858,0.059,0.3,0.241,0.877,0.082,0.483,0.855,0.049,0.562,0.049,0.877,0.754,0.982,0.772,0.917,0.613,0.545,0.119,0.352,0.225,0.962,0.431,0.113
260,0.705,0.888,0.58,0.14,0.733,0.598,0.063,0.447,0.502,0.834,0.997,0.436,0.341,0.845,0.963,0.467,0.603,0.417,0.089,0.411,0.49,0.394,0.676,0.665,0.642,0.142,0.187,0.41,0.864,0.21,0.379,0.092,0.567,0.623,0.586,0.279,0.424,0.431,0.431,0.556,0.283,0.666,0.119,0.65,0.71,0.338,0.512,0.862,0.583,0.207,0.117,0.812,0.547,0.898,0.243,0.595,0.836,0.757,0.136,0.603,0.459,0.913,0.647,0.529
262,0.477,0.059,0.666,0.617,0.081,0.201,0.407,0.529,0.574,0.667,0.446,0.814,0.841,0.381,0.378,0.411,0.317,0.522,0.474,0.924,0.557,0.549,0.957,0.728,0.346,0.687,0.259,0.807,0.346,0.411,0.853,0.783,0.681,0.979,0.046,0.722,0.983,0.994,0.374,0.213,0.223,0.788,0.64,0.916,0.457,0.742,0.455,0.295,0.732,0.342,0.539,0.351,0.93,0.466,0.769,0.731,0.907,0.154,0.811,0.687,0.539,0.968,0.228,0.457
264,0.673,0.563,0.786,0.72,0.849,0.728,0.617,0.738,0.49,0.932,0.522,0.019,0.934,0.381,0.409,0.832,0.394,0.43,0.394,0.605,0.486,0.7,0.449,0.036,0.639,0.113,0.53,0.15,0.885,0.893,0.584,0.659,0.034,0.432,0.034,0.738,0.298,0.875,0.001,0.203,0.028,0.272,0.229,0.537,0.158,0.394,0.139,0.358,0.373,0.332,0.816,0.606,0.458,0.952,0.704,0.262,0.424,0.112,0.484,0.361,0.883,0.444,0.335,0.035
266,0.744,0.512,0.002,0.365,0.567,0.805,0.333,0.052,0.13,0.452,0.242,0.466,0.956,0.304,0.923,0.815,0.722,0.592,0.54,0.513,0.448,0.962,0.793,0.662,0.612,0.121,0.193,0.52,0.045,0.751,0.564,0.802,0.429,0.421,0.354,0.423,0.205,0.899,0.886,0.077,0.864,0.066,0.257,0.679,0.166,0.218,0.534,0.606,0.901,0.941,0.946,0.318,0.09,0.621,0.054,0.753,0.652,0.478,0.651,0.953,0.001,0.506,0.631,0.585
268,0.469,0.755,0.747,0.177,0.459,0.919,0.206,0.648,0.498,0.819,0.332,0.721,0.01,0.141,0.354,0.753,0.567,0.582,0.72,0.919,0.158,0.095,0.39,0.725,0.186,0.553,0.612,0.095,0.109,0.979,0.35,0.842,0.894,0.252,0.774,0.179,0.833,0.548,0.508,0.52,0.975,0.157,0.63,0.245,0.867,0.337,0.402,0.644,0.228,0.417,0.894,0.268,0.535,0.859,0.098,0.741,0.297,0.123,0.942,0.853,0.519,0.429,0.116,0.948
270,0.535,0.293,0.607,0.975,0.063,0.636,0.664,0.211,0.591,0.257,0.614,0.185,0.802,0.325,0.003,0.581,0.39,0.771,0.256,0.476,0.705,0.646,0.544,0.683,0.916,0.376,0.243,0.576,0.676,0.562,0.368,0.63,0.29,0.457,0.925,0.254,0.395,0.258,0.547,0.084,0.612,0.349,0.46,0.169,0.858,0.473,0.475,0.184,0.298,0.345,0.746,0.094,0.014,0.982,0.156,0.535,0.608,0.602,0.848,0.907,0.223,0.415,0.854,0.744
272,0.046,0.629,0.193,0.066,0.359,0.623,0.085,0.002,0.069,0.274,0.645,0.914,0.404,0.325,0.888,0.044,0.486,0.676,0.13,0.376,0.967,0.992,0.244,0.912,0.898,0.765,0.998,0.355,0.447,0.384,0.958,0.68,0.491,0.878,0.499,0.586,0.177,0.615,0.467,0.457,0.359,0.454,0.437,0.843,0.221,0.665,0.879,0.462,0.54,0.071,0.906,0.701,0.892,0.502,0.462,0.016,0.645,0.527,0.625,0.877,0.467,0.183,0.607,0.13
274,0.731,0.496,0.482,0.717,0.946,0.937,0.771,0.938,0.371,0.43,0.444,0.398,0.376,0.642,0.753,0.475,0.604,0.789,0.518,0.994,0.268,0.06,0.933,0.105,0.536,0.659,0.184,0.466,0.086,0.584,0.501,0.546,0.69,0.682,0.171,0.869,0.019,0.641,0.09,0.167,0.819,0.871,0.294,0.599,0.063,0.033,0.675,0.787,0.709,0.378,0.001,0.95,0.731,0.914,0.099,0.315,0.585,0.971,0.54,0.082,0.054,0.129,0.829,0.943
276,0.759,0.996,0.534,0.694,0.662,0.387,0.78,0.226,0.806,0.965,0.799,0.628,0.338,0.858,0.843,0.465,0.855,0.159,0.356,0.057,0.632,0.377,0.884,0.882,0.565,0.979,0.247,0.859,0.647,0.61,0.998,0.552,0.44,0.313,0.908,0.651,0.717,0.283,0.234,0.949,0.149,0.693,0.053,0.812,0.924,0.594,0.131,0.739,0.197,0.899,0.837,0.95,0.139,0.953,0.065,0.344,0.542,0.367,0.133,0.321,0.53,0.779,0.931,0.207
278,0.925,0.22,0.387,0.475,0.279,0.639,0.659,0.674,0.204,0.195,0.136,0.846,0.93,0.763,0.827,0.638,0.663,0.631,0.725,0.495,0.1,0.405,0.29,0.985,0.137,0.178,0.856,0.791,0.01,0.01,0.017,0.306,0.968,0.885,0.416,0.687,0.465,0.669,0.725,0.773,0.533,0.924,0.743,0.593,0.325,0.084,0.217,0.306,0.58,0.31,0.379,0.598,0.011,0.05,0.11,0.823,0.651,0.647,0.39,0.908,0.85,0.226,0.614,0.203
280,0.134,0.033,0.977,0.732,0.3,0.89,0.394,0.093,0.654,0.383,0.906,0.998,0.259,0.422,0.623,0.592,0.82,0.877,0.252,0.785,0.858,0.974,0.231,0.089,0.511,0.551,0.65,0.293,0.001,0.888,0.359,0.451,0.928,0.836,0.774,0.851,0.988,0.084,0.697,0.945,0.542,0.089,0.156,0.405,0.817,0.502,0.565,0.02,0.187,0.387,0.806,0.642,0.378,0.106,0.694,0.776,0.837,0.784,0.877,0.804,0.726,0.873,0.039,0.229
282,0.812,0.881,0.28,0.864,0.237,0.898,0.648,0.506,0.352,0.995,0.238,0.775,0.662,0.97,0.42,0.037,0.952,0.211,0.041,0.147,0.377,0.423,0.775,0.699,0.838,0.978,0.985,0.304,0.326,0.685,0.011,0.039,0.322,0.274,0.835,0.512,0.577,0.722,0.679,0.223,0.444,0.388,0.879,0.394,0.263,0.3,0.779,0.087,0.505,0.165,0.677,0.342,0.437,0.869,0.275,0.409,0.936,0.831,0.549,0.823,0.632,0.292,0.118,0.911
284,0.988,0.897,0.26,0.329,0.774,0.138,0.309,0.903,0.975,0.253,0.473,0.08,1.0,0.351,0.774,0.501,0.553,0.318,0.253,0.353,0.754,0.867,0.433,0.975,0.986,0.154,0.453,0.393,0.392,0.151,0.835,0.022,0.868,0.622,0.821,0.119,0.235,0.029,0.805,0.888,0.597,0.674,0.924,0.582,0.161,0.032,0.436,0.342,0.015,0.567,0.704,0.646,0.432,0.699,0.459,0.026,0.105,0.127,0.821,0.219,0.947,0.332,0.37,0.55
286,0.391,0.984,0.431,0.684,0.488,0.561,0.312,0.146,0.418,0.938,0.918,0.813,0.73,0.604,0.978,0.421,0.724,0.626,0.11,0.816,0.027,0.986,0.667,0.921,0.321,0.862,0.624,0.93,0.447,0.605,0.314,0.369,0.373,0.243,0.615,0.628,0.071,0.9,0.415,0.759,0.401,0.889,0.967,0.279,0.762,0.838,0.063,0.049,0.7,0.677,0.707,0.236,0.306,0.715,0.747,0.803,0.531,0.116,0.182,0.234,0.659,0.537,0.376,0.064
288,0.788,0.041,0.535,0.127,0.204,0.323,0.16,0.159,0.9,0.248,0.607,0.344,0.749,0.706,0.188,0.491,0.674,0.513,0.289,0.546,0.903,0.91,0.332,0.929,0.349,0.636,0.302,0.971,0.71,0.169,0.612,0.445,0.544,0.902,0.648,0.612,0.981,0.316,0.26,0.462,0.24,0.219,0.471,0.669,0.381,0.954,0.004,0.485,0.085,0.14,0.747,0.511,0.749,0.608,0.416,0.957,0.456,0.621,0.881,0.303,0.146,0.183,0.087,0.343
290,0.542,0.451,0.921,0.337,0.26,0.955,0.141,0.938,0.39,0.064,0.344,0.411,0.728,0.984,0.083,0.593,0.392,0.513,0.531,0.218,0.784,0.846,0.795,0.568,0.486,0.862,0.728,0.067,0.684,0.386,0.022,0.46,0.123,0.78,0.637,0.372,0.813,0.165,0.413,0.533,0.574,0.106,0.187,0.927,0.062,0.481,0.244,0.127,0.104,0.832,0.04,0.505,0.74,0.113,0.748,0.575,0.092,0.774,0.667,0.223,0.234,0.618,0.818,0.967
292,0.177,0.365,0.497,0.699,0.364,0.707,0.62,0.26,0.472,0.948,0.049,0.938,0.717,0.979,0.164,0.73,0.534,0.739,0.707,0.467,0.077,0.207,0.361,0.079,0.921,0.029,0.815,0.16,0.381,0.313,0.494,0.329,0.351,0.476,0.229,0.938,0.848,0.897,0.647,0.309,0.82,0.25,0.921,0.254,0.099,0.581,0.952,0.019,0.83,0.794,0.171,0.561,0.365,0.825,0.854,0.961,0.981,0.558,0.341,0.791,0.282,0.05,0.384,0.758
294,0.032,0.853,0.135,0.805,0.687,0.21,0.815,0.44,0.953,0.633,0.532,0.52,0.86,0.224,0.282,0.714,0.358,0.963,0.984,0.362,0.915,0.597,0.882,0.133,0.777,0.235,0.293,0.367,0.394,0.869,0.19,0.651,0.418,0.714,0.47,0.337,0.41,0.214,0.418,0.332,0.803,0.724,0.241,0.967,0.98,0.067,0.396,0.086,0.807,0.259,0.619,0.773,0.237,0.677,0.886,0.068,0.925,0.979,0.486,0.044,0.81,0.01,0.287,0.06
296,0.733,0.107,0.673,0.973,0.291,0.27,0.32,0.472,0.315,0.068,0.571,0.286,0.581,0.95,0.067,0.711,0.749,0.601,0.758,0.391,0.993,0.176,0.207,0.925,0.942,0.944,0.228,0.078,0.238,0.376,0.366,0.277,0.52,0.837,0.564,0.67,0.563,0.539,0.655,0.123,0.057,0.768,0.293,0.139,0.006,0.54,0.985,0.702,0.74,0.945,0.959,0.492,0.519,0.339,0.346,0.144,0.752,0.444,0.155,0.668,0.234,0.579,0.598,0.957
298,0.133,0.618,0.977,0.39,0.012,0.577,0.983,0.571,0.667,0.536,0.911,0.698,0.188,0.275,0.772,0.034,0.8,0.386,0.305,0.968,0.135,0.782,0.628,0.047,0.166,0.332,0.896,0.304,0.379,0.977,0.881,0.654,0.207,0.423,0.148,0.169,0.523,0.307,0.158,0.013,0.922,0.594,0.026,0.302,0.356,0.632,0.688,0.888,0.658,0.283,0.72,0.381,0.38,0.621,0.272,0.921,0.196,0.766,0.342,0.05,0.727,0.368,0.82,0.21
300,0.903,0.083,0.039,0.727,0.491,0.357,0.61,0.435,0.213,0.543,0.634,0.233,0.739,0.699,0.711,0.532,0.843,0.766,0.607,0.017,0.468,0.848,0.701,0.511,0.115,0.443,0.376,0.843,0.835,0.954,0.582,0.25,0.091,0.916,0.878,0.68,0.672,0.447,0.474,0.788,0.997,0.763,0.068,0.866,0.179,0.157,0.837,0.895,0.891,0.594,0.835,0.872,0.025,0.457,0.582,0.252,0.578,0.658,0.86,0.748,0.247,0.722,0.273,0.875
302,0.009,0.684,0.443,0.842,0.259,0.312,0.807,0.273,0.713,0.385,0.985,0.234,0.362,0.016,0.935,0.343,0.651,0.959,0.16,0.89,0.873,0.876,0.483,0.47,0.868,0.167,0.886,0.925,0.145,0.955,0.691,0.247,0.909,0.01,0.552,0.181,0.541,0.018,0.36,0.523,0.113,0.6,0.46,0.199,0.948,0.242,0.688,0.288,0.71,0.687,0.887,0.596,0.137,0.527,0.15,0.439,0.208,0.164,0.488,0.617,0.31,0.597,0.464,0.954
304,0.289,0.951,0.023,0.105,0.225,0.529,0.479,0.082,0.827,0.729,0.122,0.884,0.456,0.459,0.545,0.357,0.314,0.559,0.653,0.554,0.024,0.136,0.362,0.396,0.322,0.171,0.04,0.803,0.648,0.889,0.542,0.064,0.672,0.906,0.483,0.977,0.732,0.919,0.299,0.61,0.822,0.83,0.431,0.784,0.207,0.148,0.552,0.923,0.129,0.768,0.558,0.536,0.973,0.497,0.462,0.648,0.32,0.393,0.883,0.372,0.904,0.197,0.701,0.49
306,0.912,0.065,0.64,0.683,0.591,0.389,0.702,0.939,0.832,0.361,0.228,0.735,0.124,0.231,0.224,0.701,0.083,0.436,0.567,0.086,0.787,0.704,0.781,0.39,0.965,0.968,0.622,0.717,0.276,0.561,0.345,0.388,0.637,0.898,0.124,0.454,0.313,0.161,0.164,0.314,0.832,0.203,0.468,0.518,0.968,0.572,0.977,0.908,0.329,0.807,0.879,0.775,0.6,0.192,0.081,0.806,0.688,0.649,0.217,0.789,0.784,0.603,0.991,0.799
308,0.816,0.589,0.745,0.221,0.362,0.483,0.974,0.383,0.454,0.382,0.144,0.798,0.191,0.058,0.135,0.761,0.365,0.926,0.954,0.114,0.715,0.659,0.088,0.583,0.502,0.102,0.185,0.745,0.478,0.184,0.445,0.076,0.621,0.28,0.192,0.758,0.309,0.35,0.173,0.598,0.381,0.928,0.796,0.309,0.653,0.994,0.517,0.973,0.895,0.153,0.709,0.077,0.628,0.651,0.74,0.623,0.158,0.761,0.359,0.477,0.216,0.736,0.804,0.152
310,0.368,0.681,0.118,0.901,0.744,0.864,0.366,0.298,0.989,0.469,0.277,0.561,0.62,0.051,0.045,0.456,0.192,0.877,0.795,0.037,0.16,0.562,0.153,0.256,0.319,0.805,0.608,0.323,0.728,0.452,0.523,0.363,0.482,0.83,0.888,0.262,0.174,0.738,0.222,0.411,0.471,0.299,0.147,0.641,0.487,0.786,0.514,0.475,0.105,0.275,0.35,0.359,0.1,0.208,0.082,0.568,0.54,0.958,0.816,0.481,0.459,0.767,0.436,0.115
312,0.926,0.998,0.165,0.523,0.85,0.281,0.522,0.89,0.622,0.971,0.647,0.582,0.133,0.711,0.189,0.705,0.057,0.191,0.37,0.366,0.13,0.122,0.685,0.315,0.971,0.074,0.796,0.291,0.252,0.317,0.526,0.957,0.034,0.722,0.638,0.71,0.331,0.884,0.051,0.721,0.688,0.41,0.086,0.842,0.904,0.362,0.924,0.174,0.759,0.573,0.129,0.142,0.752,0.959,0.782,0.622,0.542,0.12,0.21,0.565,0.058,0.193,0.673,0.787
314,0.693,0.406,0.174,0.868,0.766,0.025,0.345,0.403,0.593,0.163,0.422,0.694,0.854,0.588,0.392,0.823,0.918,0.577,0.725,0.584,0.696,0.797,0.031,0.281,0.942,0.295,0.952,0.547,0.35,0.966,0.321,0.973,0.77,0.174,0.641,0.808,0.741,0.411,0.233,0.931,0.42,0.892,0.0,0.031,0.201,0.534,0.119,0.35,0.965,0.027,0.841,0.787,0.745,0.889,0.549,0.699,0.585,0.952,0.499,0.603,0.93,0.748,0.18,0.393
316,0.115,0.659,0.688,0.761,0.91,0.423,0.34,0.512,0.473,0.118,0.98,0.122,0.628,0.428,0.476,0.425,0.224,0.131,0.034,0.804,0.915,0.915,0.534,0.613,0.902,0.376,0.221,0.491,0.059,0.515,0.082,0.736,0.078,0.355,0.073,0.032,0.057,0.6,0.617,0.1,0.195,0.037,0.998,0.222,0.918,0.068,0.787,0.045,0.371,0.138,0.473,0.385,0.082,0.643,0.743,0.179,0.924,0.352,0.376,0.716,0.258,0.949,0.818,0.88
318,0.485,0.622,0.935,0.344,0.659,0.629,0.276,0.657,0.192,0.604,0.1,0.517,0.86,0.731,0.35,0.664,0.241,0.842,0.358,0.011,0.178,0.027,0.061,0.98,0.456,0.09,0.707,0.378,0.627,0.861,0.779,0.632,0.987,0.812,0.531,0.819,0.173,0.356,0.608,0.994,0.782,0.652,0.252,0.863,0.055,0.989,0.855,0.172,0.357,0.461,0.774,0.922,0.008,0.056,0.527,0.384,0.289,0.609,0.141,0.14,0.216,0.89,0.504,0.743
320,0.101,0.24,0.509,0.89,0.001,0.054,0.454,0.78,0.01,0.743,0.61,0.209,0.477,0.082,0.494,0.991,0.622,0.717,0.801,0.099,0.931,0.793,0.965,0.809,0.678,0.729,0.123,0.6,0.787,0.932,0.457,0.141,0.026,0.392,0.854,0.122,0.142,0.484,0.522,0.601,0.467,0.905,0.808,0.694,0.874,0.073,0.295,0.59,0.95,0.91,0.066,0.643,0.314,0.173,0.364,0.326,0.922,0.82,0.836,0.394,0.924,0.648,0.788,0.694
322,0.517,0.461,0.773,0.278,0.751,0.86,0.825,0.112,0.527,0.108,0.19,0.312,0.407,0.681,0.462,0.454,0.693,0.989,0.485,0.279,0.977,0.473,0.347,0.117,0.902,0.853,0.068,0.881,0.557,0.159,0.092,0.322,0.832,0.25,0.084,0.046,0.39,0.789,0.199,0.765,0.32,0.566,0.591,0.538,0.031,0.107,0.979,0.264,0.788,0.305,0.923,0.64,0.845,0.195,0.688,0.486,0.25,0.838,0.785,0.537,0.677,0.076,0.187,0.651
324,0.656,0.759,0.066,0.997,0.633,0.472,0.365,0.414,0.368,0.928,0.018,0.928,0.822,0.458,0.564,0.222,0.602,0.165,0.381,0.35,0.289,0.398,0.013,0.959,0.504,0.995,0.868,0.268,0.382,0.593,0.107,0.628,0.818,0.659,0.244,0.936,0.436,0.047,0.152,0.179,0.787,0.709,0.115,0.451,0.808,0.853,0.193,0.903,0.882,0.229,0.864,0.329,0.069,0.201,0.685,0.049,0.617,0.364,0.329,0.729,0.083,0.409,0.176,0.792
326,0.279,0.525,0.672,0.463,0.084,0.5,0.417,0.258,0.461,0.448,0.075,0.411,0.372,0.095,0.518,0.74,0.912,0.281,0.907,0.537,0.579,0.698,0.795,0.202,0.433,0.134,0.633,0.714,0.614,0.867,0.86,0.346,0.815,0.187,0.956,0.921,0.667,0.358,0.374,0.626,0.526,0.829,0.861,0.97,0.981,0.008,0.641,0.237,0.748,0.833,0.814,0.77,0.971,0.182,0.652,0.415,0.41,0.479,0.568,0.475,0.213,0.699,0.947,0.053
328,0.516,0.203,0.782,0.887,0.01,0.127,0.311,0.824,0.472,0.659,0.352,0.259,0.984,0.692,0.204,0.106,0.852,0.753,0.246,0.756,0.347,0.792,0.877,0.893,0.16,0.377,0.406,0.914,0.372,0.922,0.415,0.936,0.111,0.164,0.679,0.703,0.99,0.151,0.618,0.389,0.598,0.017,0.582,0.287,0.88,0.701,0.065,0.36,0.052,0.999,0.143,0.301,0.683,0.445,0.505,0.733,0.42,0.428,0.205,0.113,0.567,0.519,0.681,0.46
330,0.111,0.799,0.379,0.549,0.67,0.634,0.984,0.79,0.862,0.471,0.866,0.415,0.223,0.765,0.933,0.258,0.976,0.438,0.125,0.438,0.477,0.846,0.795,0.246,0.548,0.515,0.538,0.766,0.31,0.956,0.429,0.005,0.629,0.21,0.787,0.375,0.794,0.419,0.685,0.252,0.064,0.871,0.323,0.397,0.902,0.097,0.32,0.268,0.328,0.255,0.086,0.691,0.471,0.584,0.856,0.158,0.446,0.035,0.272,0.133,0.931,0.711,0.304,0.801
332,0.61,0.66,0.722,0.508,0.982,0.279,0.616,0.406,0.394,0.402,0.829,0.496,0.915,0.619,0.387,0.222,0.262,0.306,0.264,0.771,0.242,0.141,0.593,0.482,0.639,0.081,0.268,0.344,0.054,0.891,0.802,0.964,0.093,0.182,0.742,0.412,0.858,0.025,0.738,0.803,0.498,0.28,0.38,0.946,0.223,0.204,0.24,0.02,0.506,0.823,0.114,0.169,0.051,0.121,0.565,0.731,0.041,0.995,0.267,0.872,0.412,0.694,0.09,0.334
334,0.275,0.407,0.308,0.645,0.71,0.095,0.876,0.305,0.703,0.16,0.527,0.438,0.086,0.574,0.875,0.858,0.438,0.916,0.891,0.527,0.69,0.099,0.117,0.544,0.428,0.247,0.125,0.238,0.395,0.222,0.478,0.586,0.41,0.731,0.328,0.369,0.983,0.599,0.778,0.41,0.715,0.448,0.16,0.578,0.506,0.772,0.748,0.323,0.197,0.298,0.592,0.141,0.704,0.89,0.397,0.988,0.134,0.618,0.907,0.252,0.325,0.028,0.316,0.969
336,0.154,0.318,0.299,0.156,0.485,0.228,0.35,0.821,0.079,0.794,0.467,0.937,0.334,0.726,0.75,0.422,0.958,0.38,0.238,0.602,0.481,0.377,0.006,0.477,0.772,0.835,0.288,0.29,0.313,0.167,0.896,0.872,0.527,0.454,0.535,0.213,0.085,0.88,0.579,0.412,0.164,0.625,0.763,0.748,0.739,0.571,0.142,0.948,0.523,0.013,0.144,0.539,0.75,0.957,0.525,0.037,0.192,0.625,0.162,0.686,0.39,0.479,0.099,0.824
338,0.882,0.294,0.733,0.975,0.808,0.455,0.664,0.1,0.436,0.72,0.69,0.779,0.959,0.827,0.216,0.383,0.568,0.067,0.625,0.725,0.169,0.959,0.588,0.974,0.41,0.185,0.676,0.421,0.764,0.214,0.148,0.844,0.952,0.265,0.74,0.573,0.202,0.185,0.233,0.581,0.272,0.169,0.906,0.689,0.255,0.798,0.487,0.368,0.111,0.132,0.317,0.633,0.44,0.618,0.364,0.76,0.054,0.504,0.061,0.565,0.21,0.264,0.107,0.337
340,0.591,0.607,0.51,0.679,0.68,0.889,0.642,0.646,0.428,0.858,0.54,0.688,0.841,0.864,0.966,0.41,0.434,0.117,0.963,0.44,0.954,0.667,0.226,0.321,0.637,0.747,0.776,0.625,0.704,0.047,0.698,0.09,0.498,0.518,0.567,0.009,0.119,0.993,0.451,0.663,0.297,0.46,1.0,0.544,0.354,0.175,0.276,0.73,0.662,0.887,0.14,0.621,0.012,0.295,0.18,0.005,0.943,0.252,0.48,0.091,0.905,0.663,0.092,0.0
342,0.618,0.285,0.651,0.424,0.735,0.354,0.166,0.89,0.422,0.268,0.615,0.383,0.053,0.021,0.932,0.424,0.527,0.322,0.545,0.756,0.566,0.866,0.552,0.683,0.688,0.033,0.963,0.629,0.341,0.752,0.583,0.833,0.251,0.613,0.497,0.272,0.112,0.51,0.056,0.766,0.725,0.655,0.445,0.909,0.872,0.158,0.573,0.224,0.417,0.232,0.242,0.176,0.7,0.498,0.334,0.685,0.07,0.49,0.771,0.674,0.515,0.753,0.403,0.062
344,0.539,0.318,0.398,0.452,0.449,0.277,0.33,0.082,0.939,0.482,0.553,0.47,0.519,0.549,0.266,0.43,0.876,0.609,0.805,0.625,0.697,0.524,0.07,0.742,0.937,0.667,0.136,0.878,0.74,0.644,0.262,0.34,0.14,0.379,0.497,0.238,0.014,0.718,0.352,0.669,0.667,0.973,0.584,0.704,0.271,0.39,0.054,0.953,0.248,0.159,0.115,0.254,0.471,0.851,0.074,0.312,0.244,0.658,0.304,0.077,0.408,0.636,0.123,0.396
346,0.112,0.829,0.179,0.96,0.478,0.381,0.255,0.154,0.268,0.109,0.48,0.158,0.527,0.985,0.579,0.294,0.757,0.719,0.762,0.153,0.572,0.193,0.95,0.947,0.27,0.511,0.693,0.045,0.698,0.626,0.876,0.959,0.928,0.857,0.409,0.186,0.37,0.329,0.004,0.61,0.547,0.084,0.599,0.489,0.019,0.355,0.052,0.913,0.391,0.65,0.012,0.335,0.144,0.087,0.563,0.211,0.148,0.936,0.924,0.498,0.021,0.511,0.724,0.829
348,0.904,0.644,0.923,0.083,0.709,0.243,0.332,0.646,0.504,0.201,0.565,0.437,0.75,0.41,0.788,0.573,0.786,0.007,0.274,0.721,0.107,0.099,0.12,0.302,0.555,0.264,0.139,0.059,0.66,0.761,0.13,0.431,0.82,0.974,0.41,0.438,0.663,0.427,0.05,0.269,0.649,0.305,0.334,0.219,0.672,0.725,0.083,0.611,0.159,0.153,0.341,0.011,0.882,0.724,0.905,0.987,0.981,0.913,0.424,0.625,0.14,0.687,0.146,0.899
350,0.346,0.313,0.105,0.805,0.886,0.393,0.554,0.787,0.574,0.91,0.616,0.453,0.891,0.607,0.815,0.243,0.186,0.208,0.76,0.482,0.344,0.832,0.445,0.033,0.079,0.102,0.132,0.022,0.317,0.332,0.591,0.184,0.544,0.164,0.568,0.751,0.554,0.516,0.802,0.063,0.77,0.069,0.963,0.348,0.196,0.333,0.891,0.115,0.122,0.203,0.099,0.658,0.821,0.393,0.739,0.047,0.825,0.138,0.683,0.008,0.436,0.941,0.813,0.848
352,0.043,0.663,0.572,0.639,0.306,0.353,0.397,0.23,0.707,0.331,0.347,0.723,0.003,0.15,0.53,0.167,0.253,0.75,0.923,0.682,0.274,0.277,0.051,0.44,0.538,0.721,0.422,0.39,0.814,0.097,0.015,0.197,0.979,0.996,0.999,0.777,0.723,0.261,0.331,0.796,0.762,0.514,0.614,0.786,0.48,0.519,0.444,0.445,0.961,0.671,0.518,0.828,0.555,0.681,0.816,0.141,0.711,0.344,0.551,0.832,0.224,0.305,0.677,0.065
354,0.303,0.406,0.882,0.331,0.746,0.687,0.153,0.752,0.277,0.49,0.387,0.876,0.641,0.003,0.394,0.5,0.527,0.175,0.783,0.191,0.869,0.212,0.878,0.27,0.33,0.505,0.493,0.602,0.239,0.672,0.014,0.903,0.106,0.163,0.479,0.043,0.338,0.488,0.757,0.185,0.289,0.182,0.657,0.597,0.829,0.654,0.351,0.131,0.822,0.163,0.528,0.792,0.151,0.671,0.165,0.988,0.559,0.478,0.421,0.394,0.486,0.657,0.971,0.267
356,0.199,0.592,0.837,0.411,0.44,0.525,0.528,0.98,0.701,0.993,0.627,0.193,0.232,0.724,0.197,0.808,0.087,0.952,0.128,0.518,0.159,0.048,0.249,0.501,0.4,0.695,0.471,0.599,0.971,0.979,0.225,0.805,0.573,0.478,0.846,0.992,0.458,0.808,0.542,0.895,0.919,0.97,0.761,0.289,0.774,0.035,0.902,0.352,0.818,0.621,0.257,0.788,0.939,0.059,0.037,0.099,0.773,0.224,0.982,0.552,0.074,0.841,0.757,0.196
358,0.999,0.221,0.597,0.071,0.078,0.862,0.67,0.48,0.92,0.542,0.968,0.408,0.836,0.805,0.664,0.973,0.727,0.005,0.647,0.099,0.297,0.579,0.449,0.316,0.713,0.222,0.828,0.985,0.284,0.739,0.013,0.544,0.996,0.076,0.565,0.254,0.973,0.017,0.507,0.548,0.692,0.405,0.409,0.365,0.621,0.019,0.569,0.607,0.258,0.68,0.04,0.62,0.547,0.447,0.512,0.424,0.241,0.037,0.138,0.158,0.92,0.484,0.615,0.328
360,0.686,0.635,0.406,0.329,0.517,0.084,0.121,0.749,0.343,0.818,0.347,0.683,0.069,0.102,0.85,0.333,0.62,0.022,0.698,0.613,0.617,0.768,0.313,0.06,0.555,0.395,0.846,0.249,0.646,0.748,0.635,0.89,0.296,0.659,0.676,0.11,0.71,0.497,0.03,0.533,0.931,0.339,0.575,0.885,0.254,0.112,0.228,0.473,0.298,0.703,0.809,0.194,0.513,0.724,0.866,0.879,0.684,0.884,0.658,0.178,0.252,0.775,0.482,0.248
362,0.889,0.542,0.206,0.678,0.235,0.173,0.378,0.061,0.316,0.498,0.51,0.883,0.011,0.289,0.904,0.243,0.448,0.135,0.976,0.467,0.11,0.134,0.75,0.277,0.125,0.564,0.861,0.878,0.484,0.167,0.293,0.045,0.74,0.36,0.4,0.272,0.917,0.147,0.607,0.835,0.231,0.146,0.015,0.129,0.553,0.629,0.484,0.427,0.439,0.679,0.92,0.481,0.155,0.708,0.618,0.694,0.977,0.346,0.103,0.697,0.69,0.158,0.368,0.737
364,0.999,0.767,0.404,0.164,0.134,0.437,0.29,0.028,0.036,0.31,0.637,0.314,0.124,0.923,0.065,0.71,0.013,0.755,0.03,0.396,0.637,0.12,0.915,0.541,0.512,0.005,0.883,0.251,0.127,0.825,0.125,0.488,0.104,0.704,0.425,0.517,0.393,0.594,0.861,0.002,0.08,0.651,0.718,0.015,0.675,0.678,0.146,0.639,0.906,0.532,0.192,0.835,0.577,0.627,0.131,0.303,0.215,0.761,0.378,0.795,0.741,0.935,0.452,0.806
366,0.316,0.254,0.308,0.581,0.682,0.984,0.024,0.558,0.168,0.002,0.491,0.153,0.814,0.515,0.94,0.534,0.567,0.982,0.953,0.774,0.624,0.451,0.606,0.861,0.311,0.944,0.49,0.731,0.522,0.771,0.714,0.801,0.437,0.346,0.844,0.164,0.315,0.635,0.99,0.346,0.643,0.27,0.861,0.953,0.367,0.234,0.125,0.702,0.485,0.69,0.312,0.59,0.463,0.298,0.389,0.941,0.415,0.493,0.343,0.157,0.979,0.975,0.352,0.77
368,0.199,0.81,0.461,0.124,0.902,0.104,0.713,0.891,0.688,0.756,0.993,0.646,0.835,0.857,0.482,0.033,0.873,0.284,0.953,0.349,0.86,0.671,0.215,0.842,0.973,0.288,0.482,0.944,0.269,0.515,0.087,0.285,0.605,0.474,0.223,0.098,0.439,0.167,0.821,0.682,0.179,0.136,0.658,0.529,0.668,0.912,0.872,0.73,0.557,0.428,0.897,0.869,0.945,0.555,0.488,0.724,0.205,0.089,0.427,0.654,0.145,0.516,0.214,0.509
370,0.705,0.976,0.524,0.762,0.463,0.616,0.971,0.946,0.08,0.432,0.299,0.874,0.909,0.076,0.667,0.435,0.998,0.451,0.785,0.207,0.57,0.004,0.216,0.663,0.332,0.299,0.971,0.48,0.971,0.385,0.086,0.437,0.781,0.588,0.353,0.207,0.084,0.954,0.833,0.784,0.572,0.298,0.098,0.093,0.037,0.177,0.901,0.063,0.286,0.59,0.703,0.039,0.297,0.092,0.857,0.843,0.404,0.018,0.404,0.731,0.937,0.559,0.777,0.212
372,0.72,0.079,0.493,0.403,0.697,0.906,0.167,0.922,0.854,0.369,0.809,0.861,0.629,0.774,0.368,0.388,0.625,0.269,0.693,0.284,0.552,0.468,0.952,0.415,0.412,0.932,0.283,0.276,0.06,0.893,0.662,0.785,0.063,0.987,0.063,0.549,0.285,0.798,0.495,0.315,0.923,0.978,0.074,0.962,0.117,0.337,0.241,0.862,0.462,0.04,0.918,0.667,0.27,0.77,0.187,0.077,0.29,0.871,0.864,0.489,0.592,0.055,0.565,0.168
374,0.992,0.288,0.306,0.318,0.938,0.07,0.717,0.853,0.28,0.123,0.154,0.613,0.224,0.504,0.443,0.021,0.282,0.628,0.919,0.86,0.304,0.465,0.188,0.595,0.973,0.115,0.448,0.586,0.472,0.877,0.115,0.614,0.952,0.454,0.19,0.013,0.781,0.086,0.811,0.693,0.965,0.79,0.165,0.761,0.413,0.62,0.06,0.901,0.377,0.718,0.835,0.616,0.365,0.565,0.399,0.241,0.077,0.687,0.205,0.851,0.087,0.975,0.456,0.221
376,0.207,0.515,0.109,0.027,0.923,0.668,0.672,0.125,0.262,0.123,0.881,0.769,0.774,0.158,0.45,0.645,0.576,0.959,0.754,0.649,0.964,0.283,0.141,0.173,0.489,0.372,0.926,0.588,0.217,0.059,0.582,0.042,0.179,0.363,0.994,0.532,0.078,0.98,0.851,0.463,0.284,0.799,0.842,0.218,0.424,0.977,0.935,0.784,0.84,0.947,0.642,0.794,0.242,0.372,0.267,0.912,0.232,0.995,0.644,0.373,0.255,0.653,0.042,0.641
378,0.245,0.524,0.467,0.495,0.459,0.325,0.255,0.368,0.097,0.354,0.329,0.804,0.805,0.584,0.803,0.735,0.472,0.355,0.083,0.721,0.684,0.333,0.495,0.522,0.755,0.015,0.719,0.001,0.922,0.561,0.866,0.019,0.849,0.819,0.233,0.226,0.357,0.518,0.129,0.856,0.048,0.904,0.986,0.834,0.852,0.993,0.577,0.957,0.415,0.507,0.163,0.081,0.307,0.342,0.14,0.19,0.658,0.299,0.665,0.54,0.616,0.485,0.425,0.371
380,0.727,0.443,0.413,0.47,0.981,0.127,0.929,0.536,0.712,0.961,0.719,0.928,0.017,0.948,0.917,0.35,0.215,0.598,0.029,0.199,0.592,0.18,0.499,0.462,0.986,0.332,0.215,0.206,0.42,0.768,0.724,0.892,0.347,0.886,0.89,0.212,0.981,0.583,0.346,0.161,0.842,0.52,0.276,0.803,0.305,0.684,0.089,0.811,0.176,0.888,0.282,0.704,0.974,0.307,0.08,0.633,0.808,0.534,0.321,0.89,0.968,0.902,0.754,0.393
382,0.493,0.608,0.952,0.939,0.874,0.367,0.856,0.222,0.176,0.778,0.548,0.941,0.612,0.974,0.265,0.15,0.725,0.888,0.764,0.777,0.118,0.88,0.846,0.669,0.817,0.554,0.808,0.923,0.398,0.522,0.558,0.354,0.145,0.9,0.967,0.895,0.854,0.105,0.543,0.709,0.289,0.297,0.851,0.271,0.803,0.891,0.989,0.592,0.248,0.11,0.514,0.295,0.548,0.917,0.702,0.091,0.323,0.733,0.788,0.869,0.212,0.104,0.597,0.867
384,0.449,0.842,0.684,0.233,0.519,0.452,0.188,0.001,0.119,0.734,0.195,0.361,0.657,0.478,0.956,0.112,0.604,0.122,0.787,0.207,0.795,0.299,0.937,0.213,0.964,0.035,0.629,0.888,0.624,0.279,0.01,0.825,0.263,0.916,0.513,0.2,0.45,0.148,0.839,0.181,0.248,0.894,0.839,0.067,0.761,0.064,0.292,0.863,0.256,0.694,0.743,0.356,0.483,0.194,0.833,0.314,0.708,0.362,0.074,0.931,0.82,0.798,0.145,0.781
386,0.793,0.307,0.149,0.096,0.926,0.913,0.917,0.615,0.227,0.48,0.868,0.54,0.601,0.325,0.217,0.778,0.906,0.191,0.287,0.121,0.491,0.959,0.792,0.782,0.552,0.692,0.603,0.787,0.999,0.419,0.333,0.362,0.746,0.094,0.132,0.561,0.302,0.623,0.674,0.236,0.199,0.665,0.288,0.299,0.271,0.814,0.774,0.015,0.411,0.006,0.41,0.134,0.752,0.023,0.336,0.384,0.313,0.773,0.193,0.094,0.627,0.684,0.129,0.402
388,0.462,0.6,0.748,0.342,0.09,0.16,0.016,0.625,0.72,0.429,0.993,0.861,0.414,0.056,0.319,0.346,0.347,0.171,0.023,0.037,0.28,0.935,0.583,0.719,0.829,0.766,0.202,0.996,0.818,0.321,0.562,0.687,0.702,0.664,0.754,0.907,0.728,0.391,0.638,0.021,0.208,0.608,0.246,0.378,0.749,0.161,0.748,0.524,0.091,0.156,0.337,0.192,0.954,0.326,0.119,0.336,0.034,0.019,0.139,0.81,0.613,0.259,0.842,0.115
390,0.012,0.545,0.247,0.47,0.85,0.723,0.662,0.443,0.216,0.774,0.89,0.364,0.519,0.029,0.241,0.585,0.19,0.658,0.231,0.497,0.426,0.04,0.181,0.422,0.85,0.856,0.049,0.004,0.964,0.364,0.697,0.264,0.884,0.968,0.458,0.406,0.831,0.326,0.003,0.645,0.361,0.058,0.53,0.163,0.412,0.631,0.577,0.753,0.303,0.051,0.238,0.314,0.38,0.284,0.395,0.376,0.85,0.281,0.732,0.525,0.269,0.718,0.43,0.361
392,0.578,0.645,0.591,0.842,0.848,0.326,0.729,0.358,0.077,0.591,0.202,0.082,0.033,0.693,0.037,0.232,0.417,0.468,0.567,0.33,0.655,0.82,0.271,0.681,0.799,0.176,0.887,0.914,0.212,0.524,0.451,0.028,0.025,0.03,0.995,0.728,0.9,0.985,0.249,0.408,0.055,0.725,0.873,0.624,0.212,0.62,0.494,0.95,0.734,0.034,0.944,0.462,0.702,0.002,0.584,0.651,0.85,0.663,0.983,0.971,0.503,0.607,0.153,0.359
394,0.448,0.513,0.599,0.08,0.871,0.815,0.258,0.356,0.742,0.827,0.305,0.755,0.423,0.96,0.061,0.932,0.635,0.692,0.152,0.324,0.175,0.784,0.644,0.31,0.678,0.235,0.118,0.368,0.459,0.422,0.003,0.352,0.936,0.777,0.702,0.412,0.838,0.517,0.022,0.833,0.208,0.876,0.988,0.277,0.718,0.329,0.192,0.936,0.28,0.147,0.609,0.241,0.065,0.009,0.728,0.578,0.387,0.831,0.818,0.29,0.534,0.732,0.297,0.913
396,0.757,0.845,0.183,0.23,0.454,0.823,0.524,0.187,0.502,0.736,0.251,0.902,0.027,0.039,0.451,0.197,0.642,0.854,0.521,0.504,0.471,0.567,0.633,0.257,0.75,0.767,0.362,0.871,0.468,0.977,0.108,0.818,0.451,0.505,0.868,0.402,0.206,0.184,0.958,0.96,0.364,0.127,0.071,0.789,0.065,0.191,0.276,0.966,0.007,0.748,0.509,0.574,0.184,0.793,0.216,0.907,0.817,0.335,0.703,0.713,0.376,0.625,0.002,0.863
398,0.728,0.297,0.561,0.801,0.235,0.415,0.281,0.14,0.472,0.313,0.985,0.928,0.929,0.949,0.765,0.65,0.691,0.517,0.907,0.757,0.446,0.305,0.087,0.193,0.302,0.878,0.235,0.779,0.546,0.347,0.652,0.714,0.598,0.504,0.391,0.3,0.161,0.57,0.626,0.659,0.834,0.907,0.451,0.965,0.114,0.522,0.977,0.913,0.055,0.445,0.773,0.416,0.902,0.812,0.885,0.847,0.593,0.882,0.826,0.314,0.297,0.97,0.412,0.145
