time,CP6,F7,CP2,FT8,P1,PO8,P9,P4,CPz,P6,FT7,AF8,Fp2,P2,CP5,Pz,O1,FC5,F8,P5,Oz,FC3,P3,PO7,F5,FC2,TP8,CP1,TP7,POz,CP3,T8,Fp1,FC1,F10,F1,C3,T7,C1,C2,C4,FC4,C6,C5,F2,F6,AF3,PO4,P10,P8,P7,PO3,Fz,AF7,FCz,CP4,F4,AF4,Cz,FC6,F9,F3,O2,AFz
-100,0.318,0.373,0.999,1.0,0.417,0.237,0.25,0.49,0.602,0.064,0.025,0.17,0.183,0.092,0.918,0.4,0.676,0.872,0.452,0.163,0.509,0.124,0.305,0.952,0.283,0.001,0.535,0.115,0.882,0.861,0.151,0.515,0.644,0.722,0.838,0.275,0.611,0.476,0.498,0.803,0.245,0.399,0.119,0.335,0.086,0.842,0.964,0.102,0.932,0.423,0.881,0.91,0.435,0.733,0.247,0.216,0.901,0.588,0.061,0.59,0.183,0.345,0.16,0.974
-98,0.434,0.875,0.405,0.597,0.668,0.417,0.138,0.489,0.638,0.014,0.422,0.233,0.223,0.156,0.655,0.346,0.368,0.202,0.732,0.558,0.114,0.386,0.062,0.814,0.267,0.762,0.825,0.534,0.692,0.208,0.815,0.814,0.419,0.657,0.328,0.378,0.759,0.747,0.079,0.057,0.162,0.45,0.803,0.367,0.484,0.926,0.862,0.939,0.518,0.19,0.642,0.414,0.102,0.371,0.297,0.658,0.806,0.551,0.585,0.467,0.921,0.147,0.147,0.297
-96,0.136,0.797,0.854,0.424,0.137,0.739,0.19,0.809,0.187,0.804,0.425,0.958,0.974,0.573,0.074,0.816,0.741,0.486,0.203,0.462,0.214,0.78,0.571,0.563,0.414,0.978,0.74,0.938,0.337,0.12,0.83,0.681,0.198,0.611,0.594,0.59,0.467,0.486,0.078,0.473,0.377,0.09,0.115,0.588,0.962,0.933,0.693,0.972,0.14,0.662,0.657,0.734,0.906,0.256,0.646,0.457,0.204,0.468,0.861,0.408,0.081,0.728,0.646,0.048
-94,0.547,0.097,0.076,0.902,0.801,0.867,0.6,0.92,0.234,0.99,0.408,0.211,0.797,0.694,0.959,0.48,0.863,0.684,0.288,0.129,0.175,0.13,0.996,0.027,0.853,0.714,0.394,0.303,0.344,0.661,0.328,0.622,0.856,0.638,0.217,0.139,0.666,0.785,0.234,0.284,0.501,0.625,0.394,0.284,0.233,0.79,0.139,0.892,0.782,0.445,0.062,0.881,0.444,0.255,0.495,0.629,0.483,0.304,0.52,0.592,0.054,0.497,0.49,0.304
-92,0.191,0.097,0.525,0.179,0.424,0.655,0.562,0.07,0.082,0.346,0.38,0.258,0.466,0.804,0.578,0.735,0.027,0.53,0.622,0.803,0.288,0.66,0.778,0.779,0.308,0.322,0.239,0.9,0.004,0.541,0.94,0.558,0.641,0.751,0.145,0.036,0.377,0.945,0.296,0.574,0.9,0.123,0.172,0.003,0.141,0.119,0.315,0.145,0.543,0.934,0.103,0.392,0.126,0.874,0.976,0.88,0.148,0.686,0.792,0.177,0.851,0.014,0.012,0.618
-90,0.413,0.09,0.992,0.581,0.746,0.411,0.889,0.886,0.767,0.395,0.704,0.664,0.034,0.588,0.164,0.975,0.008,0.651,0.471,0.487,0.843,0.829,0.006,0.989,0.531,0.008,0.972,0.928,0.085,0.661,0.53,0.438,0.417,0.41,0.397,0.79,0.383,0.055,0.48,0.801,0.451,0.499,0.118,0.808,0.545,0.519,0.138,0.984,0.435,0.357,0.902,0.706,0.977,0.218,0.353,0.167,0.429,0.012,0.364,0.598,0.186,0.697,0.157,0.42
-88,0.099,0.81,0.584,0.756,0.898,0.443,0.046,0.629,0.339,0.88,0.468,0.858,0.283,0.838,0.962,0.467,0.689,0.775,0.231,0.322,0.377,0.35,0.296,0.209,0.005,0.019,0.977,0.986,0.909,0.46,0.662,0.103,0.938,0.874,0.506,0.76,0.555,0.577,0.942,0.765,0.596,0.241,0.752,0.329,0.086,0.88,0.2,0.245,0.961,0.291,0.381,0.953,0.363,0.842,0.985,0.137,0.823,0.091,0.035,0.186,0.685,0.75,0.118,0.45
-86,0.876,0.602,0.001,0.745,0.31,0.182,0.014,0.177,0.256,0.027,0.758,0.596,0.339,0.296,0.335,0.501,0.633,0.481,0.577,0.19,0.988,0.829,0.224,0.039,0.698,0.694,0.626,0.754,0.961,0.125,0.169,0.825,0.462,0.904,0.215,0.192,0.827,0.924,0.533,0.528,0.48,0.204,0.279,0.309,0.846,0.679,0.315,0.078,0.488,0.978,0.571,0.802,0.205,0.377,0.987,0.475,0.722,0.234,0.178,0.414,0.583,0.982,0.765,0.371
-84,0.483,0.628,0.027,0.012,0.135,0.534,0.356,0.652,0.129,0.229,0.455,0.946,0.638,0.23,0.315,0.462,0.938,0.364,0.304,0.301,0.136,0.943,0.79,0.492,0.518,0.656,0.076,0.971,0.261,0.545,0.768,0.717,0.695,0.819,0.089,0.986,0.604,0.974,0.936,0.127,0.819,0.36,0.073,0.31,0.066,0.609,0.661,0.433,0.037,0.852,0.215,0.928,0.49,0.054,0.301,0.864,0.172,0.989,0.951,0.449,0.002,0.636,0.869,0.449
-82,0.707,0.563,0.457,0.806,0.432,0.66,0.123,0.384,0.139,0.474,0.343,0.113,0.229,0.616,0.119,0.457,0.466,0.797,0.372,0.909,0.913,0.169,0.47,0.285,0.367,0.83,0.75,0.744,0.524,0.553,0.096,0.605,0.672,0.05,0.508,0.232,0.096,0.054,0.386,0.509,0.849,0.064,0.007,0.666,0.554,0.29,0.713,0.085,0.287,0.026,0.085,0.888,0.093,0.392,0.59,0.515,0.677,0.414,0.557,0.929,0.258,0.097,0.494,0.566
-80,0.721,0.345,0.221,0.993,0.021,0.884,0.555,0.061,0.04,0.758,0.301,0.48,0.986,0.841,0.997,0.837,0.092,0.514,0.97,0.127,0.13,0.805,0.955,0.273,0.075,0.004,0.378,0.078,0.442,0.94,0.824,0.179,0.502,0.135,0.91,0.627,0.437,0.09,0.414,0.764,0.07,0.727,0.774,0.226,0.461,0.039,0.28,0.172,0.584,0.932,0.432,0.678,0.599,0.487,0.711,0.922,0.598,0.732,0.105,0.372,0.477,0.049,0.32,0.569
-78,0.944,0.86,0.52,0.869,0.225,0.739,0.258,0.723,0.092,0.392,0.469,0.079,0.184,0.442,0.769,0.968,0.774,0.634,0.885,0.137,0.944,0.657,0.428,0.736,0.585,0.114,0.915,0.82,0.481,0.476,0.676,0.596,0.861,0.552,0.203,0.686,0.313,0.015,0.665,0.983,0.19,0.199,0.546,0.854,0.77,0.615,0.903,0.84,0.617,0.065,0.055,0.098,0.083,0.651,0.458,0.378,0.293,0.737,0.765,0.032,0.154,0.153,0.914,0.812
-76,0.011,0.382,0.282,0.481,0.064,0.635,0.431,0.662,0.006,0.717,0.199,0.921,0.701,0.999,0.488,0.33,0.98,0.798,0.514,0.796,0.664,0.4,0.869,0.793,0.147,0.756,0.764,0.176,0.239,0.153,0.023,0.263,0.495,0.858,0.864,0.537,0.919,0.426,0.232,0.881,0.817,0.922,0.188,0.996,0.248,0.49,0.932,0.814,0.33,0.569,0.98,0.187,0.395,0.513,0.873,0.731,0.509,0.025,0.965,0.931,0.076,0.385,0.039,0.482
-74,0.247,0.704,0.705,0.199,0.731,0.674,0.335,0.665,0.131,0.073,0.186,0.784,0.211,0.214,0.43,0.795,0.036,0.416,0.036,0.331,0.144,0.755,0.422,0.46,0.948,0.646,0.953,0.932,0.059,0.513,0.337,0.444,0.534,0.703,0.601,0.459,0.929,0.719,0.203,0.916,0.523,0.369,0.48,0.866,0.555,0.432,0.067,0.164,0.22,0.838,0.978,0.207,0.629,0.466,0.923,0.327,0.183,0.534,0.413,0.332,0.137,0.081,0.6,0.133
-72,0.229,0.367,0.21,0.521,0.232,0.839,0.737,0.587,0.837,0.976,0.956,0.749,0.759,0.623,0.169,0.049,0.257,0.206,0.02,0.023,0.556,0.241,0.525,0.028,0.256,0.632,0.154,0.437,0.372,0.356,0.609,0.555,0.931,0.135,0.745,0.406,0.035,0.057,0.764,0.546,0.875,0.105,0.021,0.991,0.32,0.058,0.61,0.601,0.503,0.236,0.163,0.695,0.919,0.512,0.532,0.849,0.012,0.862,0.86,0.792,0.509,0.577,0.822,0.054
-70,0.877,0.342,0.133,0.165,0.367,0.602,0.595,0.719,0.484,0.59,0.032,0.138,0.132,0.452,0.386,0.517,0.793,0.427,0.372,0.938,0.447,0.56,0.256,0.638,0.772,0.287,0.399,0.556,0.441,0.526,0.932,0.418,0.014,0.106,0.292,0.014,0.645,0.531,0.03,0.894,0.637,0.539,0.898,0.031,0.201,0.697,0.159,0.367,0.811,0.061,0.872,0.2,0.929,0.342,0.654,0.822,0.528,0.603,0.451,0.93,0.02,0.12,0.098,0.933
-68,0.813,0.953,0.271,0.34,0.956,0.844,0.675,0.345,0.08,0.251,0.55,0.659,0.436,0.385,0.387,0.398,0.881,0.161,0.592,0.497,0.267,0.849,0.722,0.743,0.139,0.485,0.397,0.207,0.642,0.923,0.533,0.23,0.559,0.821,0.798,0.69,0.524,0.525,0.317,0.117,0.921,0.978,0.783,0.47,0.789,0.935,0.03,0.156,0.52,0.609,0.062,0.393,0.044,0.679,0.1,0.439,0.213,0.938,0.063,0.209,0.045,0.005,0.443,0.58
-66,0.705,0.583,0.533,0.348,0.273,0.278,0.228,0.764,0.105,0.372,0.776,0.669,0.754,0.233,0.499,0.47,0.241,0.491,0.059,0.379,0.165,0.007,0.092,0.017,0.812,0.744,0.307,0.086,0.817,0.606,0.936,0.689,0.791,0.359,0.359,0.903,0.026,0.597,0.973,0.033,0.933,0.939,0.274,0.181,0.446,0.475,0.913,0.449,0.779,0.008,0.477,0.081,0.851,0.902,0.695,0.081,0.436,0.194,0.034,0.76,0.833,0.784,0.867,0.425
-64,0.769,0.714,0.429,0.956,0.529,0.919,0.748,0.276,0.307,0.738,0.47,0.755,0.84,0.828,0.102,0.597,0.346,0.306,0.534,0.599,0.527,0.674,0.617,0.245,0.052,0.568,0.502,0.032,0.501,0.709,0.146,0.215,0.33,0.654,0.838,0.666,0.886,0.957,0.476,0.829,0.609,0.752,0.207,0.87,0.888,0.269,0.148,0.251,0.654,0.268,0.483,0.297,0.693,0.002,0.757,0.369,0.919,1.0,0.888,0.352,0.128,0.342,0.487,0.373
-62,0.128,0.855,0.423,0.552,0.59,0.573,0.532,0.928,0.522,0.621,0.547,0.693,0.906,0.695,0.145,0.541,0.136,0.488,0.786,0.654,0.649,0.739,0.14,0.738,0.796,0.634,0.738,0.887,0.274,0.517,0.697,0.77,0.812,0.046,0.814,0.245,0.902,0.643,0.853,0.277,0.579,0.445,0.511,0.156,0.118,0.474,0.044,0.168,0.806,0.232,0.889,0.856,0.404,0.248,0.06,0.937,0.759,0.371,0.377,0.485,0.712,0.298,0.008,0.504
-60,0.681,0.808,0.592,0.732,0.702,0.585,0.257,0.488,0.11,0.317,0.063,0.111,0.003,0.249,0.302,0.092,0.572,0.301,0.168,0.827,0.053,0.036,0.88,0.81,0.901,0.327,0.725,0.384,0.354,0.874,0.942,0.337,0.02,0.592,0.247,0.17,0.592,0.228,0.974,0.53,0.235,0.143,0.445,0.626,0.337,0.246,0.085,0.175,0.996,0.701,0.726,0.564,0.897,0.383,0.508,0.522,0.953,0.626,0.847,0.374,0.907,0.598,0.687,0.307
-58,0.957,0.34,0.333,0.606,0.988,0.916,0.525,0.468,0.859,0.624,0.109,0.303,0.501,0.41,0.624,0.844,0.262,0.036,0.249,0.076,0.998,0.368,0.716,0.567,0.983,0.461,0.645,0.95,0.82,0.261,0.397,0.337,0.483,0.714,0.6,0.277,0.485,0.487,0.001,0.028,0.233,0.692,0.343,0.653,0.158,0.992,0.018,0.18,0.116,0.62,0.852,0.931,0.591,0.345,0.092,0.172,0.496,0.7,0.276,0.814,0.707,0.673,0.212,0.895
-56,0.621,0.55,0.095,0.493,0.884,0.026,0.059,0.885,0.29,0.175,0.827,0.568,0.399,0.73,0.747,0.835,0.479,0.916,0.979,0.912,0.134,0.2,0.746,0.101,0.253,0.074,0.431,0.37,0.89,0.109,0.752,0.504,0.008,0.529,0.981,0.27,0.256,0.13,0.608,0.514,0.334,0.557,0.772,0.447,0.096,0.487,0.6,0.698,0.717,0.561,0.201,0.479,0.482,0.811,0.276,0.786,0.502,0.051,0.603,0.959,0.796,0.419,0.506,0.091
-54,0.411,0.507,0.289,0.229,0.848,0.829,0.018,0.29,0.101,0.552,0.224,0.07,0.097,0.598,0.418,0.783,0.996,0.788,0.266,0.536,0.003,0.104,0.158,0.471,0.406,0.155,0.948,0.449,0.228,0.961,0.46,0.546,0.556,0.678,0.646,0.164,0.284,0.927,0.785,0.057,0.412,0.487,0.373,0.408,0.307,0.78,0.548,0.946,0.644,0.889,0.05,0.394,0.874,0.011,0.305,0.985,0.184,0.034,0.767,0.333,0.12,0.172,0.785,0.127
-52,0.291,0.652,0.739,0.138,0.942,0.345,0.251,0.469,0.205,0.401,0.413,0.807,0.757,0.574,0.994,0.243,0.516,0.442,0.187,0.297,0.281,0.675,0.685,0.595,0.777,0.0,0.491,0.234,0.71,0.02,0.333,0.466,0.095,0.966,0.818,0.341,0.912,0.5,0.251,0.77,0.356,0.784,0.656,0.889,0.697,0.408,0.289,0.385,0.713,0.964,0.085,0.328,0.875,0.592,0.093,0.666,0.886,0.881,0.143,0.735,0.309,0.293,0.463,0.993
-50,0.482,0.789,0.99,0.905,0.554,0.148,0.861,0.297,0.611,0.27,0.362,0.939,0.083,0.146,0.33,0.168,0.908,0.797,0.799,0.151,0.771,0.667,0.797,0.532,0.867,0.229,0.731,0.08,0.311,0.416,0.916,0.824,0.854,0.383,0.616,0.875,0.067,0.143,0.737,0.397,0.796,0.928,0.284,0.324,0.038,0.354,0.754,0.119,0.195,0.574,0.828,0.953,0.915,0.367,0.174,0.341,0.912,0.553,0.589,0.93,0.012,0.922,0.805,0.92
-48,0.402,0.873,0.185,0.705,0.213,0.744,0.85,0.68,0.837,0.254,0.769,0.621,0.275,0.589,0.812,0.033,0.732,0.918,0.118,0.29,0.73,0.668,0.333,0.147,0.845,0.108,0.098,0.974,0.758,0.747,0.326,0.53,0.634,0.714,0.293,0.268,0.419,0.907,0.777,0.781,0.542,0.906,0.534,0.527,0.962,0.548,0.475,0.565,0.937,0.793,0.362,0.975,0.684,0.394,0.683,0.546,0.025,0.231,0.654,0.952,0.159,0.29,0.613,0.112
-46,0.377,0.027,0.204,0.626,0.709,0.301,0.882,0.409,0.66,0.445,0.062,0.838,0.978,0.614,0.129,0.494,0.098,0.3,0.031,0.006,0.065,0.964,0.018,0.209,0.306,0.413,0.372,0.133,0.954,0.692,0.383,0.997,0.832,0.62,0.76,0.919,0.754,0.707,0.407,0.184,0.765,0.693,0.49,0.961,1.0,0.307,0.044,0.615,0.235,0.138,0.429,0.96,0.611,0.867,0.413,0.952,0.284,0.835,0.678,0.153,0.111,0.058,0.978,0.631
-44,0.748,0.028,0.756,0.714,0.271,0.886,0.618,0.024,0.515,0.092,0.623,0.676,0.433,0.942,0.706,0.11,0.454,0.648,0.089,0.149,0.666,0.008,0.649,0.366,0.167,0.148,0.07,0.347,0.761,0.838,0.064,0.722,0.298,0.757,0.798,0.191,0.708,0.773,0.197,0.512,0.585,0.837,0.114,0.922,0.248,0.936,0.44,0.732,0.383,0.414,0.394,0.092,0.316,0.327,0.927,0.324,0.737,0.653,0.54,0.632,0.38,0.749,0.385,0.23
-42,0.772,0.536,0.654,0.077,0.173,0.56,0.526,0.369,0.139,0.65,0.789,0.478,0.094,0.624,0.948,0.749,0.584,0.126,0.577,0.666,0.585,0.913,0.935,0.711,0.057,0.784,0.188,0.083,0.382,0.949,0.349,0.543,0.082,0.986,0.955,0.356,0.056,0.193,0.563,0.657,0.723,0.79,0.327,0.673,0.603,0.674,0.885,0.7,0.748,0.088,0.075,0.977,0.574,0.635,0.873,0.791,0.569,0.99,0.249,0.238,0.239,0.117,0.019,0.45
-40,0.137,0.481,0.438,0.233,0.577,0.244,0.572,0.247,0.551,0.24,0.531,0.241,0.258,0.845,0.787,0.682,0.674,0.471,0.632,0.99,0.586,0.363,0.761,0.672,0.676,0.998,0.367,0.692,0.886,0.89,0.257,0.634,0.932,0.217,0.037,0.033,0.698,0.52,0.348,0.671,0.412,0.524,0.269,0.625,0.95,0.376,0.453,0.371,0.002,0.571,0.386,0.364,0.098,0.12,0.691,0.494,0.983,0.443,0.687,0.261,0.001,0.803,0.895,0.092
-38,0.818,0.483,0.106,0.287,0.357,0.493,0.15,0.847,0.464,0.409,0.063,0.979,0.672,0.299,0.841,0.955,0.065,0.123,0.242,0.771,0.055,0.518,0.279,0.307,0.131,0.832,0.87,0.345,0.062,0.317,0.169,0.315,0.885,0.995,0.413,0.44,0.053,0.869,0.807,0.358,0.167,0.887,0.348,0.672,0.452,0.271,0.101,0.437,0.411,0.249,0.299,0.415,0.742,0.189,0.442,0.365,0.844,0.358,0.196,0.612,0.125,0.556,0.727,0.897
-36,0.487,0.982,0.735,0.819,0.532,0.795,0.262,0.403,0.069,0.551,0.038,0.855,0.901,0.307,0.276,0.435,0.022,0.522,0.591,0.464,0.264,0.493,0.825,0.448,0.399,0.839,0.723,0.566,0.122,0.072,0.56,0.792,0.806,0.821,0.193,0.681,0.771,0.318,0.597,0.261,0.238,0.445,0.912,0.053,0.551,0.679,0.886,0.639,0.799,0.889,0.622,0.334,0.357,0.789,0.18,0.876,0.112,0.685,0.108,0.543,0.788,0.121,0.85,0.807
-34,0.177,0.473,0.926,0.841,0.756,0.731,0.503,0.03,0.738,0.735,0.672,0.039,0.652,0.664,0.597,0.034,0.076,0.87,0.051,0.899,0.296,0.318,0.528,0.828,0.51,0.498,0.805,0.068,0.376,0.77,0.826,0.664,0.398,0.444,0.266,0.707,0.99,0.324,0.069,0.027,0.442,0.175,0.393,0.759,0.41,0.178,0.656,0.394,0.661,0.336,0.278,0.989,0.252,0.659,0.221,0.037,0.774,0.866,0.797,0.604,0.742,0.433,0.512,0.878
-32,0.461,0.294,0.354,0.163,0.415,0.614,0.67,0.321,0.49,0.547,0.906,0.338,0.003,0.686,0.165,0.506,0.376,0.048,0.913,0.879,0.223,0.193,0.004,0.309,0.862,0.102,0.53,0.734,0.879,0.286,0.979,0.363,0.415,0.781,0.6,0.72,0.142,0.221,0.665,0.859,0.093,0.09,0.931,0.245,0.621,0.961,0.91,0.599,0.826,0.889,0.603,0.277,0.597,0.828,0.883,0.469,0.052,0.28,0.294,0.475,0.237,0.747,0.49,0.722
-30,0.95,0.598,0.299,0.751,0.673,0.808,0.961,0.568,0.351,0.016,0.571,0.318,0.305,0.977,0.742,0.826,0.819,0.227,0.901,0.534,0.509,0.846,0.972,0.38,0.517,0.797,0.561,0.256,0.334,0.055,0.77,0.499,0.966,0.202,0.996,0.009,0.169,0.85,0.494,0.932,0.578,0.924,0.809,0.023,0.463,0.08,0.561,0.425,0.063,0.141,0.249,0.105,0.174,0.144,0.197,0.786,0.454,0.234,0.451,0.095,0.41,0.8,0.091,0.601
-28,0.745,0.633,0.142,0.654,0.764,0.786,0.169,0.751,0.157,0.809,0.215,0.218,0.378,0.247,0.233,0.111,0.825,0.713,0.969,0.119,0.589,0.764,0.984,0.491,0.685,0.783,0.567,0.28,0.602,0.716,0.958,0.152,0.54,0.028,0.178,0.714,0.878,0.778,0.165,0.619,0.002,0.068,0.603,0.977,0.927,0.439,0.156,0.447,0.037,0.397,0.142,0.469,0.042,0.924,0.069,0.575,0.834,0.025,0.651,0.227,0.312,0.655,0.48,0.939
-26,0.396,0.694,0.297,0.218,0.305,0.484,0.58,0.922,0.066,0.06,0.573,0.278,0.738,0.789,0.284,0.249,0.664,0.106,0.181,0.139,0.861,0.336,0.861,0.524,0.353,0.86,0.866,0.126,0.08,0.127,0.49,0.622,0.392,0.591,0.553,0.911,0.886,0.606,0.392,0.877,0.716,0.148,0.391,0.96,0.556,0.137,0.34,0.302,0.51,0.766,0.396,0.07,0.177,0.254,0.288,0.35,0.569,0.02,0.883,0.063,0.707,0.976,0.505,0.81
-24,0.119,0.299,0.643,0.89,0.999,0.862,0.913,0.09,0.235,0.709,0.108,0.403,0.421,0.913,0.212,0.568,0.35,0.744,0.553,0.876,0.276,0.322,0.723,0.007,0.644,0.176,0.432,0.089,0.648,0.045,0.477,0.699,0.502,0.148,0.842,0.697,0.457,0.686,0.164,0.693,0.852,0.27,0.808,0.229,0.215,0.21,0.499,0.294,0.1,0.155,0.864,0.722,0.397,0.304,0.487,0.427,0.692,0.388,0.219,0.669,0.021,0.989,0.672,0.723
-22,0.828,0.238,0.084,0.741,0.746,0.534,0.197,0.503,0.938,0.126,0.567,0.709,0.478,0.596,0.596,0.987,0.306,0.786,0.537,0.674,0.881,0.696,0.95,0.969,0.961,0.458,0.256,0.287,0.602,0.167,0.207,0.224,0.252,0.089,0.36,0.907,0.712,0.721,0.641,0.872,0.744,0.189,0.115,0.009,0.412,0.028,0.627,0.789,0.685,0.11,0.202,0.938,0.731,0.134,0.461,0.417,0.419,0.792,0.081,0.593,0.722,0.579,0.083,0.866
-20,0.439,0.985,0.413,0.716,0.603,0.189,0.276,0.699,0.84,0.364,0.506,0.724,0.191,0.817,0.883,0.085,0.426,0.82,0.237,0.219,0.998,0.539,0.552,0.354,0.329,0.4,0.581,0.501,0.491,0.806,0.672,0.436,0.683,0.739,0.505,0.134,0.277,0.81,0.718,0.048,0.509,0.911,0.424,0.993,0.149,0.724,0.875,0.973,0.777,0.264,0.158,0.919,0.19,0.057,0.867,0.505,0.128,0.874,0.254,0.166,0.783,0.203,0.731,0.372
-18,0.017,0.291,0.414,0.947,0.334,0.595,0.885,0.803,0.295,0.533,0.476,0.523,0.422,0.981,0.321,0.087,0.31,0.168,0.207,0.87,0.961,0.949,0.309,0.398,0.661,0.096,0.7,0.821,0.959,0.132,0.114,0.236,0.162,0.581,0.131,0.763,0.801,0.669,0.938,0.162,0.954,0.37,0.022,0.181,0.334,0.036,0.841,0.562,0.447,0.415,0.127,0.737,0.658,0.978,0.941,0.177,0.003,0.548,0.461,0.628,0.61,0.955,0.908,0.426
-16,0.019,0.569,0.145,0.139,0.008,0.416,0.546,0.587,0.957,0.279,0.142,0.723,0.592,0.804,0.947,0.943,0.193,0.691,0.635,0.502,0.176,0.961,0.548,0.898,0.941,0.228,0.599,0.51,0.169,0.43,0.711,0.924,0.67,0.608,0.884,0.239,0.051,0.664,0.638,0.244,0.923,0.993,0.546,0.515,0.454,0.608,0.945,0.249,0.712,0.683,0.99,0.155,0.845,0.7,0.824,0.959,0.523,0.071,0.325,0.041,0.453,0.141,0.992,0.515
-14,0.44,0.345,0.948,0.702,0.177,0.216,0.222,0.228,0.155,0.075,0.876,0.007,0.376,0.175,0.638,0.24,0.129,0.466,0.802,0.744,0.03,0.864,0.516,0.24,0.775,0.33,0.704,0.754,0.113,0.098,0.207,0.464,0.292,0.253,0.341,0.568,0.893,0.548,0.022,0.066,0.493,0.798,0.457,0.483,0.852,0.01,0.093,0.066,0.547,0.91,0.849,0.253,0.073,0.112,0.386,0.679,0.183,0.92,0.402,0.694,0.315,0.664,0.026,0.641
-12,0.032,0.006,0.914,0.479,0.807,0.969,0.068,0.96,0.508,0.284,0.438,0.695,0.511,0.757,0.052,0.291,0.779,0.692,0.947,0.003,0.653,0.64,0.709,0.566,0.651,0.107,0.041,0.806,0.113,0.522,0.881,0.167,0.832,0.87,0.516,0.915,0.926,0.777,0.262,0.001,0.844,0.568,0.719,0.205,0.618,0.872,0.468,0.841,0.8,0.771,0.646,0.665,0.024,0.281,0.13,0.34,0.207,0.953,0.555,0.008,0.662,0.554,0.042,0.814
-10,0.43,0.261,0.216,0.118,0.841,0.269,0.336,0.422,0.908,0.649,0.987,0.336,0.469,0.513,0.886,0.331,0.125,0.797,0.405,0.12,0.771,0.92,0.211,0.464,0.955,0.655,0.775,0.502,0.325,0.545,0.314,0.251,0.624,0.278,0.968,0.748,0.93,0.83,0.996,0.814,0.514,0.878,0.277,0.761,0.079,0.036,0.984,0.288,0.715,0.609,0.755,0.092,0.061,0.953,0.696,0.149,0.937,0.644,0.04,0.416,0.323,0.194,0.334,0.236
-8,0.801,0.704,0.032,0.621,0.555,0.686,0.939,0.513,0.545,0.406,0.212,0.762,0.723,0.143,0.711,0.184,0.303,0.655,0.553,0.602,0.86,0.09,0.819,0.201,0.723,0.434,0.42,0.488,0.074,0.33,0.452,0.774,0.706,0.882,0.283,0.966,0.045,0.568,0.726,0.591,0.858,0.206,0.538,0.914,0.154,0.928,0.923,0.479,0.055,0.822,0.203,0.98,0.419,0.756,0.256,0.383,0.709,0.378,0.107,0.643,0.671,0.434,0.088,0.76
-6,0.889,0.282,0.476,0.259,0.183,0.597,0.969,0.729,0.414,0.277,0.459,0.154,0.079,0.27,0.593,0.01,0.292,0.316,0.971,0.791,0.638,0.993,0.283,0.408,0.505,0.459,0.876,0.94,0.627,0.137,0.406,0.659,0.174,0.131,0.024,0.904,0.481,0.732,0.548,0.026,0.702,0.492,0.472,0.789,0.261,0.975,0.174,0.57,0.546,0.201,0.844,0.855,0.932,0.242,0.102,0.258,0.216,0.934,0.828,0.729,0.706,0.994,0.389,0.915
-4,0.584,0.721,0.552,0.261,0.935,0.012,0.24,0.29,0.898,0.654,0.619,0.241,0.001,0.318,0.569,0.368,0.842,0.152,0.148,0.837,0.974,0.075,0.184,0.376,0.747,0.45,0.89,0.612,0.788,0.051,0.923,0.409,0.517,0.112,0.662,0.867,0.228,0.265,0.542,0.526,0.418,0.395,0.513,0.262,0.245,0.183,0.036,0.612,0.058,0.961,0.495,0.062,0.361,0.7,0.608,0.128,0.435,0.891,0.181,0.703,0.331,0.732,0.75,0.316
-2,0.614,0.198,0.564,0.604,0.31,0.219,0.96,0.129,0.054,0.913,0.022,0.789,0.585,0.375,0.459,0.715,0.535,0.767,0.623,0.745,0.181,0.931,0.376,0.017,0.415,0.008,0.608,0.809,0.574,0.207,0.613,0.699,0.859,0.108,0.561,0.968,0.474,0.762,0.823,0.657,0.972,0.027,0.846,0.654,0.141,0.139,0.61,0.291,0.279,0.745,0.682,0.257,0.138,0.016,0.025,0.309,0.625,0.538,0.604,0.31,0.156,0.485,0.742,0.652
0,0.855,0.629,0.479,0.572,0.725,0.142,0.814,0.832,0.834,0.117,0.1,0.968,0.281,0.803,0.323,0.659,0.629,0.717,0.406,0.411,0.957,0.752,0.702,0.4,0.693,0.182,0.413,0.695,0.101,0.56,0.73,0.066,0.817,0.165,0.539,0.298,0.772,0.341,0.973,0.84,0.954,0.959,0.866,0.855,0.82,0.98,0.19,0.588,0.601,0.15,0.908,0.883,0.105,0.961,0.174,0.318,0.771,0.049,0.025,0.681,0.513,0.537,0.755,0.634
2,0.979,0.774,0.836,0.014,0.19,0.38,0.71,0.143,0.712,0.395,0.987,0.48,0.367,0.195,0.285,0.565,0.339,0.362,0.893,0.3,0.85,0.314,0.43,0.158,0.517,0.843,0.629,0.479,0.385,0.884,0.665,0.827,0.521,0.158,0.149,0.391,0.067,0.084,0.848,0.754,0.22,0.864,0.375,0.212,0.233,0.253,0.48,0.743,0.883,0.214,0.723,0.83,0.845,0.683,0.752,0.583,0.841,0.139,0.687,0.036,0.423,0.142,0.794,0.235
4,0.75,0.843,0.766,0.194,0.941,0.466,0.547,0.882,0.881,0.028,0.498,0.018,0.296,0.695,0.176,0.472,0.313,0.898,0.693,0.238,0.484,0.761,0.514,0.941,0.449,0.19,0.447,0.775,0.258,0.77,0.959,0.491,0.231,0.191,0.911,0.114,0.53,0.326,0.022,0.735,0.531,0.296,0.313,0.232,0.213,0.307,0.522,0.158,0.097,0.505,0.714,0.575,0.341,0.186,0.701,0.8,0.642,0.321,0.005,0.352,0.191,0.077,0.392,0.857
6,0.124,0.202,0.985,0.591,0.827,0.28,0.244,0.687,0.803,0.324,0.132,0.659,0.069,0.692,0.426,0.451,0.921,0.886,0.785,0.494,0.675,0.224,0.422,0.97,0.318,0.388,0.875,0.437,0.031,0.057,0.621,0.949,0.242,0.805,0.88,0.647,0.897,0.304,0.075,0.491,0.044,0.201,0.637,0.006,0.992,0.058,0.197,0.331,0.018,0.586,0.822,0.223,0.605,0.815,0.337,0.039,0.688,0.059,0.11,0.421,0.392,0.412,0.404,0.8
8,0.902,0.852,0.426,0.037,0.509,0.3,0.599,0.691,0.346,0.37,0.458,0.118,0.94,0.872,0.802,0.141,0.83,0.522,0.217,0.076,0.439,0.151,0.09,0.618,0.845,0.672,0.316,0.101,0.548,0.323,0.44,0.098,0.484,0.032,0.852,0.849,0.257,0.844,0.778,0.877,0.887,0.558,0.531,0.961,0.002,0.053,0.838,0.929,0.785,0.959,0.139,0.043,0.958,0.192,0.083,0.225,0.308,0.393,0.978,0.605,0.245,0.564,0.011,0.695
10,0.867,0.207,0.083,0.648,0.54,0.447,0.464,0.008,0.566,0.487,0.054,0.812,0.73,0.175,0.278,0.7,0.42,0.513,0.092,0.332,0.326,0.313,0.917,0.404,0.268,0.513,0.55,0.495,0.122,0.27,0.926,0.596,0.837,0.419,0.88,0.132,0.593,0.73,0.503,0.54,0.717,0.347,0.288,0.821,0.97,0.02,0.668,0.985,0.917,0.907,0.823,0.213,0.385,0.147,0.741,0.918,0.176,0.184,0.36,0.37,0.136,0.584,0.3,0.492
12,0.223,0.082,0.605,0.414,0.407,0.975,0.342,0.106,0.493,0.276,0.375,0.189,0.536,0.472,0.582,0.269,0.526,0.863,0.169,0.929,0.675,0.011,0.638,0.96,0.387,0.301,0.324,0.608,0.84,0.865,0.023,0.579,0.745,0.078,0.458,0.191,0.645,0.88,0.072,0.05,0.849,0.125,0.686,0.399,0.784,0.15,0.093,0.666,0.085,0.65,0.069,0.404,0.516,0.19,0.872,0.509,0.366,0.049,0.968,0.281,0.744,0.95,0.519,0.355
14,0.585,0.631,0.889,0.168,0.161,0.492,0.181,0.077,0.255,0.748,0.031,0.585,0.88,0.619,0.569,0.852,0.785,0.285,0.062,0.471,0.449,0.609,0.238,0.039,0.881,0.556,0.057,0.266,0.13,0.602,0.984,0.308,0.779,0.475,0.309,0.257,0.544,0.421,0.909,0.999,0.44,0.654,0.814,0.634,0.637,0.613,0.185,0.45,0.158,0.033,0.571,0.907,0.819,0.383,0.155,0.127,0.392,0.589,0.427,0.37,0.3,0.784,0.483,0.886
16,0.077,0.85,0.01,0.029,0.348,0.303,0.781,0.108,0.423,0.684,0.189,0.052,0.211,0.019,0.002,0.052,0.663,0.156,0.386,0.426,0.518,0.407,0.656,0.443,0.177,0.834,0.73,0.462,0.699,0.742,0.961,0.212,0.656,0.601,0.065,0.196,0.582,0.338,0.752,0.193,0.366,0.45,0.257,0.436,0.504,0.627,0.871,0.591,0.632,0.125,0.634,0.942,0.886,0.613,0.69,0.662,0.969,0.686,0.082,0.248,0.394,0.73,0.411,0.712
18,0.434,0.975,0.962,0.258,0.274,0.157,0.527,0.737,0.836,0.119,0.208,0.859,0.846,0.374,0.364,0.018,0.318,0.746,0.603,0.579,0.559,0.145,0.559,0.436,0.364,0.99,0.446,0.962,0.276,0.722,0.93,0.562,0.447,0.737,0.438,0.113,0.665,0.107,0.98,0.614,0.515,0.454,0.091,0.81,0.596,0.991,0.775,0.639,0.366,0.359,0.791,0.582,0.647,0.12,0.326,0.768,0.652,0.261,0.34,0.375,0.604,0.884,0.075,0.128
20,0.587,0.599,0.444,0.456,0.269,0.23,0.311,0.1,0.072,0.814,0.466,0.466,0.746,0.175,0.744,0.944,0.351,0.29,0.599,0.877,0.182,0.401,0.263,0.204,0.033,0.977,0.245,0.075,0.4,0.696,0.787,0.396,0.78,0.681,0.406,0.036,0.396,0.927,0.059,0.017,0.525,0.937,0.864,0.752,0.586,0.045,0.746,0.592,0.577,0.087,0.861,0.96,0.179,0.532,0.857,0.757,0.618,0.749,0.02,0.961,0.921,0.302,0.628,0.263
22,0.137,0.131,0.513,0.917,0.633,0.531,0.774,0.287,0.411,0.416,0.32,0.54,0.496,0.114,0.396,0.724,0.273,0.493,0.597,0.91,0.218,0.045,0.474,0.063,0.721,0.169,0.017,0.417,0.311,0.394,0.083,0.604,0.302,0.937,0.652,0.173,0.441,0.441,0.434,0.188,0.482,0.031,0.775,0.128,0.747,0.335,0.945,0.604,0.254,0.196,0.56,0.837,0.027,0.569,0.107,0.797,0.596,0.14,0.148,0.132,0.618,0.405,0.81,0.863
24,0.771,0.083,0.57,0.38,0.266,0.34,0.907,0.41,0.528,0.562,0.733,0.541,0.542,0.858,0.279,0.852,0.616,0.001,0.055,0.882,0.201,0.412,0.777,0.048,0.595,0.942,0.937,0.534,0.722,0.237,0.03,0.974,0.188,0.714,0.581,0.558,0.234,0.744,0.213,0.364,0.864,0.336,0.193,0.548,0.384,0.112,0.602,0.857,0.26,0.411,0.31,0.606,0.627,0.679,0.16,0.823,0.612,0.967,0.474,0.75,0.303,0.735,0.86,0.174
26,0.024,0.772,0.674,0.336,0.789,0.953,0.004,0.871,0.796,0.759,0.28,0.272,0.579,0.536,0.671,0.392,0.967,0.943,0.838,0.007,0.97,0.833,0.393,0.844,0.252,0.604,0.608,0.91,0.047,0.557,0.394,0.853,0.624,0.188,0.418,0.271,0.561,0.317,0.757,0.597,0.932,0.278,0.121,0.119,0.992,0.894,0.005,0.756,0.46,0.699,0.899,0.056,0.587,0.501,0.184,0.153,0.699,0.909,0.602,0.138,0.347,0.02,0.61,0.43
28,0.337,0.798,0.284,0.794,0.543,0.173,0.341,0.198,0.075,0.969,0.075,0.105,0.53,0.294,0.487,0.575,0.734,0.653,0.532,0.589,0.413,0.26,0.607,0.593,0.736,0.022,0.971,0.681,0.658,0.741,0.232,0.214,0.457,0.139,0.79,0.791,0.377,0.89,0.817,0.204,0.341,0.826,0.246,0.261,0.832,0.878,0.878,0.89,0.746,0.413,0.612,0.953,0.851,0.385,0.641,0.136,0.882,0.796,0.468,0.571,0.567,0.107,0.003,0.128
30,0.049,0.141,0.17,0.419,0.848,0.56,0.717,0.915,0.383,0.497,0.632,0.672,0.524,0.616,0.351,0.975,0.584,0.69,0.276,0.754,0.388,0.816,0.062,0.276,0.688,0.437,0.357,0.386,0.26,0.328,0.073,0.86,0.75,0.186,0.95,0.892,0.546,0.801,0.036,0.181,0.373,0.435,0.728,0.365,0.943,0.223,0.053,0.165,0.902,0.249,0.881,0.596,0.083,0.272,0.52,0.518,0.934,0.876,0.771,0.979,0.243,0.399,0.681,0.442
32,0.086,0.215,0.346,0.189,0.821,0.582,0.678,0.633,0.282,0.535,0.458,0.843,0.457,0.14,0.141,0.478,0.352,0.196,0.067,0.47,0.86,0.504,0.622,0.171,0.723,0.008,0.745,0.908,0.628,0.2,0.651,0.109,0.668,0.334,0.114,0.912,0.357,0.112,0.238,0.439,0.596,0.512,0.884,0.05,0.217,0.783,0.766,0.71,0.082,0.175,0.702,0.451,0.437,0.907,0.18,0.006,0.288,0.302,0.336,0.217,0.13,0.564,0.81,0.945
34,0.484,0.826,0.937,0.194,0.77,0.708,0.236,0.527,0.981,0.918,0.557,0.398,0.785,0.824,0.078,0.996,0.506,0.177,0.945,0.699,0.297,0.947,0.848,0.587,0.79,0.138,0.689,0.81,0.035,0.448,0.936,0.552,0.422,0.791,0.765,0.729,0.502,0.002,0.823,0.928,0.517,0.598,0.73,0.169,0.898,0.255,0.801,0.122,0.574,0.108,0.189,0.307,0.542,0.239,0.897,0.39,0.382,0.356,0.915,0.061,0.259,0.757,0.24,0.142
36,0.829,0.971,0.651,0.142,0.562,0.195,0.642,0.295,0.009,0.721,0.416,0.19,0.555,0.088,0.238,0.746,0.649,0.612,0.851,0.335,0.054,0.92,0.484,0.291,0.035,0.395,0.659,0.565,0.188,0.574,0.801,0.354,0.073,0.498,0.622,0.384,0.502,0.744,0.783,0.036,0.255,0.335,0.357,0.755,0.831,0.957,0.178,0.499,0.426,0.01,0.531,0.953,0.987,0.789,0.201,0.207,0.42,0.748,0.638,0.254,0.662,0.262,0.252,0.783
38,0.991,0.12,0.247,0.431,0.303,0.879,0.035,0.927,0.11,0.562,0.451,0.024,0.713,0.945,0.352,0.257,0.774,0.96,0.828,0.554,0.099,0.851,0.2,0.793,0.778,0.01,0.516,0.32,0.014,0.105,0.914,0.763,0.654,0.817,0.539,0.783,0.425,0.371,0.727,0.339,0.269,0.528,0.41,0.751,0.641,0.969,0.857,0.104,0.917,0.773,0.566,0.13,0.76,0.996,0.617,0.096,0.323,0.191,0.678,0.315,0.495,0.3,0.219,0.116
40,0.07,0.421,0.898,0.375,0.692,0.957,0.006,0.304,0.698,0.367,0.455,0.802,0.831,0.518,0.506,0.317,0.139,0.891,0.114,0.591,0.649,0.021,0.97,0.252,0.548,0.469,0.361,0.412,0.964,0.217,0.793,0.77,0.437,0.17,0.545,0.82,0.731,0.977,0.38,0.181,0.844,0.685,0.543,0.656,0.199,0.016,0.975,0.238,0.385,0.841,0.784,0.21,0.015,0.136,0.611,0.286,0.115,0.382,0.398,0.989,0.393,0.243,0.366,0.421
42,0.704,0.512,0.513,0.926,0.239,0.235,0.007,0.21,0.867,0.326,0.897,0.597,0.372,0.941,0.57,0.132,0.747,0.551,0.951,0.173,0.403,0.403,0.288,0.306,0.141,0.58,0.346,0.755,0.954,0.988,0.196,0.83,0.979,0.399,0.109,0.152,0.005,0.426,0.427,0.557,0.282,0.986,0.936,0.886,0.824,0.922,0.577,0.591,0.716,0.799,0.159,0.403,0.517,0.911,0.337,0.055,0.365,0.021,0.629,0.296,0.481,0.275,0.104,0.536
44,0.999,0.556,0.349,0.831,0.511,0.843,0.332,0.619,0.723,0.176,0.069,0.038,0.848,0.98,0.464,0.284,0.096,0.736,0.304,0.042,0.607,0.248,0.417,0.825,0.31,0.72,0.273,0.694,0.083,0.48,0.885,0.492,0.626,0.84,0.417,0.706,0.375,0.333,0.971,0.459,0.296,0.048,0.261,0.167,0.286,0.241,0.989,0.953,0.653,0.57,0.01,0.441,0.278,0.325,0.568,0.093,0.55,0.742,0.177,0.75,0.418,0.439,0.062,0.046
46,0.598,0.894,0.62,0.365,0.316,0.731,0.443,0.659,0.609,0.115,0.425,0.329,0.591,0.826,0.641,0.019,0.794,0.22,0.564,0.133,0.804,0.903,0.466,0.7,0.801,0.416,0.414,0.41,0.372,0.223,0.247,0.995,0.299,0.182,0.106,0.859,0.282,0.37,0.022,0.343,0.631,0.807,0.123,0.017,0.787,0.598,0.339,0.618,0.422,0.257,0.557,0.972,0.658,0.586,0.959,0.596,0.377,0.891,0.614,0.733,0.167,0.083,0.475,0.114
48,0.348,0.669,0.827,0.692,0.088,0.803,0.365,0.318,0.542,0.616,0.272,0.505,0.987,0.293,0.407,0.818,0.197,0.386,0.058,0.446,0.933,0.636,0.383,0.036,0.567,0.205,0.175,0.638,0.881,0.475,0.186,0.599,0.109,0.865,0.983,0.842,0.163,0.461,0.063,0.285,0.358,0.416,0.438,0.988,0.245,0.59,0.569,0.465,0.113,0.184,0.41,0.234,0.066,0.383,0.544,0.138,0.986,0.72,0.293,0.525,0.919,0.8,0.619,0.509
50,0.556,0.34,0.439,0.335,0.853,0.467,0.236,0.383,0.484,0.17,0.594,0.794,0.677,0.526,0.65,0.995,0.954,0.756,0.374,0.823,0.537,0.972,0.196,0.735,0.665,0.659,0.556,0.362,0.658,0.882,0.106,0.51,0.118,0.627,0.877,0.256,0.083,0.188,0.731,0.962,0.807,0.798,0.284,0.06,0.319,0.776,0.859,0.445,0.311,0.295,0.458,0.789,0.169,0.184,0.843,0.848,0.372,0.195,0.854,0.278,0.446,0.758,0.428,0.272
52,0.519,0.931,0.972,0.165,0.324,0.4,0.902,0.768,0.092,0.2,0.518,0.722,0.959,0.785,0.001,0.952,0.295,0.835,0.422,0.051,0.566,0.242,0.47,0.654,0.97,0.036,0.167,0.045,0.013,0.204,0.433,0.425,0.318,0.67,0.645,0.243,0.677,0.432,0.735,0.257,0.199,0.563,0.438,0.998,0.08,0.562,0.006,0.145,0.471,0.64,0.626,0.381,0.622,0.148,0.269,0.137,0.579,0.076,0.052,0.265,0.518,0.698,0.626,0.603
54,0.144,0.505,0.169,0.718,0.393,0.715,0.703,0.34,0.874,0.059,0.544,0.5,0.861,0.329,0.022,0.167,0.155,0.688,0.184,0.274,0.384,0.36,0.857,0.486,0.841,0.074,0.953,0.114,0.746,0.618,0.189,0.768,0.61,0.182,0.953,0.828,0.139,0.136,0.0,0.094,0.409,0.855,0.025,0.773,0.536,0.393,0.188,0.482,0.99,0.817,0.717,0.938,0.576,0.26,0.682,0.464,0.389,0.088,0.429,0.652,0.84,0.321,0.869,0.564
56,0.367,0.122,0.616,0.773,0.579,0.064,0.89,0.26,0.136,0.315,0.376,0.063,0.245,0.623,0.573,0.833,0.978,0.539,0.436,0.436,0.636,0.356,0.777,0.273,0.098,0.646,0.275,0.679,0.394,0.018,0.921,0.887,0.597,0.146,0.273,0.786,0.036,0.766,0.15,0.659,0.694,0.636,0.642,0.646,0.561,0.967,0.09,0.665,0.136,0.878,0.158,0.603,0.638,0.957,0.652,0.731,0.186,0.792,0.765,0.718,0.648,0.127,0.915,0.207
58,0.026,0.829,0.324,0.398,0.313,0.17,0.958,0.087,0.581,0.424,0.583,0.361,0.964,0.642,0.165,0.781,0.741,0.707,0.227,0.081,0.748,0.823,0.224,0.443,0.724,0.072,0.484,0.029,0.048,0.41,0.825,0.109,0.574,0.468,0.618,0.062,0.621,0.732,0.609,0.422,0.402,0.956,0.226,0.581,0.789,0.328,0.727,0.935,0.225,0.118,0.905,0.394,0.743,0.808,0.547,0.607,0.11,0.798,0.822,0.145,0.049,0.675,0.298,0.988
60,0.326,0.85,0.44,0.09,0.283,0.701,0.948,0.177,0.972,0.769,0.122,0.77,0.572,0.504,0.689,0.574,0.85,0.97,0.417,0.829,0.983,0.549,0.483,0.725,0.095,0.74,0.143,0.235,0.418,0.799,0.095,0.85,0.534,0.328,0.311,0.515,0.86,0.748,0.001,0.23,0.47,0.613,0.123,0.541,0.406,0.314,0.039,0.634,0.046,0.145,0.56,0.376,0.41,0.171,0.825,0.438,0.88,0.994,0.688,0.286,0.969,0.098,0.675,0.611
62,0.782,0.72,0.924,0.033,0.651,0.076,0.799,0.754,0.235,0.881,0.918,0.882,0.081,0.502,0.937,0.021,0.155,0.382,0.299,0.983,0.592,0.294,0.574,0.13,0.609,0.075,0.653,0.202,0.619,0.321,0.784,0.085,0.83,0.795,0.462,0.496,0.735,0.178,0.107,0.224,0.177,0.879,0.679,0.089,0.581,0.997,0.474,0.847,0.042,0.548,0.538,0.73,0.477,0.229,0.475,0.263,0.149,0.647,0.583,0.975,0.033,0.892,0.584,0.921
64,0.363,0.176,0.405,0.847,0.34,0.506,0.093,0.427,0.048,0.142,0.087,0.64,0.595,0.046,0.366,0.423,0.379,0.913,0.448,0.607,0.819,0.839,0.668,0.282,0.195,0.448,0.507,0.411,0.925,0.277,0.685,0.463,0.93,0.36,0.508,0.652,0.518,0.221,0.618,0.343,0.057,0.874,0.392,0.752,0.071,0.684,0.964,0.83,0.936,0.231,0.278,0.56,0.52,0.549,0.093,0.319,0.945,0.8,0.277,0.864,0.538,0.878,0.423,0.573
66,0.441,0.391,0.42,0.944,0.125,1.0,0.317,0.704,0.032,0.621,0.573,0.691,0.741,0.095,0.63,0.726,0.9,0.402,0.002,0.623,0.16,0.349,0.24,0.146,0.626,0.64,0.889,0.805,0.441,0.834,0.221,0.033,0.708,0.964,0.375,0.858,0.176,0.473,0.52,0.868,0.589,0.129,0.358,0.993,0.313,0.187,0.048,0.025,0.693,0.578,0.512,0.12,0.717,0.528,0.8,0.818,0.389,0.237,0.268,0.524,0.921,0.318,0.128,0.016
68,0.413,0.262,0.336,0.73,0.68,0.805,0.983,0.614,0.479,0.103,0.043,0.073,0.985,0.278,0.378,0.339,0.897,0.361,0.059,0.816,0.863,0.036,0.438,0.289,0.897,0.679,0.871,0.158,0.619,0.054,0.315,0.173,0.297,0.093,0.017,0.934,0.668,0.154,0.683,0.7,0.402,0.922,0.553,0.761,0.062,0.619,0.648,0.892,0.497,0.48,0.128,0.848,0.902,0.369,0.15,0.469,0.148,0.317,0.125,0.573,0.756,0.021,0.876,0.494
70,0.001,0.078,0.652,0.697,0.197,0.504,0.013,0.771,0.272,0.706,0.536,0.295,0.008,0.865,0.212,0.509,0.933,0.28,0.859,0.256,0.985,0.604,0.326,0.711,0.846,0.004,0.768,0.065,0.98,0.044,0.57,0.717,0.301,0.2,0.472,0.015,0.866,0.178,0.299,0.171,0.766,0.982,0.531,0.946,0.868,0.804,0.568,0.389,0.871,0.691,0.919,0.326,0.861,0.721,0.939,0.261,0.497,0.549,0.433,0.278,0.206,0.012,0.854,0.867
72,0.786,0.179,0.114,0.737,0.642,0.682,0.282,0.117,0.873,0.245,0.973,0.89,0.53,0.334,0.811,0.59,0.288,0.419,0.139,0.529,0.55,0.258,0.924,0.523,0.736,0.313,0.529,0.291,0.775,0.186,0.208,0.175,0.593,0.372,0.584,0.668,0.469,0.938,0.899,0.805,0.199,0.337,0.862,0.429,0.35,0.224,0.081,0.414,0.144,0.218,0.247,0.769,0.639,0.005,0.296,0.505,0.276,0.322,0.1,0.475,0.559,0.064,0.401,0.486
74,0.988,0.577,0.161,0.822,0.627,0.484,0.626,0.569,0.95,0.305,0.401,0.93,0.88,0.875,0.701,0.196,0.885,0.76,0.407,0.286,0.515,0.37,0.208,0.328,0.401,0.071,0.375,0.52,0.183,0.399,0.955,0.986,0.789,0.011,0.79,0.875,0.391,0.214,0.147,0.621,0.513,0.963,0.691,0.134,0.741,0.645,0.344,0.644,0.019,0.376,0.493,0.027,0.723,0.944,0.776,0.992,0.623,0.107,0.535,0.841,0.91,0.265,0.553,0.382
76,0.998,0.093,0.47,0.196,0.643,0.901,0.168,0.506,0.603,0.887,0.422,0.281,0.803,0.008,0.711,0.653,0.377,0.372,0.062,0.63,0.16,0.386,0.549,0.932,0.951,0.45,0.02,0.42,0.938,0.959,0.81,0.553,0.307,0.893,0.06,0.21,0.693,0.898,0.665,0.406,0.45,0.566,0.885,0.38,0.055,0.415,0.323,0.504,0.359,0.684,0.998,0.739,0.545,0.23,0.663,0.757,0.42,0.117,0.984,0.263,0.606,0.001,0.091,0.059
78,0.207,0.725,0.957,0.747,0.604,0.273,0.055,0.12,0.596,0.543,0.628,0.121,0.132,0.934,0.595,0.857,0.935,0.92,0.944,0.003,0.936,0.462,0.517,0.3,0.432,0.96,0.536,0.925,0.895,0.533,0.094,0.476,0.187,0.017,0.21,0.002,0.6,0.237,0.682,0.054,0.703,0.263,0.091,0.659,0.803,0.117,0.896,0.609,0.513,0.721,0.14,0.382,0.019,0.939,0.081,0.864,0.392,0.889,0.717,0.335,0.168,0.682,0.856,0.242
80,0.49,0.4,0.586,0.612,0.376,0.338,0.865,0.086,0.952,0.788,0.102,0.137,0.646,0.632,0.904,0.348,0.83,0.881,0.388,0.431,0.183,0.017,0.95,0.864,0.544,0.121,0.325,0.627,0.215,0.293,0.316,0.494,0.419,0.663,0.531,0.33,0.202,0.443,0.161,0.864,0.546,0.272,0.41,0.66,0.334,0.579,0.111,0.847,0.668,0.628,0.296,0.62,0.129,0.533,0.142,0.633,0.485,0.206,0.889,0.548,0.764,0.299,0.313,0.552
82,0.152,0.423,0.813,0.808,0.213,0.129,0.182,0.895,0.384,0.713,0.867,0.094,0.316,0.995,0.878,0.068,0.374,0.529,0.669,0.622,0.804,0.876,0.756,0.982,0.266,0.644,0.112,0.541,0.232,0.417,0.852,0.288,0.029,0.371,0.549,0.509,0.297,0.865,0.427,0.408,0.139,0.957,0.651,0.832,0.172,0.213,0.04,0.833,0.699,0.164,0.92,0.264,0.765,0.811,0.443,0.324,0.063,0.831,0.96,0.323,0.26,0.12,0.416,0.381
84,0.7,0.393,0.064,0.136,0.406,0.259,0.594,0.635,0.432,0.428,0.434,0.965,0.413,0.391,0.326,0.523,0.265,0.958,0.73,0.499,0.768,0.989,0.182,0.696,0.864,0.061,0.814,0.17,0.286,0.573,0.53,0.177,0.253,0.643,0.855,0.183,0.675,0.867,0.929,0.175,0.424,0.631,0.41,0.664,0.048,0.992,0.839,0.732,0.55,0.155,0.875,0.696,0.506,0.088,0.131,0.466,0.548,0.827,0.768,0.327,0.136,0.925,0.138,0.154
86,0.364,0.4,0.375,0.618,0.486,0.251,0.097,0.998,0.922,0.523,0.53,0.826,0.698,0.088,0.503,0.642,0.149,0.065,0.324,0.094,0.201,0.58,0.35,0.271,0.942,0.831,0.499,0.908,0.772,0.562,0.31,0.012,0.143,0.076,0.697,0.398,0.555,0.225,0.608,0.722,0.374,0.717,0.767,0.827,0.401,0.712,0.088,0.886,0.224,0.232,0.328,0.282,0.001,0.113,0.621,0.56,0.599,0.563,0.116,0.734,0.212,0.747,0.462,0.433
88,0.159,0.459,0.476,0.894,0.553,0.236,0.657,0.961,0.25,0.8,0.156,0.769,0.615,0.323,0.657,0.208,0.024,0.24,0.996,0.895,0.03,0.954,0.173,0.845,0.084,0.196,0.4,0.115,0.549,0.361,0.778,0.058,0.621,0.722,0.01,0.969,0.034,0.916,0.161,0.426,0.763,0.114,0.194,0.464,0.515,0.758,0.288,0.484,0.783,0.435,0.504,0.988,0.755,0.214,0.237,0.892,0.541,0.446,0.366,0.408,0.419,0.781,0.353,0.087
90,0.601,0.593,0.751,0.898,0.901,0.724,0.018,0.191,0.652,0.27,0.535,0.512,0.249,0.021,0.8,0.804,0.799,0.036,0.165,0.819,0.43,0.117,0.344,0.914,0.866,0.912,0.039,0.985,0.696,0.858,0.185,0.402,0.876,0.986,0.656,0.021,0.935,0.511,0.638,0.384,0.914,0.651,0.562,0.644,0.819,0.686,0.391,0.298,0.182,0.743,0.146,0.488,0.05,0.155,0.626,0.39,0.34,0.081,0.677,0.473,0.428,0.158,0.973,0.996
92,0.445,0.674,0.38,0.798,0.076,0.592,0.948,0.954,0.662,0.33,0.26,0.129,0.894,0.309,0.32,0.883,0.809,0.886,0.635,0.346,0.229,0.912,0.727,0.541,0.612,0.012,0.653,0.654,0.947,0.435,0.718,0.527,0.471,0.772,0.366,0.958,0.322,0.059,0.247,0.397,0.017,0.293,0.863,0.425,0.348,0.58,0.123,0.762,0.777,0.69,0.94,0.232,0.982,0.365,0.395,0.181,0.89,0.863,0.814,0.77,0.53,0.426,0.462,0.635
94,0.363,0.689,0.284,0.998,0.907,0.877,0.382,0.997,0.66,0.746,0.751,0.863,0.601,0.172,0.451,0.882,0.097,0.306,0.128,0.929,0.093,0.807,0.917,0.138,0.864,0.622,0.742,0.684,0.741,0.703,0.294,0.413,0.545,0.706,0.586,0.841,0.347,0.918,0.756,0.142,0.923,0.645,0.379,0.819,0.545,0.509,0.459,0.115,0.366,0.985,0.86,0.173,0.498,0.2,0.329,0.832,0.14,0.691,0.288,0.624,0.778,0.012,0.295,0.721
96,0.797,0.175,0.963,0.231,0.303,0.849,0.927,0.816,0.295,0.907,0.932,0.765,0.42,0.17,0.704,0.068,0.89,0.833,0.89,0.73,0.513,0.342,0.777,0.064,0.374,0.064,0.753,0.18,0.896,0.455,0.753,0.44,0.101,0.154,0.095,0.082,0.355,0.686,0.875,0.568,0.993,0.776,0.076,0.437,0.922,0.364,0.614,0.006,0.938,0.508,0.837,0.338,0.821,0.365,0.875,0.952,0.484,0.398,0.729,0.414,0.946,0.234,0.371,0.785
98,0.269,0.094,0.074,0.39,0.7,0.211,0.233,0.899,0.488,0.015,0.385,0.399,0.788,0.317,0.437,0.946,0.859,0.612,0.141,0.216,0.252,0.648,0.103,0.971,0.677,0.343,0.403,0.233,0.622,0.071,0.818,0.201,0.672,0.835,0.39,0.023,0.512,0.453,0.529,0.326,0.716,0.984,0.347,0.046,0.936,0.585,0.691,0.067,0.431,0.791,0.062,0.206,0.775,0.679,0.736,0.646,0.314,0.499,0.573,0.404,0.648,0.709,0.098,0.383
100,0.389,0.056,0.857,0.209,0.932,0.952,0.017,0.722,0.86,0.169,0.924,0.422,0.01,0.142,0.064,0.212,0.939,0.073,0.438,0.52,0.521,0.764,0.427,0.105,0.46,0.519,0.29,0.439,0.992,0.688,0.518,0.664,0.248,0.729,0.277,0.457,0.765,0.878,0.386,0.665,0.332,0.18,0.415,0.782,0.212,0.901,0.14,0.85,0.626,0.827,0.081,0.048,0.269,0.836,0.633,0.956,0.192,0.764,0.813,0.942,0.07,0.346,0.96,0.18
102,0.572,0.676,0.76,0.117,0.49,0.787,0.876,0.377,0.004,0.505,0.48,0.839,0.649,0.985,0.064,0.795,0.429,0.747,0.403,0.041,0.917,0.292,0.425,0.718,0.378,0.469,0.646,0.004,0.114,0.502,0.38,0.316,0.225,0.495,0.898,0.631,0.192,0.814,0.531,0.446,0.499,0.269,0.574,0.476,0.475,0.226,0.397,0.935,0.696,0.917,0.338,0.301,0.589,0.204,0.276,0.923,0.782,0.924,0.387,0.508,0.963,0.148,0.182,0.911
104,0.57,0.519,0.667,0.196,0.463,0.453,0.836,0.985,0.784,0.079,0.124,0.038,0.938,0.666,0.347,0.3,0.087,0.385,0.511,0.673,0.841,0.168,0.831,0.948,0.031,0.882,0.717,0.343,0.561,0.535,0.858,0.772,0.423,0.586,0.846,0.024,0.201,0.651,0.417,0.726,0.62,0.044,0.936,0.426,0.558,0.47,0.713,0.456,0.145,0.59,0.613,0.174,0.878,0.642,0.12,0.175,0.28,0.751,0.612,0.574,0.129,0.21,0.084,0.729
106,0.498,0.887,0.768,0.802,0.172,0.684,0.0,0.93,0.256,0.772,0.512,0.144,0.966,0.649,0.952,0.6,0.971,0.001,0.479,0.963,0.984,0.076,0.084,0.083,0.139,0.758,0.055,0.702,0.323,0.26,0.061,0.917,0.504,0.428,0.732,0.995,0.742,0.163,0.59,0.265,0.098,0.828,0.088,0.574,0.014,0.865,0.565,0.849,0.772,0.999,0.001,0.506,0.346,0.094,0.945,0.573,0.902,0.707,0.5,0.893,0.603,0.558,0.126,0.575
108,0.651,0.923,0.426,0.817,0.216,0.109,0.087,0.103,0.713,0.578,0.847,0.031,0.24,0.829,0.001,0.385,0.112,0.638,0.332,0.182,0.555,0.066,0.593,0.827,0.562,0.233,0.714,0.11,0.167,0.002,0.141,0.078,0.628,0.474,0.71,0.013,0.257,0.93,0.656,0.392,0.496,0.723,0.59,0.552,0.761,0.734,0.694,0.352,0.011,0.521,0.871,0.014,0.481,0.931,0.617,0.791,0.842,0.772,0.14,0.318,0.09,0.813,0.273,0.917
110,0.718,0.564,0.435,0.526,0.127,0.178,0.483,0.707,0.556,0.082,0.843,0.006,0.42,0.014,0.304,0.028,0.485,0.112,0.88,0.851,0.37,0.44,0.965,0.409,0.673,0.48,0.303,0.754,0.237,0.715,0.839,0.657,0.661,0.24,0.095,0.112,0.203,0.48,0.321,0.925,0.067,0.869,0.647,0.624,0.655,0.174,0.05,0.199,0.094,0.939,0.672,0.174,0.335,0.202,0.421,0.266,0.132,0.679,0.998,0.974,0.667,0.02,0.969,0.802
112,0.057,0.355,0.743,0.289,0.769,0.427,0.434,0.69,0.356,0.529,0.943,0.949,0.001,0.725,0.734,0.082,0.985,0.949,0.717,0.469,0.022,0.288,0.814,0.323,0.657,0.572,0.775,0.695,0.096,0.679,0.547,0.846,0.798,0.011,0.123,0.37,0.14,0.761,0.101,0.204,0.835,0.238,0.832,0.479,0.762,0.883,0.292,0.739,0.454,0.652,0.226,0.912,0.855,0.79,0.516,0.346,0.025,0.817,0.054,0.539,0.497,0.186,0.733,0.466
114,0.949,0.737,0.293,0.725,0.687,0.333,0.254,0.27,0.528,0.831,0.136,0.631,0.348,0.06,0.915,0.124,0.047,0.457,0.809,0.208,0.269,0.198,0.983,0.719,0.982,0.809,0.525,0.561,0.976,0.139,0.501,0.025,0.269,0.653,0.058,0.673,0.177,0.761,0.195,0.429,0.368,0.151,0.263,0.317,0.205,0.328,0.182,0.514,0.755,0.843,0.238,0.586,0.24,0.419,0.17,0.856,0.215,0.782,0.25,0.07,0.316,0.132,0.857,0.973
116,0.899,0.117,0.195,0.314,0.183,0.499,0.361,0.169,0.125,0.261,0.911,0.346,0.542,0.975,0.757,0.75,0.914,0.39,0.494,0.11,0.546,0.7,0.89,0.139,0.046,0.193,0.001,0.208,0.112,0.717,0.815,0.502,0.465,0.366,0.578,0.824,0.771,0.896,0.91,0.553,0.457,0.371,0.73,0.861,0.02,0.489,0.939,0.112,0.497,0.237,0.057,0.216,0.777,0.543,0.281,0.12,0.523,0.132,0.431,0.767,0.221,0.413,0.289,0.407
118,0.168,0.709,0.625,0.275,0.143,0.275,0.059,0.459,0.94,0.425,0.985,0.728,0.349,0.739,0.949,0.21,0.295,0.438,0.194,0.71,0.874,0.866,0.672,0.549,0.532,0.076,0.413,0.436,0.876,0.832,0.528,0.42,0.233,0.365,0.313,0.376,0.56,0.317,0.657,0.013,0.005,0.216,0.304,0.908,0.785,0.81,0.924,0.291,0.634,0.303,0.347,0.903,0.292,0.795,0.278,0.284,0.118,0.924,0.191,0.084,0.716,0.797,0.84,0.318
120,0.526,0.794,0.593,0.583,0.712,0.964,0.196,0.163,0.446,0.527,0.365,0.351,0.809,0.467,0.721,0.563,0.742,0.356,0.716,0.172,0.17,0.165,0.707,0.232,0.204,0.894,0.153,0.851,0.932,0.058,0.61,0.045,0.702,0.763,0.812,0.217,0.413,0.671,0.531,0.287,0.156,0.316,0.643,0.704,0.821,0.884,0.214,0.767,0.448,0.303,0.376,0.364,0.593,0.126,0.501,0.134,0.738,0.974,0.505,0.387,0.059,0.568,0.332,0.63
122,0.69,0.68,0.893,0.173,0.088,0.609,0.233,0.48,0.549,0.415,0.483,0.997,0.443,0.657,0.19,0.787,0.2,0.487,0.54,0.134,0.55,0.227,0.279,0.491,0.709,0.53,0.536,0.936,0.324,0.828,0.946,0.618,0.563,0.092,0.402,0.48,0.896,0.36,0.826,0.728,0.165,0.312,0.763,0.755,0.216,0.31,0.072,0.611,0.167,0.302,0.416,0.162,0.376,0.453,0.465,0.743,0.066,0.592,0.986,0.221,0.874,0.314,0.381,0.947
124,0.608,0.556,0.906,0.777,0.456,0.21,0.155,0.497,0.159,0.591,0.64,0.059,0.868,0.553,0.14,0.603,0.025,0.933,0.23,0.308,0.109,0.742,0.026,0.328,0.247,0.831,0.26,0.216,0.204,0.448,0.291,0.576,0.234,0.898,0.575,0.977,0.077,0.057,0.064,0.595,0.285,0.829,0.352,0.2,0.386,0.051,0.132,0.954,0.076,0.749,0.896,0.322,0.695,0.71,0.809,0.085,0.134,0.186,0.864,0.412,0.79,0.89,0.404,0.787
126,0.24,0.74,0.852,0.604,0.534,0.294,0.986,0.583,0.315,0.312,0.099,0.577,0.476,0.979,0.129,0.669,0.047,0.763,0.881,0.541,0.919,0.654,0.558,0.567,0.323,0.636,0.429,0.942,0.426,0.423,0.32,0.809,0.493,0.821,0.123,0.621,0.92,0.046,0.361,0.516,0.504,0.276,0.562,0.493,0.488,0.928,0.499,0.655,0.432,0.215,0.794,0.474,0.343,0.644,0.781,0.879,0.065,0.519,0.915,0.98,0.134,0.964,0.654,0.919
128,0.179,0.298,0.802,0.114,0.429,0.515,0.059,0.775,0.535,0.517,0.994,0.651,0.291,0.132,0.716,0.925,0.035,0.114,0.141,0.299,0.582,0.73,0.529,0.152,0.421,0.672,0.034,0.054,0.179,0.168,0.873,0.601,0.924,0.885,0.218,0.103,0.302,0.546,0.805,0.745,0.256,0.164,0.022,0.915,0.504,0.622,0.617,0.975,0.889,0.33,0.603,0.424,0.604,0.291,0.825,0.807,0.746,0.511,0.65,0.062,0.941,0.012,0.403,0.543
130,0.031,0.628,0.333,0.653,0.628,0.744,0.467,0.795,0.719,0.11,0.425,0.197,0.839,0.007,0.37,0.733,0.639,0.462,0.438,0.679,0.793,0.437,0.699,0.4,0.956,0.993,0.046,0.287,0.699,0.637,0.765,0.438,0.695,0.307,0.134,0.151,0.042,0.185,0.231,0.803,0.226,0.428,0.257,0.74,0.625,0.844,0.443,0.974,0.801,0.427,0.061,0.731,0.058,0.078,0.331,0.355,0.656,0.006,0.015,0.584,0.154,0.57,0.768,0.542
132,0.223,0.851,0.839,0.528,0.302,0.134,0.644,0.107,0.626,0.577,0.857,0.427,0.065,0.731,0.483,0.529,0.481,0.557,0.894,0.833,0.526,0.23,0.06,0.378,0.135,0.666,0.141,0.226,0.804,0.969,0.422,0.289,0.976,0.798,0.975,0.118,0.169,0.227,0.844,0.154,0.457,0.454,0.097,0.215,0.745,0.386,0.651,0.447,0.908,0.662,0.53,0.708,0.479,0.51,0.399,0.117,0.518,0.787,0.954,0.161,0.424,0.426,0.247,0.113
134,0.75,0.011,0.427,0.031,0.799,0.015,0.448,0.818,0.492,0.543,0.638,0.051,0.396,0.115,0.595,0.269,0.279,0.366,0.685,0.194,0.647,0.777,0.393,0.033,0.515,0.041,0.622,0.145,0.426,0.033,0.46,0.927,0.674,0.292,0.369,0.273,0.151,0.566,0.89,0.639,0.65,0.915,0.415,0.114,0.991,0.828,0.305,0.832,0.036,0.421,0.993,0.081,0.889,0.775,0.891,0.653,0.974,0.716,0.951,0.491,0.353,0.904,0.191,0.114
136,0.662,0.827,0.032,0.794,0.859,0.844,0.15,0.048,0.977,0.31,0.016,0.494,0.629,0.969,0.204,0.019,0.576,0.371,0.783,0.617,0.49,0.684,0.908,0.288,0.96,0.245,0.642,0.025,0.571,0.556,0.842,0.709,0.593,0.527,0.387,0.608,0.856,0.56,0.637,0.206,0.815,0.825,0.99,0.069,0.405,0.527,0.761,0.786,0.155,0.447,0.44,0.689,0.72,0.958,0.599,0.803,0.18,0.315,0.992,0.242,0.367,0.564,0.864,0.026
138,0.8,0.011,0.857,0.421,0.068,0.049,0.77,0.084,0.35,0.023,0.25,0.659,0.755,0.05,0.312,0.397,0.078,0.669,0.873,0.497,0.642,0.845,0.33,0.232,0.348,0.816,0.777,0.917,0.285,0.48,0.704,0.846,0.198,0.469,0.072,0.457,0.332,0.951,0.536,0.18,0.296,0.373,0.054,0.141,0.219,0.716,0.558,0.159,0.67,0.742,0.193,0.591,0.414,0.154,0.792,0.567,0.585,0.39,0.077,0.425,0.555,0.592,0.793,0.719
140,0.087,0.056,0.458,0.912,0.605,0.47,0.816,0.985,0.49,0.495,0.186,0.31,0.346,0.714,0.801,0.277,0.776,0.441,0.268,0.661,0.012,0.259,0.108,0.061,0.992,0.865,0.589,0.992,0.559,0.558,0.827,0.957,0.547,0.032,0.078,0.619,0.859,0.812,0.205,0.692,0.109,0.646,0.701,0.473,0.325,0.912,0.594,0.319,0.812,0.705,0.283,0.373,0.899,0.93,0.319,0.082,0.986,0.281,0.602,0.311,0.788,0.854,0.727,0.338
142,0.001,0.169,0.637,0.147,0.443,0.096,0.554,0.798,0.967,0.544,0.679,0.78,0.307,0.238,0.465,0.56,0.167,0.482,0.23,0.611,0.959,0.165,0.824,0.869,0.685,0.627,0.189,0.139,0.176,0.914,0.399,0.787,0.634,0.32,0.479,0.609,0.358,0.356,0.675,0.403,0.491,0.967,0.188,0.6,0.597,0.188,0.559,0.823,0.345,0.85,0.47,0.54,0.826,0.446,0.167,0.756,0.402,0.206,0.467,0.906,0.964,0.418,0.997,0.366
144,0.174,0.078,0.613,0.402,0.006,0.288,0.087,0.142,0.873,0.772,0.671,0.259,0.426,0.681,0.749,0.413,0.171,0.105,0.542,0.234,0.9,0.646,0.475,0.58,0.369,0.622,0.748,0.162,0.455,0.264,0.008,0.224,0.381,0.763,0.552,0.461,0.885,0.958,0.636,0.127,0.594,0.608,0.251,0.225,0.877,0.309,0.262,0.203,0.443,0.151,0.254,0.97,0.379,0.197,0.692,0.365,0.49,0.19,0.116,0.459,0.953,0.715,0.478,0.496
146,0.325,0.754,0.363,0.143,0.259,0.749,0.121,0.841,0.138,0.992,0.196,0.94,0.141,0.736,0.25,0.712,0.973,0.019,0.662,0.91,0.707,0.16,0.861,0.771,0.106,0.256,0.422,0.257,0.392,0.037,0.727,0.096,0.441,0.026,0.767,0.084,0.817,0.662,0.197,0.592,0.557,0.091,0.764,0.731,0.68,0.898,0.96,0.12,0.834,0.428,0.002,0.777,0.76,0.027,0.269,0.84,0.643,0.851,0.144,0.465,0.941,0.159,0.109,0.27
148,0.716,0.993,0.05,0.108,0.073,0.432,0.402,0.274,0.895,0.869,0.651,0.824,0.189,0.694,0.936,0.41,0.618,0.094,0.711,0.648,0.085,0.31,0.363,0.314,0.46,0.504,0.489,0.568,0.856,0.13,0.178,0.802,0.028,0.54,0.718,0.021,0.653,0.589,0.959,0.169,0.606,0.787,0.905,0.177,0.923,0.244,0.858,0.833,0.557,0.603,0.069,0.482,0.981,0.654,0.676,0.2,0.543,0.517,0.117,0.482,0.845,0.156,0.004,0.679
150,0.761,0.657,0.45,0.108,0.536,0.387,0.768,0.486,0.141,0.511,0.772,0.636,0.849,0.702,0.307,0.856,0.942,0.016,0.362,0.079,0.96,0.76,0.507,0.413,0.622,0.897,0.561,0.627,0.07,0.033,0.835,0.776,0.754,0.12,0.038,0.337,0.2,0.335,0.115,0.41,0.261,0.384,0.687,0.918,0.747,0.447,0.631,0.371,0.168,0.102,0.593,0.271,0.477,0.4,0.717,0.322,0.74,0.568,0.413,0.562,0.859,0.06,0.877,0.131
152,0.032,0.507,0.453,0.153,0.836,0.363,0.105,0.017,0.784,0.109,0.987,0.11,0.029,0.23,0.918,0.46,0.316,0.227,0.295,0.719,0.906,0.293,0.224,0.442,0.949,0.628,0.109,0.814,0.606,0.188,0.767,0.717,0.232,0.727,0.876,0.709,0.474,0.288,0.756,0.556,0.804,0.598,0.095,0.103,0.205,0.507,0.515,0.294,0.845,0.087,0.027,0.182,0.031,0.061,0.883,0.532,0.813,0.639,0.628,0.632,0.447,0.368,0.771,0.481
154,0.055,0.836,0.941,0.233,0.262,0.729,0.226,0.526,0.306,0.769,0.097,0.068,0.424,0.853,0.562,0.683,0.524,0.937,0.907,0.48,0.434,0.585,0.498,0.112,0.276,0.575,0.407,0.96,0.089,0.525,0.661,0.912,0.984,0.213,0.25,0.094,0.206,0.08,0.157,0.442,0.079,0.914,0.788,0.533,0.183,0.523,0.497,0.752,0.133,0.221,0.92,0.194,0.005,0.779,0.375,0.071,0.192,0.624,0.046,0.775,0.771,0.364,0.9,0.992
156,0.761,0.184,0.562,0.846,0.766,0.018,0.672,0.776,0.785,0.085,0.707,0.889,0.385,0.792,0.585,0.585,0.118,0.78,0.664,0.072,0.337,0.26,0.424,0.874,0.429,0.45,0.395,0.566,0.629,0.297,0.627,0.67,0.366,0.814,0.807,0.033,0.448,0.525,0.946,0.227,0.925,0.134,0.333,0.598,0.524,0.761,0.876,0.387,0.946,0.233,0.118,0.659,0.832,0.245,0.696,0.277,0.977,0.643,0.314,0.164,0.733,0.062,0.679,0.128
158,0.317,0.296,0.6,0.997,0.726,0.503,0.495,0.376,0.544,0.869,0.19,0.088,0.985,0.423,0.772,0.273,0.774,0.287,0.006,0.476,0.47,0.034,0.186,0.444,0.804,0.183,0.526,0.012,0.979,0.564,0.395,0.759,0.687,0.923,0.343,0.607,0.201,0.628,0.831,0.682,0.599,0.108,0.573,0.691,0.936,0.637,0.307,0.893,0.647,0.464,0.651,0.834,0.041,0.647,0.297,0.548,0.199,0.614,0.263,0.108,0.559,0.215,0.176,0.402
160,0.8,0.659,0.506,0.979,0.756,0.684,0.875,0.885,0.465,0.96,0.51,0.685,0.217,0.147,0.039,0.993,0.58,0.901,0.235,0.898,0.011,0.286,0.708,0.929,0.748,0.348,0.346,0.962,0.624,0.495,0.201,0.96,0.537,0.224,0.904,0.609,0.065,0.03,0.54,0.858,0.089,0.658,0.253,0.263,0.814,0.31,0.549,0.889,0.19,0.687,0.698,0.495,0.539,0.765,0.386,0.56,0.513,0.643,0.047,0.166,0.444,0.758,0.498,0.347
162,0.95,0.367,0.425,0.345,0.623,0.281,0.51,0.947,0.418,0.806,0.656,0.92,0.967,0.67,0.835,0.901,0.051,0.327,0.315,0.357,0.087,0.332,0.02,0.569,0.034,0.771,0.584,0.962,0.72,0.782,0.08,0.75,0.956,0.319,0.515,0.182,0.807,0.008,0.378,0.883,0.853,0.151,0.063,0.743,0.461,0.434,0.59,0.85,0.764,0.433,0.311,0.42,0.291,0.585,0.104,0.126,0.734,0.216,0.013,0.786,0.609,0.798,0.015,0.002
164,0.65,0.288,0.655,0.83,0.772,0.34,0.701,0.675,0.05,0.509,0.214,0.574,0.248,0.043,0.024,0.296,0.089,0.416,0.079,0.435,0.786,0.702,0.559,0.502,0.09,0.621,0.422,0.374,0.14,0.644,0.667,0.128,0.044,0.722,0.145,0.416,0.526,0.042,0.278,0.089,0.504,0.694,0.737,0.182,0.469,0.068,0.192,0.526,0.577,0.156,0.799,0.11,0.059,0.587,0.291,0.269,0.99,0.786,0.633,0.41,0.432,0.472,0.685,0.441
166,0.604,0.115,0.61,0.777,0.08,0.19,0.122,0.613,0.035,0.294,0.932,0.93,0.172,0.568,0.073,0.192,0.459,0.828,0.329,0.101,0.478,0.036,0.65,0.2,0.503,0.914,0.772,0.467,0.292,0.221,0.121,0.092,0.632,0.028,0.832,0.357,0.865,0.205,0.472,0.405,0.621,0.704,0.156,0.352,0.842,0.196,0.257,0.317,0.014,0.752,0.761,0.849,0.741,0.907,0.214,0.374,0.761,0.456,0.565,0.323,0.188,0.773,0.836,0.666
168,0.569,0.38,0.196,0.115,0.714,0.013,0.852,0.137,0.065,0.754,0.736,0.724,0.153,0.371,0.491,0.507,0.114,0.179,0.325,0.296,0.706,0.887,0.411,0.612,0.625,0.321,0.24,0.217,0.921,0.474,0.365,0.854,0.985,0.69,0.666,0.203,0.331,0.414,0.563,0.437,0.681,0.673,0.331,0.445,0.088,0.222,0.585,0.398,0.517,0.071,0.261,0.422,0.311,0.206,0.042,0.527,0.519,0.454,0.727,0.447,0.914,0.221,0.488,0.82
170,0.522,0.444,0.363,0.64,0.242,0.907,0.401,0.904,0.354,0.573,0.468,0.424,0.873,0.262,0.169,0.824,0.861,0.915,0.886,0.855,0.987,0.056,0.574,0.505,0.599,0.496,0.915,0.033,0.757,0.924,0.547,0.365,0.901,0.152,0.148,0.553,0.715,0.489,0.027,0.962,0.734,0.146,0.781,0.1,0.045,0.208,0.389,0.165,0.221,0.396,0.565,0.015,0.38,0.539,0.619,0.161,0.152,0.552,0.725,0.98,0.918,0.832,0.468,0.999
172,0.08,0.326,0.692,0.15,0.341,0.49,0.701,0.779,0.826,0.975,0.27,0.605,0.166,0.165,0.83,0.143,0.443,0.55,0.551,0.485,0.498,0.786,0.666,0.785,0.902,0.519,0.724,0.926,0.447,0.647,0.383,0.086,0.81,0.327,0.121,0.771,0.8,0.604,0.825,0.234,0.839,0.499,0.903,0.396,0.737,0.751,0.352,0.133,0.374,0.766,0.351,0.643,0.919,0.123,0.126,0.491,0.137,0.663,0.868,0.663,0.67,0.51,0.319,0.357
174,0.872,0.518,0.727,0.314,0.159,0.287,0.198,0.662,0.178,0.584,0.325,0.705,0.457,0.822,0.012,0.747,0.603,0.17,0.484,0.368,0.907,0.522,0.461,0.357,0.906,0.619,0.584,0.615,0.236,0.401,0.167,0.577,0.4,0.742,0.282,0.305,0.831,0.261,0.133,0.35,0.826,0.675,0.751,0.694,0.669,0.827,0.386,0.397,0.01,0.23,0.832,0.836,0.732,0.906,0.766,0.316,0.299,0.074,0.103,0.828,0.265,0.106,0.671,0.731
176,0.533,0.83,0.528,0.408,0.797,0.163,0.319,0.415,0.286,0.093,0.546,0.282,0.546,0.749,0.461,0.693,0.846,0.07,0.569,0.176,0.802,0.228,0.506,0.471,0.622,0.599,0.057,0.257,0.31,0.736,0.634,0.485,0.755,0.24,0.449,0.797,0.956,0.988,0.561,0.895,0.852,0.4,0.957,0.99,0.711,0.425,0.387,0.929,0.539,0.234,0.304,0.85,0.567,0.461,0.496,0.064,0.578,0.53,0.414,0.087,0.337,0.181,0.928,0.69
178,0.811,0.332,0.042,0.569,0.205,0.105,0.564,0.338,0.236,0.781,0.926,0.774,0.649,0.5,0.302,0.717,0.641,0.037,0.805,0.196,0.313,0.059,0.994,0.701,0.44,0.677,0.768,0.917,0.908,0.567,0.218,0.57,0.543,0.185,0.45,0.922,0.517,0.797,0.152,0.609,0.396,0.028,0.837,0.302,0.872,0.292,0.217,0.273,0.756,0.241,0.536,0.376,0.932,0.422,0.973,0.401,0.026,0.228,0.748,0.291,0.434,0.349,0.656,0.833
180,0.192,0.734,0.824,0.934,0.767,0.427,0.252,0.442,0.839,0.104,0.201,0.636,0.249,0.486,0.042,0.36,0.065,0.529,0.158,0.228,0.96,0.452,0.803,0.967,0.813,0.05,0.004,0.469,0.247,0.653,0.469,0.763,0.517,0.096,0.866,0.822,0.052,0.273,0.435,0.103,0.341,0.071,0.971,0.9,0.93,0.994,0.665,0.774,0.738,0.935,0.466,0.313,0.297,0.037,0.232,0.208,0.617,0.235,0.959,0.982,0.785,0.588,0.928,0.526
182,0.901,0.86,0.831,0.683,0.285,0.891,0.562,0.509,0.311,0.188,0.953,0.254,0.928,0.408,0.954,0.15,0.227,0.888,0.693,0.775,0.515,0.532,0.611,0.276,0.504,0.423,0.414,0.036,0.949,0.454,0.23,0.248,0.497,0.669,0.828,0.828,0.341,0.282,0.782,0.487,0.167,0.859,0.75,0.93,0.332,0.076,0.326,0.19,0.667,0.073,0.089,0.914,0.514,0.365,0.855,0.247,0.077,0.431,0.631,0.877,0.435,0.935,0.963,0.68
184,0.143,0.182,0.233,0.8,0.158,0.777,0.623,0.362,0.115,0.148,0.781,0.68,0.693,0.126,0.434,0.906,0.696,0.349,0.487,0.503,0.375,0.092,0.721,0.836,0.156,0.4,0.695,0.888,0.192,0.368,0.991,0.894,0.576,0.272,0.697,0.231,0.283,0.131,0.348,0.52,0.399,0.198,0.412,0.953,0.087,0.692,0.058,0.343,0.546,0.46,0.854,0.95,0.178,0.045,0.137,0.871,0.008,0.837,0.324,0.896,0.241,0.703,0.2,0.337
186,0.716,0.567,0.742,0.514,0.101,0.791,0.362,0.371,0.77,0.384,0.355,0.997,0.95,0.194,0.61,0.721,0.978,0.946,0.764,0.74,0.928,0.014,0.874,0.673,0.16,0.882,0.216,0.778,0.823,0.852,0.174,0.195,0.042,0.159,0.874,0.714,0.496,0.433,0.252,0.879,0.028,0.235,0.92,0.712,0.987,0.546,0.385,0.389,0.008,0.706,0.139,0.618,0.309,0.123,0.884,0.158,0.646,0.101,0.454,0.274,0.64,0.257,0.617,0.196
188,0.718,0.561,0.321,0.62,0.154,0.906,0.381,0.414,0.221,0.877,0.234,0.902,0.509,0.683,0.67,0.007,0.019,0.795,0.651,0.293,0.248,0.659,0.417,0.428,0.182,0.624,0.976,0.399,0.16,0.315,0.919,0.593,0.494,0.046,0.698,0.914,0.925,0.846,0.185,0.312,0.307,0.596,0.48,0.388,0.573,0.921,0.922,0.732,0.825,0.014,0.79,0.023,0.629,0.953,0.682,0.818,0.85,0.91,0.072,0.764,0.372,0.095,0.834,0.429
190,0.959,0.304,0.255,0.692,0.481,0.752,0.393,0.267,0.792,0.505,0.569,0.211,0.003,0.611,0.476,0.813,0.685,0.34,0.356,0.9,0.321,0.364,0.843,0.439,0.415,0.544,0.427,0.126,0.887,0.078,0.957,0.392,0.18,0.418,0.898,0.481,0.941,0.739,0.62,0.011,0.608,0.773,0.675,0.019,0.432,0.522,0.396,0.371,0.852,0.409,0.889,0.493,0.446,0.386,0.41,0.672,0.436,0.089,0.279,0.991,0.405,0.735,0.919,0.004
192,0.826,0.407,0.368,0.545,0.704,0.649,0.091,0.378,0.047,0.562,0.049,0.821,0.185,0.911,0.779,0.477,0.071,0.531,0.647,0.606,0.483,0.991,0.548,0.816,0.189,0.28,0.482,0.965,0.777,0.094,0.912,0.183,0.734,0.427,0.387,0.325,0.862,0.871,0.977,0.212,0.899,0.567,0.706,0.385,0.729,0.063,0.858,0.842,0.883,0.525,0.475,0.472,0.372,0.835,0.047,0.189,0.308,0.407,0.426,0.275,0.517,0.909,0.222,0.502
194,0.174,0.768,0.532,0.37,0.513,0.45,0.505,0.908,0.76,0.344,0.946,0.435,0.866,0.619,0.898,0.77,0.855,0.457,0.703,0.849,0.17,0.646,0.032,0.056,0.93,0.29,0.194,0.974,0.783,0.771,0.128,0.438,0.631,0.785,0.378,0.241,0.41,0.981,0.888,0.235,0.556,0.848,0.102,0.253,0.611,0.52,0.389,0.411,0.177,0.328,0.806,0.579,0.127,0.578,0.921,0.249,0.993,0.894,0.323,0.7,0.01,0.333,0.911,0.566
196,0.749,0.693,0.041,0.248,0.352,0.778,0.544,0.578,0.012,0.858,0.651,0.171,0.747,0.537,0.209,0.628,0.715,0.165,0.743,0.165,0.855,0.77,0.488,0.503,0.887,0.867,0.466,0.03,0.71,0.65,0.599,0.271,0.735,0.01,0.036,0.382,0.833,0.079,0.507,0.088,0.36,0.643,0.989,0.275,0.388,0.175,0.938,0.329,0.018,0.071,0.017,0.245,0.057,0.664,0.048,0.689,0.977,0.989,0.849,0.679,0.384,0.095,0.629,0.652
198,0.889,0.011,0.813,0.53,0.983,0.553,0.149,0.798,0.592,0.626,0.392,0.459,0.606,0.094,0.612,0.156,0.314,0.772,0.398,0.835,0.742,0.293,0.878,0.844,0.612,0.632,0.495,0.875,0.889,0.027,0.559,0.368,0.428,0.589,0.433,0.746,0.539,0.632,0.182,0.43,0.423,0.585,0.028,0.593,0.988,0.031,0.863,0.893,0.217,0.758,0.558,0.15,0.802,0.573,0.235,0.094,0.011,0.126,0.949,0.73,0.599,0.617,0.75,0.738
200,0.151,0.416,0.906,0.628,0.836,0.077,0.634,0.141,0.111,0.561,0.649,0.893,0.924,0.492,0.807,0.199,0.563,0.63,0.143,0.097,0.512,0.275,0.052,0.195,0.753,0.671,0.012,0.43,0.445,0.152,0.697,0.56,0.112,0.215,0.999,0.94,0.139,0.083,0.696,0.226,0.134,0.074,0.01,0.132,0.071,0.437,0.336,0.683,0.194,0.63,0.4,0.498,0.711,0.966,0.303,0.391,0.188,0.679,0.758,0.752,0.792,0.199,0.834,0.627
202,0.106,0.325,0.51,0.435,0.725,0.634,0.984,0.398,0.624,0.665,0.805,0.178,0.317,0.755,0.913,0.363,0.495,0.278,0.427,0.148,0.821,0.231,0.489,0.046,0.646,0.378,0.36,0.304,0.908,0.308,0.136,0.887,0.789,0.206,0.719,0.406,0.692,0.012,0.11,0.843,0.993,0.27,0.509,0.059,0.303,0.214,0.263,0.545,0.278,0.55,0.09,0.513,0.383,0.168,0.138,0.564,0.269,0.692,0.048,0.895,0.726,0.239,0.861,0.514
204,0.408,0.849,0.081,0.221,0.532,0.358,0.973,0.851,0.422,0.263,0.234,0.008,0.64,0.84,0.374,0.659,0.043,0.991,0.026,0.144,0.674,0.381,0.396,0.718,0.008,0.158,0.313,0.505,0.762,0.792,0.498,0.315,0.448,0.7,0.132,0.739,0.74,0.504,0.729,0.564,0.934,0.48,0.429,0.469,0.606,0.882,0.607,0.227,0.003,0.338,0.821,0.068,0.652,0.731,0.657,0.58,0.236,0.377,0.319,0.157,0.139,0.68,0.765,0.571
206,0.231,0.713,0.27,0.569,0.339,0.603,0.198,0.873,0.095,0.256,0.388,0.923,0.534,0.212,0.166,0.548,0.75,0.965,0.319,0.383,0.935,0.798,0.169,0.351,0.87,0.037,0.916,0.788,0.53,0.157,0.576,0.561,0.693,0.791,0.178,0.602,0.529,0.04,0.438,0.274,0.593,0.465,0.315,0.046,0.972,0.182,0.133,0.571,0.857,0.445,0.778,0.632,0.824,0.862,0.381,0.533,0.954,0.573,0.715,0.668,0.898,0.32,0.505,0.98
208,0.364,0.505,0.659,0.962,0.304,0.972,0.656,0.234,0.172,0.019,0.645,0.964,0.468,0.965,0.466,0.858,0.974,0.257,0.614,0.973,0.472,0.939,0.468,0.99,0.825,0.033,0.811,0.689,0.585,0.626,0.954,0.165,0.254,0.523,0.835,0.625,0.359,0.006,0.326,0.613,0.836,0.497,0.668,0.674,0.123,0.344,0.153,0.231,0.803,0.459,0.563,0.765,0.755,0.178,0.661,0.47,0.438,0.717,0.935,0.866,0.902,0.755,0.784,0.93
210,0.802,0.199,0.867,0.955,0.079,0.488,0.64,0.462,0.622,0.279,0.654,0.574,0.084,0.525,0.903,0.866,0.809,0.535,0.124,0.915,0.119,0.888,0.551,0.907,0.505,0.035,0.785,0.591,0.613,0.022,0.878,0.183,0.227,0.282,0.598,0.893,0.767,0.738,0.282,0.234,0.93,0.077,0.625,0.122,0.19,0.134,0.81,0.787,0.023,0.964,0.778,0.975,0.711,0.671,0.868,0.907,0.259,0.272,0.891,0.752,0.187,0.22,0.932,0.583
212,0.273,0.123,0.454,0.557,0.574,0.168,0.219,0.55,0.139,0.844,0.801,0.743,0.331,0.216,0.763,0.636,0.343,0.787,0.525,0.849,0.207,0.012,0.666,0.615,0.217,0.152,0.002,0.833,0.144,0.021,0.778,0.086,0.411,0.632,0.509,0.597,0.693,0.149,0.427,0.142,0.148,0.495,0.639,0.089,0.053,0.111,0.668,0.795,0.652,0.849,0.382,0.829,0.784,0.02,0.986,0.57,0.183,0.452,0.112,0.558,0.137,0.386,0.603,0.771
214,0.553,0.289,0.721,0.731,0.745,0.537,0.47,0.744,0.934,0.621,0.072,0.712,0.155,0.375,0.885,0.093,0.336,0.965,0.387,0.391,0.653,0.314,0.636,0.912,0.716,0.281,0.279,0.802,0.225,0.247,0.035,0.227,0.466,0.272,0.696,0.84,0.833,0.567,0.876,0.543,0.663,0.705,0.476,0.077,0.603,0.902,0.347,0.671,0.56,0.318,0.875,0.899,0.57,0.617,0.324,0.175,0.941,0.94,0.708,0.415,0.823,0.253,0.895,0.786
216,0.624,0.928,0.007,0.143,0.621,0.866,0.06,0.663,0.845,0.324,0.29,0.052,0.8,0.569,0.832,0.499,0.293,0.943,0.78,0.636,0.236,0.255,0.606,0.471,0.952,0.889,0.58,0.228,0.889,0.726,0.022,0.49,0.76,0.252,0.534,0.181,0.748,0.55,0.34,0.615,0.002,0.053,0.754,0.649,0.309,0.236,0.129,0.512,0.229,0.171,0.229,0.124,0.275,0.184,0.01,0.249,0.899,0.883,0.683,0.915,0.9,0.744,0.854,0.74
218,0.344,0.696,0.86,0.834,0.242,0.483,0.915,0.08,0.839,0.682,0.253,0.192,0.797,0.802,0.988,0.02,0.094,0.921,0.262,0.08,0.446,0.966,0.697,0.2,0.955,0.997,0.75,0.488,0.397,0.999,0.241,0.618,0.641,0.068,0.235,0.139,0.231,0.853,0.426,0.828,0.831,0.959,0.929,0.602,0.008,0.015,0.936,0.711,0.627,0.366,0.617,0.546,0.106,0.019,0.592,0.486,0.562,0.684,0.35,0.598,0.957,0.329,0.816,0.029
220,0.98,0.004,0.92,0.303,0.933,0.271,0.116,0.767,0.387,0.635,0.738,1.0,0.899,0.96,0.537,0.49,0.112,0.19,0.287,0.503,0.209,0.661,0.021,0.464,0.531,0.956,0.039,0.728,0.969,0.96,0.681,0.059,0.682,0.729,0.508,0.217,0.98,0.201,0.321,0.83,0.83,0.973,0.267,0.179,0.103,0.291,0.239,0.312,0.982,0.999,0.688,0.905,0.247,0.076,0.284,0.317,0.113,0.071,0.904,0.677,0.236,0.29,0.374,0.042
222,0.913,0.548,0.211,0.902,0.051,0.025,0.751,0.584,0.204,0.227,0.999,0.635,0.79,0.627,0.961,0.397,0.749,0.472,0.852,0.847,0.768,0.199,0.295,0.913,0.627,0.907,0.817,0.173,0.191,0.371,0.34,0.815,0.683,0.147,0.939,0.849,0.942,0.721,0.044,0.631,0.617,0.451,0.484,0.556,0.642,0.057,0.677,0.204,0.447,0.2,0.784,0.189,0.127,0.517,0.487,0.562,0.601,0.991,0.815,0.428,0.138,0.208,0.758,0.118
224,0.114,0.791,0.242,0.171,0.025,0.595,0.341,0.763,0.219,0.716,0.11,0.012,0.056,0.743,0.803,0.86,0.134,0.011,0.98,0.688,0.555,0.897,0.597,0.711,0.234,0.812,0.088,0.008,0.588,0.177,0.498,0.422,0.791,0.26,0.125,0.035,0.941,0.868,0.903,0.467,0.713,0.481,0.883,0.228,0.336,0.629,0.407,0.751,0.183,0.299,0.153,0.862,0.807,0.675,0.171,0.102,0.493,0.003,0.686,0.251,0.023,0.368,0.874,0.743
226,0.845,0.543,0.389,0.131,0.489,0.094,0.67,0.778,0.661,0.367,0.803,0.304,0.328,0.089,0.764,0.502,0.393,0.012,0.66,0.768,0.697,0.349,0.243,0.32,0.547,0.94,0.539,0.766,0.484,0.345,0.082,0.939,0.133,0.765,0.816,0.914,0.424,0.384,0.13,0.677,0.976,0.607,0.761,0.275,0.657,0.559,0.091,0.707,0.595,0.748,0.326,0.78,0.794,0.289,0.077,0.04,0.532,0.58,0.554,0.787,0.405,0.374,0.753,0.041
228,0.157,0.575,0.22,0.94,0.538,0.609,0.844,0.357,0.934,0.8,0.153,0.768,0.756,0.881,0.704,0.349,0.96,0.923,0.075,0.722,0.002,0.869,0.493,0.329,0.816,0.23,0.594,0.706,0.102,0.421,0.705,0.651,0.617,0.534,0.832,0.759,0.965,0.07,0.528,0.181,0.725,0.567,0.466,0.122,0.051,0.03,0.674,0.767,0.15,0.289,0.721,0.576,0.018,0.666,0.259,0.021,0.005,0.816,0.096,0.153,0.074,0.955,0.19,0.122
230,0.889,0.462,0.795,0.601,0.85,0.489,0.601,0.685,0.375,0.224,0.953,0.966,0.463,0.445,0.001,0.882,0.949,0.132,0.549,0.239,0.675,0.507,0.443,0.858,0.133,0.723,0.086,0.794,0.191,0.367,0.543,0.458,0.943,0.356,0.326,0.554,0.988,0.375,0.111,0.743,0.045,0.691,0.455,0.618,0.722,0.622,0.154,0.301,0.564,0.821,0.495,0.126,0.759,0.355,0.688,0.1,0.603,0.204,0.601,0.094,0.525,0.832,0.276,0.167
232,0.639,0.185,0.161,0.071,0.531,0.461,0.409,0.962,0.986,0.54,0.066,0.069,0.212,0.281,0.974,0.077,0.995,0.151,0.689,0.347,0.622,0.438,0.901,0.041,0.627,0.475,0.324,0.588,0.325,0.935,0.242,0.097,0.456,0.97,0.832,0.961,0.618,0.577,0.993,0.854,0.632,0.314,0.24,0.812,0.73,0.479,0.424,0.968,0.1,0.376,0.9,0.66,0.945,0.015,0.804,0.075,0.914,0.698,0.004,0.487,0.708,0.077,0.834,0.562
234,0.107,0.747,0.221,0.434,0.114,0.999,0.8,0.517,0.877,0.966,0.405,0.744,0.381,0.007,0.585,0.022,0.211,0.451,0.283,0.649,0.24,0.073,0.033,0.75,0.851,0.202,0.431,0.039,0.98,0.49,0.675,0.842,0.513,0.99,0.337,0.294,0.053,0.539,0.389,0.309,0.765,0.253,0.439,0.647,0.319,0.497,0.141,0.109,0.593,0.756,0.354,0.499,0.587,0.704,0.721,0.49,0.98,0.011,0.762,0.911,0.976,0.169,0.396,0.172
236,0.045,0.384,0.373,0.933,0.363,0.721,0.188,0.119,0.65,0.214,0.718,0.1,0.641,0.717,0.738,0.226,0.933,0.15,0.097,0.543,0.573,0.379,0.857,0.662,0.481,0.387,0.359,0.638,0.748,0.28,0.873,0.825,0.581,0.457,0.407,0.65,0.677,0.669,0.621,0.523,0.655,0.026,0.379,0.342,0.87,0.143,0.41,0.518,0.822,0.871,0.92,0.964,0.329,0.272,0.358,0.979,0.402,0.737,0.751,0.743,0.463,0.429,0.035,0.331
238,0.844,0.571,0.574,0.736,0.796,0.454,0.995,0.943,0.937,0.935,0.102,0.022,0.518,0.943,0.463,0.164,0.566,0.076,0.843,0.812,0.361,0.433,0.231,0.934,0.429,0.711,0.0,0.343,0.426,0.399,0.398,0.512,0.204,0.475,0.176,0.832,0.123,0.133,0.082,0.358,0.947,0.063,0.14,0.951,0.354,0.982,0.779,0.028,0.727,0.013,0.451,0.633,0.82,0.168,0.006,0.599,0.822,0.045,0.8,0.596,0.78,0.845,0.963,0.97
240,0.461,0.848,0.116,0.206,0.884,0.169,0.665,0.165,0.933,0.014,0.206,0.101,0.724,0.567,0.622,0.11,0.202,0.127,0.262,0.57,0.834,0.952,0.312,0.752,0.942,0.598,0.153,0.381,0.22,0.73,0.359,0.104,0.402,0.451,0.623,0.566,0.863,0.587,0.683,0.946,0.492,0.676,0.824,0.002,0.995,0.793,0.154,0.641,0.481,0.182,0.321,0.565,0.291,0.359,0.688,0.958,0.602,0.7,0.279,0.597,0.432,0.787,0.471,0.22
242,0.984,0.362,0.631,0.553,0.547,0.607,0.12,0.25,0.494,0.056,0.953,0.639,0.886,0.155,0.283,0.665,0.656,0.915,0.096,0.009,0.201,0.923,0.64,0.889,0.741,0.461,0.672,0.422,0.665,0.729,0.892,0.998,0.206,0.466,0.867,0.461,0.201,0.732,0.65,0.575,0.757,0.641,0.724,0.509,0.098,0.712,0.742,0.693,0.166,0.828,0.785,0.822,0.769,0.98,0.927,0.1,0.58,0.503,0.502,0.27,0.844,0.996,0.123,0.296
244,0.132,0.015,0.719,0.618,0.721,0.524,0.16,0.661,0.312,0.686,0.559,0.548,0.885,0.682,0.179,0.188,0.062,0.625,0.926,0.907,0.724,0.501,0.6,0.505,0.624,0.441,0.358,0.57,0.207,0.204,0.925,0.305,0.903,0.554,0.627,0.144,0.135,0.69,0.141,0.147,0.572,0.398,0.165,0.214,0.413,0.897,0.333,0.836,0.579,0.284,0.77,0.678,0.707,0.102,0.172,0.024,0.929,0.912,0.98,0.882,0.854,0.839,0.932,0.449
246,0.464,0.143,0.008,0.18,0.167,0.68,0.43,0.649,0.512,0.851,0.211,0.684,0.024,0.339,0.097,0.377,0.669,0.721,0.88,0.833,0.788,0.222,0.475,0.782,0.925,0.892,0.422,0.347,0.805,0.8,0.492,0.832,0.962,0.314,0.267,0.918,0.675,0.055,0.685,0.884,0.556,0.683,0.137,0.662,0.521,0.246,0.467,0.815,0.037,0.632,0.534,0.797,0.478,0.075,0.174,0.348,0.236,0.589,0.068,0.497,0.83,0.74,0.06,0.53
248,0.93,0.879,0.599,0.083,0.102,0.93,0.209,0.272,0.991,0.326,0.181,0.738,0.865,0.698,0.069,0.352,0.902,0.653,0.743,0.435,0.489,0.389,0.186,0.254,0.941,0.374,0.658,0.804,0.778,0.319,0.085,0.611,0.284,0.175,0.748,0.633,0.977,0.711,0.743,0.948,0.273,0.926,0.836,0.973,0.315,0.67,0.214,0.124,0.878,0.961,0.912,0.66,0.13,0.807,0.231,0.449,0.707,0.444,0.707,0.041,0.467,0.662,0.997,0.26
250,0.437,0.503,0.028,0.109,0.839,0.61,0.221,0.007,0.326,0.167,0.844,0.458,0.688,0.029,0.276,0.849,0.491,0.543,0.244,0.666,0.815,0.232,0.133,0.842,0.103,0.375,0.114,0.871,0.318,0.536,0.974,0.745,0.247,0.733,0.613,0.643,0.612,0.998,0.602,0.404,0.179,0.206,0.914,0.83,0.258,0.414,0.21,0.532,0.154,0.473,0.775,0.08,0.245,0.476,0.269,0.961,0.005,0.229,0.275,0.134,0.141,0.838,0.155,0.409
252,0.735,0.978,0.313,0.058,0.151,0.868,0.929,0.17,0.421,0.997,0.788,0.568,0.974,0.354,0.718,0.306,0.068,0.698,0.247,0.334,0.233,0.199,0.084,0.149,0.431,0.207,0.726,0.356,0.164,0.404,0.626,0.92,0.805,0.299,0.936,0.812,0.117,0.734,0.714,0.105,0.358,0.258,0.695,0.55,0.127,0.471,0.267,0.469,0.027,0.041,0.84,0.464,0.668,0.742,0.099,0.52,0.614,0.646,0.084,0.698,0.803,0.151,0.95,0.876
254,0.687,0.297,0.566,0.479,0.172,0.507,0.334,0.777,0.488,0.145,0.965,0.24,0.212,0.974,0.608,0.367,0.853,0.601,0.11,0.015,0.035,0.079,0.375,0.962,0.706,0.31,0.972,0.087,0.278,0.617,0.509,0.37,0.703,0.061,0.205,0.792,0.338,0.204,0.199,0.87,0.905,0.837,0.388,0.051,0.82,0.349,0.52,0.047,0.828,0.673,0.517,0.639,0.887,0.304,0.178,0.892,0.131,0.189,0.705,0.381,0.071,0.217,0.947,0.998
256,0.436,0.607,0.929,0.945,0.531,0.385,0.53,0.319,0.945,0.403,0.914,0.965,0.744,0.39,0.377,0.253,0.692,0.796,0.139,0.409,0.22,0.518,0.902,0.839,0.452,0.14,0.358,0.386,0.103,0.259,0.535,0.591,0.353,0.946,0.535,0.074,0.026,0.073,0.722,0.214,0.952,0.987,0.323,0.885,0.534,0.933,0.06,0.146,0.446,0.32,0.406,0.499,0.773,0.359,0.108,0.066,0.308,0.686,0.174,0.502,0.233,0.637,0.93,0.459
258,0.063,0.768,0.712,0.535,0.614,0.87,0.435,0.291,0.488,0.35,0.015,0.125,0.744,0.744,0.778,0.022,0.222,0.675,0.434,0.607,0.2,0.686,0.647,0.764,0.326,0.174,0.435,0.318,0.87,0.802,0.254,0.792,0.731,0.066,0.198,0.911,0.446,0.614,0.787,0.141,0.897,0.489,0.896,0.114,0.412,0.497,0.254,0.701,0.316,0.794,0.001,0.478,0.143,0.828,0.254,0.89,0.074,0.377,0.427,0.856,0.059,0.951,0.838,0.165
260,0.729,0.358,0.757,0.013,0.15,0.553,0.392,0.261,0.58,0.401,0.626,0.745,0.37,0.089,0.029,0.401,0.812,0.546,0.217,0.641,0.783,0.125,0.999,0.63,0.888,0.435,0.444,0.761,0.258,0.734,0.34,0.265,0.28,0.518,0.898,0.948,0.208,0.329,0.972,0.243,0.132,0.527,0.332,0.173,0.2,0.648,0.712,0.075,0.096,0.311,0.878,0.775,0.226,0.67,0.311,0.494,0.966,0.132,0.344,0.303,0.407,0.738,0.779,0.281
262,0.641,0.845,0.044,0.505,0.26,0.027,0.058,0.973,0.062,0.04,0.493,0.284,0.136,0.3,0.876,0.323,0.398,0.116,0.553,0.176,0.359,0.846,0.779,0.463,0.404,0.848,0.762,0.808,0.131,0.55,0.46,0.704,0.899,0.586,0.523,0.91,0.101,0.368,0.409,0.211,0.817,0.768,0.678,0.573,0.589,0.274,0.306,0.497,0.135,0.924,0.129,0.485,0.115,0.795,0.85,0.495,0.646,0.262,0.558,0.369,0.277,0.767,0.429,0.603
264,0.133,0.499,0.353,0.102,0.72,0.409,0.479,0.202,0.547,0.923,0.887,0.536,0.826,0.065,0.866,0.034,0.466,0.159,0.621,0.531,0.853,0.548,0.577,0.267,0.391,0.193,0.083,0.796,0.132,0.653,0.659,0.436,0.744,0.347,0.161,0.145,0.372,0.83,0.263,0.725,0.365,0.79,0.264,0.459,0.358,0.836,0.173,0.9,0.011,0.305,0.907,0.384,0.489,0.082,0.872,0.508,0.114,0.569,0.583,0.034,0.405,0.213,0.904,0.481
266,0.18,0.249,0.617,0.009,0.41,0.221,0.921,0.902,0.998,0.89,0.184,0.769,0.122,0.514,0.13,0.977,0.63,0.118,0.529,0.883,0.406,0.836,0.047,0.951,0.024,0.551,0.988,0.395,0.513,0.811,0.745,0.185,0.906,0.212,0.412,0.819,0.773,0.691,0.109,0.83,0.62,0.429,0.311,0.452,0.417,0.842,0.251,0.975,0.636,0.902,0.652,0.405,0.41,0.266,0.937,0.1,0.948,0.953,0.801,0.126,0.991,0.593,0.429,0.217
268,0.413,0.67,0.29,0.701,0.501,0.113,0.602,0.979,0.857,0.855,0.295,0.06,0.011,0.96,0.769,0.31,0.51,0.889,0.137,0.151,0.302,0.841,0.742,0.393,0.223,0.261,0.347,0.383,0.261,0.131,0.435,0.971,0.652,0.857,0.006,0.575,0.014,0.759,0.199,0.631,0.744,0.275,0.474,0.092,0.015,0.124,0.529,0.614,0.25,0.74,0.226,0.649,0.307,0.538,0.89,0.142,0.283,0.32,0.358,0.107,0.818,0.224,0.565,0.952
270,0.042,0.166,0.953,0.759,0.718,0.657,0.372,0.182,0.648,0.21,0.073,0.899,0.459,0.696,0.094,0.467,0.687,0.11,0.572,0.5,0.534,0.074,0.062,0.036,0.855,0.094,0.508,0.304,0.961,0.185,0.21,0.907,0.946,0.92,0.89,0.29,0.721,0.983,0.088,0.594,0.382,0.186,0.182,0.896,0.029,0.985,0.075,0.784,0.044,0.274,0.761,0.999,0.954,0.945,0.729,0.329,0.57,0.718,0.033,0.546,0.798,0.725,0.069,0.683
272,0.88,0.858,0.776,0.628,0.041,0.752,0.917,0.461,0.604,0.098,0.961,0.493,0.698,0.741,0.383,0.31,0.537,0.576,0.013,0.763,0.479,0.663,0.559,0.303,0.646,0.678,0.701,0.29,0.204,0.846,0.587,0.673,0.723,0.932,0.719,0.387,0.58,0.71,0.082,0.47,0.378,0.584,0.567,0.862,0.436,0.339,0.549,0.722,0.707,0.555,0.341,0.401,0.798,0.246,0.807,0.329,0.679,0.308,0.735,0.736,0.88,0.548,0.397,0.349
274,0.454,0.76,0.155,0.051,0.822,0.476,0.515,0.219,0.878,0.425,0.431,0.413,0.382,0.622,0.733,0.427,0.721,0.922,0.601,0.503,0.923,0.957,0.046,0.918,0.694,0.733,0.843,0.471,0.008,0.968,0.29,0.782,0.073,0.143,0.901,0.274,0.212,0.187,0.759,0.005,0.352,0.039,0.039,0.182,0.499,0.232,0.598,0.795,0.106,0.025,0.238,0.721,0.352,0.148,0.081,0.609,0.231,0.259,0.838,0.055,0.174,0.839,0.988,0.616
276,0.64,0.742,0.435,0.967,0.878,0.13,0.539,0.122,0.827,0.369,0.645,0.598,0.89,0.536,0.618,0.638,0.716,0.473,0.568,0.684,0.661,0.334,0.133,0.447,0.591,0.864,0.629,0.019,0.553,0.185,0.725,0.305,0.343,0.796,0.62,0.592,0.309,0.747,0.028,0.331,0.896,0.352,0.256,0.687,0.891,0.023,0.959,0.962,0.793,0.124,0.57,0.768,0.392,0.442,0.667,0.099,0.478,0.545,0.548,0.21,0.62,0.848,0.499,0.618
278,0.106,0.257,0.62,0.046,0.722,0.106,0.363,0.3,0.114,0.745,0.873,0.872,0.124,0.618,0.992,0.335,0.216,0.165,0.345,0.641,0.195,0.542,0.063,0.768,0.81,0.076,0.468,0.924,0.433,0.087,0.269,0.37,0.726,0.85,0.781,0.823,0.134,0.221,0.985,0.654,0.538,0.679,0.921,0.499,0.44,0.901,0.782,0.341,0.743,0.367,0.708,0.129,0.028,0.066,0.3,0.652,0.48,0.719,0.151,0.248,0.505,0.024,0.807,0.476
280,0.149,0.987,0.054,0.442,0.335,0.34,0.459,0.601,0.569,0.775,0.455,0.874,0.47,0.587,0.165,0.114,0.658,0.761,0.731,0.178,0.415,0.407,0.162,0.665,0.136,0.168,0.08,0.671,0.919,0.656,0.369,0.002,0.024,0.128,0.166,0.616,0.752,0.703,0.856,0.785,0.841,0.108,0.86,0.625,0.433,0.096,0.432,0.824,0.982,0.654,0.079,0.202,0.216,0.607,0.771,0.916,0.875,0.533,0.022,0.927,0.123,0.653,0.971,0.502
282,0.837,0.877,0.163,0.879,0.686,0.06,0.09,0.86,0.384,0.494,0.251,0.825,0.064,0.545,0.711,0.97,0.139,0.612,0.389,0.249,0.882,0.467,0.972,0.29,0.206,0.663,0.67,0.91,0.871,0.049,0.087,0.637,0.435,0.34,0.481,0.785,0.912,0.882,0.76,0.517,0.298,0.958,0.87,0.033,0.333,0.211,0.763,0.303,0.273,0.469,0.888,0.399,0.351,0.684,0.891,0.708,0.558,0.447,0.879,0.307,0.239,0.749,0.898,0.416
284,0.441,0.905,0.702,0.571,0.75,0.453,0.68,0.599,0.727,0.631,0.998,0.639,0.219,0.918,0.425,0.544,0.001,0.337,0.543,0.912,0.669,0.6,0.175,0.194,0.785,0.875,0.843,0.433,0.554,0.534,0.904,0.497,0.171,0.34,0.584,0.001,0.53,0.646,0.456,0.622,0.826,0.066,0.775,0.632,0.438,0.729,0.284,0.112,0.711,0.465,0.737,0.503,0.217,0.74,0.54,0.196,0.943,0.138,0.334,0.851,0.152,0.714,0.458,0.726
286,0.097,0.936,0.133,0.977,0.03,0.83,0.741,0.591,0.727,0.064,0.97,0.717,0.66,0.383,0.152,0.207,0.44,0.671,0.436,0.597,0.078,0.733,0.8,0.079,0.984,0.734,0.933,0.151,0.533,0.511,0.637,0.637,0.765,0.105,0.856,0.831,0.577,0.197,0.784,0.203,0.106,0.402,0.4,0.39,0.261,0.851,0.744,0.409,0.848,0.051,0.532,0.199,0.495,0.448,0.443,0.654,0.415,0.863,0.994,0.231,0.209,0.588,0.925,0.343
288,0.846,0.23,0.56,0.916,0.491,0.905,0.553,0.24,0.05,0.962,0.104,0.693,0.416,0.824,0.549,0.369,0.96,0.879,0.888,0.173,0.236,0.304,0.229,0.064,0.075,0.823,0.366,0.191,0.751,0.643,0.316,0.045,0.147,0.962,0.086,0.93,0.897,0.696,0.466,0.577,0.449,0.977,0.625,0.249,0.292,0.699,0.564,0.665,0.991,0.896,0.134,0.133,0.572,0.248,0.955,0.878,0.063,0.085,0.574,0.251,0.78,0.917,0.42,0.905
290,0.143,0.921,0.528,0.625,0.714,0.68,0.542,0.536,0.316,0.042,0.744,0.976,0.578,0.028,0.635,0.769,0.372,0.068,0.764,0.748,0.176,0.247,0.673,0.109,0.938,0.678,0.599,0.233,0.91,0.051,0.528,0.175,0.843,0.868,0.152,0.567,0.406,0.796,0.566,0.239,0.841,0.45,0.015,0.226,0.83,0.538,0.96,0.789,0.27,0.984,0.254,0.691,0.673,0.63,0.228,0.895,0.152,0.644,0.036,0.188,0.928,0.454,0.188,0.123
292,0.018,0.257,0.784,0.989,0.895,0.29,0.139,0.858,0.758,0.38,0.561,0.628,0.356,0.087,0.241,0.997,0.823,0.376,0.975,0.682,0.989,0.01,0.467,0.71,0.238,0.536,0.303,0.589,0.7,0.724,0.397,0.462,0.204,0.275,0.427,0.519,0.427,0.237,0.094,0.738,0.946,0.04,0.018,0.471,0.825,0.004,0.335,0.371,0.288,0.765,0.66,0.336,0.881,0.975,0.703,0.58,0.397,0.338,0.65,0.075,0.131,0.957,0.348,0.743
294,0.205,0.127,0.485,0.562,0.143,0.242,0.159,0.286,0.872,0.699,0.335,0.158,0.236,0.102,0.156,0.596,0.759,0.249,0.978,0.377,0.935,0.651,0.62,0.58,0.351,0.726,0.405,0.729,0.745,0.39,0.526,0.82,0.87,0.952,0.817,0.657,0.684,0.181,0.246,0.107,0.784,0.403,0.189,0.196,0.704,0.859,0.866,0.712,0.745,0.305,0.621,0.405,0.239,0.534,0.714,0.639,0.402,0.453,0.054,0.377,0.139,0.468,0.83,0.806
296,0.219,0.667,0.717,0.504,0.807,0.731,0.066,0.541,0.033,0.498,0.204,0.917,0.518,0.945,0.033,0.443,0.85,0.235,0.209,0.036,0.646,0.302,0.717,0.445,0.214,0.005,0.722,0.25,0.305,0.05,0.059,0.308,0.294,0.804,0.806,0.693,0.278,0.163,0.9,0.26,0.499,0.081,0.816,0.273,0.53,0.896,0.48,0.392,0.501,0.406,0.11,0.372,0.354,0.913,0.05,0.865,0.076,0.511,0.101,0.37,0.488,0.807,0.283,0.857
298,0.374,0.03,0.027,0.948,0.421,0.7,0.835,0.51,0.551,0.042,0.643,0.037,0.053,0.284,0.667,0.235,0.206,0.739,0.859,0.271,0.3,0.089,0.666,0.925,0.439,0.443,0.271,0.548,0.975,0.465,0.886,0.335,0.816,0.265,0.819,0.95,0.0,0.492,0.019,0.905,0.18,0.61,0.196,0.698,0.15,0.965,0.265,0.44,0.189,0.827,0.404,0.534,0.968,0.242,0.488,0.293,0.804,0.153,0.689,0.108,0.564,0.648,0.843,0.913
300,0.729,0.488,0.312,0.935,0.872,0.078,0.79,0.072,0.008,0.221,0.56,0.433,0.008,0.774,0.853,0.495,0.031,0.149,0.751,0.559,0.713,0.354,0.922,0.741,0.251,0.402,0.041,0.947,0.456,0.198,0.22,0.253,0.971,0.538,0.946,0.963,0.948,0.389,0.088,0.401,0.362,0.463,0.336,0.992,0.47,0.261,0.071,0.181,0.995,0.228,0.891,0.293,0.113,0.489,0.459,0.032,0.727,0.446,0.133,0.98,0.748,0.175,0.275,0.217
302,0.752,0.015,0.789,0.939,0.816,0.081,0.18,0.134,0.539,0.477,0.31,0.364,0.444,0.143,0.025,0.015,0.044,0.412,0.386,0.156,0.401,0.788,0.175,0.734,0.969,0.512,0.743,0.451,0.03,0.591,0.231,0.72,0.132,0.067,0.593,0.426,0.683,0.67,0.074,0.046,0.159,0.067,0.772,0.748,0.079,0.597,0.357,0.759,0.662,0.915,0.317,0.093,0.578,0.138,0.974,0.941,0.447,0.463,0.427,0.63,0.973,0.808,0.749,0.281
304,0.903,0.393,0.163,0.035,0.087,0.879,0.024,0.045,0.055,0.981,0.202,0.262,0.874,0.984,0.092,0.508,0.159,0.231,0.005,0.164,0.544,0.967,0.584,0.281,0.863,0.717,0.238,0.686,0.569,0.278,0.599,0.644,0.798,0.792,0.589,0.281,0.701,0.652,0.099,0.12,0.045,0.292,0.232,0.881,0.83,0.022,0.916,0.782,0.281,0.988,0.883,0.525,0.171,0.515,0.454,0.743,0.665,0.128,0.21,0.613,0.552,0.267,0.561,0.584
306,0.416,0.843,0.762,0.958,0.279,0.944,0.048,0.154,0.806,0.132,0.513,0.721,0.076,0.986,0.432,0.985,0.393,0.348,0.123,0.546,0.898,0.709,0.28,0.336,0.918,0.004,0.409,0.403,0.358,0.018,0.474,0.512,0.699,0.014,0.289,0.1,0.378,0.66,0.193,0.776,0.28,0.789,0.438,0.205,0.72,0.333,0.11,0.875,0.386,0.143,0.515,0.604,0.825,0.696,0.456,0.116,0.525,0.549,0.582,0.998,0.456,0.169,0.617,0.461
308,0.661,0.805,0.151,0.595,0.981,0.889,0.095,0.778,0.575,0.638,0.768,0.684,0.594,0.65,0.235,0.147,0.704,0.215,0.61,0.935,0.414,0.578,0.369,0.709,0.439,0.947,0.275,0.564,0.224,0.538,0.469,0.491,0.295,0.09,0.694,0.024,0.12,0.297,0.796,0.698,0.141,0.375,0.672,0.654,0.983,0.779,0.395,0.287,0.319,0.159,0.944,0.877,0.506,0.123,0.863,0.693,0.623,0.614,0.493,0.355,0.032,0.102,0.197,0.856
310,0.893,0.824,0.592,0.25,0.91,0.101,0.943,0.207,0.199,0.777,0.993,0.634,0.074,0.189,0.616,0.383,0.543,0.718,0.86,0.047,0.891,0.018,0.177,0.874,0.067,0.861,0.896,0.791,0.936,0.136,0.574,0.644,0.036,0.099,0.794,0.099,0.545,0.184,0.886,0.264,0.507,0.405,0.495,0.182,0.6,0.356,0.259,0.396,0.08,0.845,0.243,0.97,0.772,0.73,0.961,0.588,0.616,0.141,0.273,0.97,0.076,0.789,0.603,0.605
312,0.06,0.455,0.746,0.241,0.907,0.685,0.28,0.937,0.29,0.967,0.89,0.372,0.772,0.591,0.535,0.187,0.315,0.358,0.382,0.715,0.694,0.309,0.359,0.147,0.663,0.548,0.953,0.906,0.082,0.52,0.519,0.61,0.661,0.293,0.561,0.292,0.113,0.258,0.804,0.539,0.938,0.623,0.239,0.809,0.808,0.28,0.169,0.244,0.431,0.469,0.385,0.015,0.586,0.255,0.753,0.928,0.095,0.511,0.706,0.835,0.54,0.418,0.948,0.532
314,0.053,0.634,0.45,0.797,0.014,0.563,0.184,0.127,0.877,0.748,0.846,0.068,0.714,0.808,0.855,0.009,0.104,0.992,0.681,0.692,0.189,0.046,0.686,0.915,0.353,0.033,0.464,0.444,0.645,0.376,0.382,0.308,0.423,0.197,0.909,0.45,0.263,0.27,0.837,0.521,0.64,0.334,0.741,0.389,0.237,0.971,0.419,0.371,0.867,0.13,0.768,0.413,0.093,0.184,0.936,0.636,0.049,0.636,0.336,0.569,0.966,0.93,0.294,0.811
316,0.37,0.059,0.293,0.325,0.777,0.82,0.803,0.193,0.256,0.065,0.011,0.388,0.039,0.921,0.694,0.706,0.94,0.498,0.525,0.367,0.531,0.601,0.582,0.792,0.057,0.942,0.722,0.913,0.756,0.973,0.23,0.18,0.552,0.309,0.247,0.848,0.25,0.338,0.404,0.011,0.664,0.216,0.378,0.726,0.301,0.827,0.598,0.854,0.848,0.322,0.438,0.593,0.689,0.196,0.391,0.921,0.57,0.325,0.499,0.287,0.18,0.852,0.471,0.721
318,0.547,0.976,0.898,0.748,0.086,0.426,0.575,0.634,0.155,0.206,0.093,0.763,0.076,0.972,0.353,0.561,0.747,0.312,0.572,0.46,0.911,0.089,0.231,0.416,0.785,0.074,0.812,0.904,0.902,0.226,0.212,0.317,0.203,0.103,0.178,0.857,0.813,0.039,0.906,0.214,0.948,0.239,0.87,0.826,0.977,0.699,0.646,0.983,0.182,0.923,0.967,0.422,0.185,0.029,0.803,0.625,0.737,0.849,0.213,0.373,0.041,0.392,0.799,0.957
320,0.282,0.323,0.193,0.12,0.557,0.239,0.584,0.842,0.001,0.917,0.999,0.644,0.108,0.224,0.836,0.973,0.888,0.479,0.241,0.512,0.967,0.213,0.203,0.738,0.354,0.995,0.502,0.803,0.798,0.583,0.912,0.179,0.99,0.132,0.024,0.892,0.644,0.523,0.416,0.913,0.753,0.055,0.572,0.869,0.79,0.182,0.784,0.236,0.297,0.968,0.674,0.074,0.976,0.76,0.101,0.52,0.954,0.07,0.905,0.698,0.507,0.176,0.242,0.776
322,0.798,0.533,0.822,0.413,0.686,0.219,0.031,0.632,0.715,0.779,0.714,0.058,0.87,0.515,0.163,0.487,0.721,0.477,0.988,0.972,0.849,0.075,0.512,0.386,0.319,0.963,0.574,0.432,0.15,0.415,0.554,0.017,0.232,0.404,0.023,0.394,0.863,0.726,0.438,0.12,0.811,0.536,0.525,0.236,0.361,0.887,0.88,0.799,0.977,0.568,0.885,0.067,0.64,0.159,0.102,0.761,0.117,0.749,0.879,0.822,0.943,0.021,0.778,0.041
324,0.572,0.241,0.986,0.311,0.556,0.266,0.907,0.695,0.941,0.114,0.988,0.298,0.925,0.417,0.032,0.915,0.525,0.03,0.911,0.247,0.165,0.905,0.639,0.147,0.868,0.941,0.763,0.629,0.975,0.432,0.11,0.672,0.668,0.388,0.334,0.303,0.421,0.052,0.284,0.883,0.847,0.702,0.095,0.72,0.181,0.38,0.53,0.978,0.263,0.022,0.366,0.365,0.778,0.585,0.852,0.978,0.315,0.117,0.012,0.158,0.216,0.264,0.009,0.281
326,0.656,0.346,0.763,0.35,0.603,0.691,0.1,0.979,0.909,0.001,0.367,0.94,0.865,0.501,0.765,0.799,0.285,0.117,0.927,0.386,0.033,0.325,0.742,0.89,0.171,0.316,0.424,0.381,0.395,0.071,0.675,0.462,0.345,0.667,0.902,0.499,0.475,0.232,0.298,0.336,0.261,0.992,0.881,0.713,0.393,0.239,0.782,0.657,0.04,0.341,0.264,0.98,0.842,0.362,0.309,0.525,0.865,0.143,0.641,0.122,0.806,0.123,0.816,0.385
328,0.23,0.891,0.193,0.728,0.788,0.068,0.183,0.48,0.336,0.235,0.138,0.851,0.185,0.19,0.53,0.61,0.067,0.098,0.901,0.084,0.199,0.054,0.746,0.106,0.938,0.154,0.062,0.994,0.05,0.077,0.394,0.49,0.949,0.404,0.994,0.164,0.87,0.088,0.078,0.546,0.887,0.297,0.768,0.209,0.41,0.513,0.672,0.025,0.437,0.515,0.105,0.766,0.534,0.816,0.994,0.829,0.417,0.454,0.769,0.863,0.554,0.324,0.116,0.853
330,0.281,0.717,0.441,0.394,0.811,0.856,0.315,0.186,0.431,0.518,0.105,0.884,0.22,0.271,0.105,0.867,0.586,0.379,0.601,0.358,0.513,0.895,0.869,0.996,0.126,0.066,0.03,0.173,0.103,0.413,0.795,0.162,0.756,0.004,0.978,0.611,0.896,0.074,0.827,0.651,0.285,0.64,0.651,0.929,0.666,0.636,0.117,0.513,0.951,0.331,0.861,0.914,0.385,0.934,0.165,0.935,0.799,0.683,0.659,0.611,0.924,0.271,0.971,0.433
332,0.518,0.138,0.735,0.698,0.568,0.097,0.174,0.729,0.045,0.322,0.14,0.904,0.812,0.522,0.963,0.654,0.35,0.602,0.37,0.6,0.934,0.692,0.594,0.021,0.448,0.066,0.355,0.372,0.411,0.862,0.574,0.046,0.599,0.563,0.161,0.992,0.961,0.73,0.547,0.85,0.022,0.262,0.817,0.263,0.087,0.402,0.629,0.52,0.497,0.098,0.995,0.547,0.16,0.522,0.102,0.656,0.47,0.56,0.213,0.177,0.088,0.689,0.848,0.776
334,0.235,0.234,0.011,0.125,0.488,0.084,0.269,0.983,0.873,0.257,0.69,0.377,0.591,0.906,0.616,0.058,0.362,0.614,0.955,0.353,0.655,0.306,0.264,0.813,0.598,0.288,0.107,0.475,0.357,0.21,0.717,0.3,0.438,0.254,0.725,0.523,0.694,0.186,0.889,0.951,0.689,0.766,0.227,0.375,0.081,0.233,0.411,0.756,0.188,0.207,0.632,0.36,0.012,0.515,0.179,0.21,0.182,0.111,0.694,0.48,0.203,0.299,0.286,0.646
336,0.562,0.735,0.111,0.326,0.181,0.581,0.383,0.635,0.613,0.242,0.793,0.952,0.698,0.796,0.891,0.697,0.435,0.793,0.848,0.126,0.946,0.477,0.566,0.307,0.494,0.076,0.038,0.842,0.484,0.624,0.943,0.58,0.665,0.399,0.282,0.23,0.564,0.817,0.476,0.827,0.697,0.635,0.045,0.723,0.39,0.001,0.312,0.086,0.443,0.718,0.504,0.405,0.158,0.242,0.143,0.539,0.128,0.905,0.218,0.151,0.436,0.204,0.987,0.035
338,0.761,0.179,0.34,0.409,0.482,0.353,0.361,0.6,0.173,0.544,0.451,0.679,0.996,0.273,0.924,0.608,0.201,0.532,0.555,0.446,0.565,0.318,0.283,0.608,0.381,0.703,0.715,0.238,0.668,0.786,0.773,0.944,0.681,0.641,0.552,0.343,0.977,0.674,0.085,0.06,0.488,0.307,0.61,0.736,0.077,0.741,0.344,0.902,0.598,0.966,0.498,0.982,0.983,0.557,0.686,0.194,0.238,0.098,0.426,0.662,0.818,0.411,0.392,0.488
340,0.033,0.651,0.283,0.791,0.736,0.813,0.065,0.975,0.673,0.538,0.061,0.106,0.776,0.236,0.713,0.09,0.517,0.283,0.54,0.309,0.934,0.809,0.195,0.19,0.959,0.365,0.793,0.662,0.126,0.184,0.539,0.17,0.924,0.741,0.883,0.592,0.681,0.954,0.797,0.734,0.266,0.139,0.005,0.28,0.722,0.738,0.023,0.299,0.535,0.807,0.301,0.687,0.488,0.891,0.449,0.134,0.48,0.783,0.838,0.849,0.449,0.547,0.938,0.447
342,0.605,0.801,0.05,0.322,0.752,0.715,0.676,0.204,0.94,0.107,0.779,0.925,0.265,0.866,0.767,0.485,0.039,0.874,0.963,0.418,0.944,0.482,0.42,0.83,0.33,0.182,0.028,0.385,0.322,0.835,0.346,0.133,0.039,0.647,0.507,0.064,0.521,0.725,0.676,0.441,0.547,0.25,0.102,0.255,0.366,0.817,0.202,0.93,0.337,0.151,0.257,0.306,0.671,0.377,0.14,0.389,0.026,0.127,0.802,0.235,0.972,0.933,0.172,0.016
344,0.023,0.219,0.93,0.846,0.39,0.152,0.856,0.454,0.933,0.336,0.097,0.705,0.795,0.458,0.065,0.278,0.708,0.823,0.095,0.672,0.159,0.323,0.089,0.906,0.511,0.572,0.293,0.631,0.372,0.348,0.744,0.147,0.145,0.188,0.624,0.151,0.995,0.174,0.337,0.447,0.919,0.179,0.607,0.606,0.725,0.546,0.623,0.821,0.267,0.924,0.524,0.133,0.126,0.903,0.194,0.734,0.963,0.23,0.547,0.726,0.079,0.096,0.278,0.101
346,0.166,0.804,0.02,0.288,0.724,0.026,0.868,0.935,0.812,0.344,0.723,0.881,0.041,0.566,0.19,0.813,0.102,0.275,0.69,0.038,0.24,0.118,0.399,0.112,0.254,0.15,0.352,0.281,0.553,0.662,0.357,0.278,0.757,0.024,0.367,0.938,0.25,0.453,0.087,0.791,0.295,0.598,0.215,0.269,0.312,0.02,0.492,0.57,0.189,0.596,0.719,0.998,0.604,0.422,0.824,0.583,0.468,0.647,0.85,0.81,0.366,0.628,0.313,0.551
348,0.273,0.383,0.562,0.194,0.385,0.6,0.463,0.651,0.785,0.638,0.004,0.626,0.295,0.134,0.192,0.282,0.325,0.974,0.202,0.959,0.544,0.228,0.367,0.4,0.509,0.721,0.068,0.557,0.523,0.913,0.621,0.328,0.693,0.103,0.09,0.386,0.983,0.042,0.337,0.006,0.363,0.625,0.838,0.132,0.006,0.914,0.056,0.465,0.678,0.73,0.643,0.164,0.47,0.03,0.642,0.826,0.229,0.216,0.498,0.138,0.338,0.947,0.165,0.68
350,0.049,0.048,0.941,0.62,0.515,0.513,0.713,0.934,0.867,0.229,0.185,0.796,0.114,0.764,0.801,0.038,0.895,0.149,0.166,0.61,0.419,0.209,0.825,0.54,0.518,0.774,0.973,0.913,0.006,0.094,0.74,0.469,0.106,0.87,0.493,0.742,0.165,0.867,0.425,0.068,0.179,0.889,0.494,0.408,0.093,0.587,0.192,0.005,0.962,0.244,0.887,0.968,0.034,0.336,0.887,0.22,0.978,0.937,0.965,0.685,0.393,0.065,0.815,0.37
352,0.617,0.496,0.247,0.884,0.069,0.25,0.534,0.043,0.702,0.719,0.528,0.369,0.76,0.098,0.167,0.838,0.232,0.386,0.925,0.785,0.605,0.541,0.242,0.713,0.971,0.094,0.689,0.164,0.396,0.441,0.419,0.346,0.053,0.907,0.494,0.818,0.609,0.655,0.206,0.829,0.628,0.894,0.999,0.257,0.04,0.852,0.457,0.067,0.005,0.36,0.721,0.714,0.279,0.882,0.149,0.919,0.903,0.989,0.684,0.148,0.788,0.356,0.63,0.919
354,0.666,0.142,0.623,0.271,0.084,0.749,0.251,0.215,0.499,0.941,0.713,0.405,0.634,0.826,0.627,0.417,0.285,0.578,0.216,0.966,0.371,0.821,0.377,0.89,0.92,0.408,0.101,0.157,0.538,0.976,0.736,0.145,0.627,0.225,0.879,0.172,0.543,0.753,0.757,0.961,0.831,0.0,0.61,0.903,0.686,0.905,0.373,0.083,0.816,0.136,0.908,0.186,0.984,0.977,0.66,0.666,0.536,0.921,0.923,0.412,0.974,0.836,0.313,0.077
356,0.799,0.408,0.193,0.304,0.086,0.683,0.627,0.46,0.446,0.562,0.457,0.377,0.336,0.122,0.66,0.699,0.242,0.94,0.226,0.193,0.166,0.702,0.784,0.151,0.856,0.375,0.003,0.115,0.853,0.54,0.946,0.522,0.61,0.365,0.469,0.721,0.492,0.635,0.597,0.522,0.222,0.303,0.71,0.95,0.677,0.431,0.29,0.973,0.728,0.588,0.961,0.309,0.908,0.914,0.498,0.622,0.621,0.453,0.293,0.289,0.773,0.831,0.464,0.668
358,0.171,0.482,0.342,0.789,0.628,0.081,0.53,0.493,0.266,0.414,0.929,0.946,0.034,0.576,0.377,0.828,0.707,0.823,0.439,0.276,0.495,0.043,0.325,0.877,0.004,0.892,0.194,0.814,0.283,0.326,0.569,0.127,0.203,0.315,0.792,0.644,0.737,0.087,0.853,0.227,0.442,0.768,0.51,0.082,0.043,0.783,0.537,0.272,0.729,0.023,0.403,0.722,0.586,0.155,0.889,0.118,0.06,0.752,0.642,0.771,0.172,0.524,0.946,0.704
360,0.15,0.584,0.981,0.102,0.222,0.32,0.87,0.639,0.78,0.688,0.13,0.071,0.188,0.144,0.116,0.729,0.317,0.629,0.156,0.8,0.783,0.604,0.209,0.209,0.293,0.817,0.671,0.704,0.407,0.904,0.667,0.06,0.11,0.089,0.486,0.045,0.814,0.775,0.08,0.356,0.904,0.37,0.491,0.413,0.683,0.924,0.739,0.978,0.778,0.012,0.665,0.876,0.085,0.921,0.92,0.226,0.717,0.812,0.729,0.626,0.356,0.861,0.883,0.042
362,0.728,0.057,0.295,0.232,0.439,0.482,0.368,0.408,0.19,0.762,0.339,0.152,0.983,0.273,0.852,0.029,0.907,0.097,0.401,0.451,0.599,0.669,0.949,0.844,0.909,0.832,0.776,0.086,0.512,0.048,0.364,0.249,0.053,0.61,0.284,0.906,0.748,0.477,0.651,0.438,0.422,0.267,0.751,0.29,0.107,0.479,0.872,0.045,0.677,0.114,0.208,0.068,0.893,0.605,0.187,0.559,0.239,0.435,0.834,0.23,0.987,0.086,0.008,0.091
364,0.447,0.477,0.594,0.841,0.502,0.266,0.976,0.37,0.401,0.654,0.902,0.16,0.808,0.702,0.661,0.757,0.72,0.086,0.141,0.556,0.967,0.745,0.576,0.205,0.444,0.129,0.588,0.805,0.66,0.063,0.675,0.615,0.774,0.145,0.594,0.618,0.366,0.364,0.603,0.753,0.347,0.252,0.994,0.843,0.409,0.101,0.628,0.394,0.602,0.789,0.739,0.792,0.564,0.116,0.385,0.339,0.169,0.954,0.222,0.7,0.827,0.641,0.334,0.904
366,0.184,0.889,0.457,0.175,0.789,0.586,0.127,0.329,0.429,0.739,0.228,0.747,0.507,0.071,0.299,0.096,0.267,0.446,0.237,0.536,0.495,0.435,0.224,0.934,0.985,0.938,0.395,0.223,0.331,0.857,0.5,0.045,0.042,0.991,0.64,0.125,0.457,0.276,0.906,0.599,0.223,0.11,0.613,0.251,0.168,0.001,0.72,0.121,0.447,0.235,0.835,0.005,0.298,0.635,0.116,0.13,0.847,0.334,0.095,0.613,0.489,0.637,0.803,0.629
368,0.024,0.728,0.022,0.093,0.13,0.513,0.79,0.349,0.714,0.473,0.059,0.416,0.552,0.484,0.848,0.761,0.099,0.313,0.601,0.2,0.876,0.521,0.154,0.9,0.721,0.964,0.114,0.603,0.332,0.661,0.725,0.186,0.652,0.925,0.004,0.83,0.141,0.94,0.9,0.403,0.807,0.89,0.06,0.168,0.359,0.477,0.527,0.8,0.539,0.143,0.654,0.692,0.451,0.857,0.139,0.381,0.041,0.676,0.521,0.191,0.788,0.468,0.987,0.737
370,0.058,0.869,0.204,0.06,0.599,0.789,0.196,0.977,0.728,0.96,0.597,0.036,0.171,0.406,0.296,0.526,0.753,0.478,0.779,0.766,0.705,0.831,0.49,0.41,0.166,0.049,0.421,0.558,0.782,0.315,0.969,0.206,0.95,0.6,0.84,0.804,0.285,0.244,0.683,0.378,0.117,0.78,0.474,0.18,0.026,0.524,0.016,0.505,0.711,0.002,0.378,0.486,0.714,0.661,0.684,0.336,0.249,0.532,0.034,0.347,0.242,0.101,0.014,0.621
372,0.741,0.089,0.068,0.331,0.361,0.358,0.262,0.591,0.639,0.912,0.545,0.829,0.926,0.01,0.898,0.497,0.1,0.144,0.659,0.437,0.563,0.111,0.213,0.45,0.706,0.058,0.016,0.833,0.005,0.645,0.3,0.398,0.551,0.418,0.371,0.596,0.928,0.186,0.931,0.471,0.83,0.911,0.978,0.168,0.94,0.821,0.489,0.687,0.144,0.087,0.265,0.361,0.894,0.955,0.932,0.973,0.096,0.731,0.566,0.629,0.419,0.312,0.016,0.538
374,0.04,0.921,0.581,0.206,0.486,0.377,0.684,0.762,0.966,0.708,0.581,0.886,0.36,0.753,0.747,0.89,0.393,0.582,0.313,0.245,0.597,0.673,0.755,0.516,0.943,0.615,0.39,0.303,0.906,0.488,0.769,0.062,0.42,0.525,0.039,0.394,0.912,0.146,0.773,0.759,0.498,0.301,0.602,0.409,0.851,0.497,0.697,0.378,0.957,0.904,0.526,0.409,0.496,0.96,0.17,0.883,0.98,0.982,0.691,0.306,0.203,0.738,0.545,0.845
376,0.769,0.361,0.221,0.285,0.051,0.949,0.407,0.595,0.099,0.142,0.039,0.082,0.334,0.176,0.879,0.036,0.608,0.211,0.36,0.032,0.884,0.149,0.909,0.941,0.441,0.47,0.4,0.28,0.034,0.905,0.394,0.427,0.56,0.94,0.563,0.357,0.961,0.742,0.204,0.481,0.563,0.435,0.286,0.933,0.27,0.097,0.912,0.625,0.553,0.194,0.188,0.193,0.123,0.158,0.245,0.747,0.497,0.84,0.697,0.164,0.915,0.723,0.237,0.751
378,0.781,0.49,0.973,0.729,0.142,0.98,0.916,0.039,0.14,0.748,0.043,0.197,0.152,0.439,0.115,0.353,0.695,0.03,0.446,0.095,0.789,0.566,0.723,0.559,0.172,0.514,0.91,0.598,0.547,0.21,0.934,0.197,0.237,0.24,0.26,0.732,0.327,0.964,0.244,0.096,0.164,0.767,0.471,0.455,0.624,0.727,0.863,0.36,0.277,0.915,0.884,0.358,0.715,0.682,0.749,0.235,0.669,0.481,0.609,0.397,0.101,0.487,0.74,0.929
380,0.282,0.686,0.237,0.491,0.93,0.159,0.941,0.939,0.351,0.05,0.958,0.62,0.349,0.982,0.317,0.24,0.763,0.275,0.759,0.505,0.772,0.875,0.759,0.904,0.302,0.44,0.787,0.229,0.008,0.212,0.688,0.791,0.421,0.784,0.394,0.629,0.3,0.665,0.479,0.023,0.985,0.905,0.712,0.763,0.803,0.17,0.162,0.123,0.106,0.4,0.118,0.624,0.73,0.268,0.186,0.577,0.976,0.177,0.521,0.771,0.06,0.161,0.009,0.264
382,0.94,0.128,0.993,0.438,0.831,0.918,0.474,0.423,0.76,0.562,0.254,0.752,0.358,0.841,0.458,0.953,0.115,0.938,0.233,0.131,0.499,0.122,0.887,0.289,0.461,0.88,0.177,0.16,0.051,0.813,0.716,0.862,0.602,0.892,0.4,0.519,0.727,0.432,0.26,0.92,0.248,0.315,0.274,0.672,0.306,0.46,0.784,0.468,0.119,0.753,0.025,0.062,0.622,0.603,0.434,0.115,0.34,0.959,0.062,0.186,0.961,0.283,0.995,0.668
384,0.955,0.785,0.251,0.678,0.309,0.795,0.683,0.644,0.283,0.417,0.801,0.477,0.492,0.101,0.973,0.286,0.926,0.398,0.224,0.237,0.323,0.515,0.241,0.861,0.132,0.239,0.109,0.702,0.519,0.396,0.972,0.826,0.542,0.778,0.195,0.7,0.189,0.534,0.661,0.348,0.29,0.102,0.211,0.587,0.333,0.085,0.971,0.969,0.925,0.969,0.668,0.813,0.373,0.08,0.732,0.365,0.339,0.752,0.458,0.954,0.085,0.984,0.388,0.547
386,0.618,0.439,0.942,0.192,0.275,0.558,0.943,0.689,0.103,0.979,0.789,0.617,0.868,0.992,0.277,0.886,0.754,0.939,0.763,0.152,0.556,0.686,0.811,0.153,0.221,0.126,0.78,0.669,0.968,0.731,0.368,0.117,0.969,0.082,0.267,0.653,0.487,0.838,0.205,0.912,0.546,0.06,0.844,0.553,0.811,0.909,0.859,0.699,0.584,0.718,0.342,0.944,0.547,0.27,0.477,0.388,0.938,0.304,0.047,0.641,0.085,0.492,0.695,0.333
388,0.244,0.242,0.295,0.897,0.233,0.927,0.959,0.498,0.873,0.666,0.883,0.806,0.102,0.816,0.16,0.746,0.719,0.554,0.022,0.74,0.158,0.724,0.773,0.572,0.757,0.406,0.021,0.68,0.544,0.889,0.757,0.725,0.919,0.077,0.76,0.937,0.0,0.196,0.329,0.178,0.96,0.85,0.835,0.092,0.296,0.466,0.934,0.167,0.708,0.735,0.328,0.907,0.666,0.036,0.203,0.119,0.296,0.618,0.52,0.294,0.526,0.34,0.553,0.063
390,0.491,0.445,0.787,0.451,0.965,0.229,0.998,0.422,0.536,0.104,0.46,0.633,0.556,0.734,0.242,0.368,0.172,0.309,0.983,0.709,0.081,0.65,0.595,0.058,0.853,0.082,0.772,0.72,0.612,0.125,0.252,0.175,0.456,0.283,0.959,0.607,0.92,0.742,0.752,0.449,0.183,0.82,0.0,0.167,0.277,0.04,0.015,0.995,0.946,0.388,0.238,0.95,0.693,0.661,0.648,0.904,0.834,0.297,0.288,0.926,0.424,0.082,0.084,0.124
392,0.834,0.732,0.369,0.172,0.045,0.638,0.536,0.452,0.499,0.533,0.652,0.241,0.803,0.232,0.545,0.258,0.172,0.296,0.828,0.229,0.169,0.182,0.067,0.76,0.335,0.352,0.706,0.469,0.19,0.002,0.359,0.537,0.617,0.636,0.146,0.522,0.454,0.058,0.591,0.791,0.383,0.903,0.777,0.593,0.386,0.01,0.035,0.278,0.737,0.582,0.929,0.681,0.971,0.2,0.591,0.053,0.704,0.709,0.156,0.614,0.345,0.121,0.4,0.493
394,0.522,0.619,0.65,0.246,0.696,0.238,0.787,0.45,0.794,0.644,0.453,0.649,0.662,0.441,0.502,0.089,0.046,0.47,0.501,0.539,0.497,0.022,0.672,0.404,0.031,0.305,0.225,0.526,0.571,0.962,0.65,0.363,0.701,0.422,0.917,0.923,0.652,0.549,0.808,0.225,0.936,0.395,0.769,0.725,0.403,0.416,0.605,0.556,0.582,0.563,0.083,0.843,0.607,0.046,0.284,0.175,0.044,0.282,0.173,0.08,0.72,0.878,0.34,0.973
396,0.958,0.763,0.477,0.033,0.252,0.525,0.935,0.189,0.437,0.754,0.086,0.593,0.802,0.244,0.818,0.504,0.102,0.865,0.411,0.152,0.461,0.654,0.686,0.695,0.037,0.999,0.615,0.816,0.261,0.666,0.416,0.078,0.635,0.001,0.612,0.7,0.505,0.124,0.483,0.321,0.965,0.736,0.492,0.791,0.635,0.201,0.529,0.758,0.886,0.021,0.972,0.947,0.51,0.981,0.14,0.562,0.28,0.487,0.697,0.936,0.028,0.954,0.019,0.104
398,0.462,0.964,0.619,0.759,0.76,0.864,0.966,0.42,0.412,0.365,0.947,0.704,0.614,0.392,0.676,0.219,0.513,0.963,0.112,0.496,0.14,0.535,0.325,0.507,0.705,0.658,0.546,0.602,0.774,0.916,0.475,0.332,0.25,0.237,0.949,0.278,0.619,0.818,0.313,0.127,0.534,0.467,0.909,0.689,0.557,0.602,0.038,0.265,0.124,0.299,0.474,0.215,0.87,0.213,0.071,0.14,0.264,0.422,0.726,0.795,0.62,0.849,0.509,0.995
