time,CP6,F7,CP2,FT8,P1,PO8,P9,P4,CPz,P6,FT7,AF8,Fp2,P2,CP5,Pz,O1,FC5,F8,P5,Oz,FC3,P3,PO7,F5,FC2,TP8,CP1,TP7,POz,CP3,T8,Fp1,FC1,F10,F1,C3,T7,C1,C2,C4,FC4,C6,C5,F2,F6,AF3,PO4,P10,P8,P7,PO3,Fz,AF7,FCz,CP4,F4,AF4,Cz,FC6,F9,F3,O2,AFz
-100,0.134,0.584,0.946,0.994,0.585,0.412,0.208,0.031,0.553,0.114,0.246,0.066,0.128,0.87,0.018,0.884,0.715,0.625,0.276,0.057,0.505,0.097,0.647,0.084,0.153,0.52,0.522,0.029,0.292,0.99,0.471,0.369,0.377,0.086,0.884,0.444,0.753,0.656,0.491,0.788,0.017,0.701,0.562,0.147,0.234,0.429,0.037,0.994,0.915,0.772,0.511,0.382,0.097,0.521,0.439,0.15,0.81,0.454,0.679,0.865,0.44,0.912,0.87,0.964
-98,0.638,0.328,0.278,0.789,0.866,0.072,0.483,0.719,0.46,0.524,0.937,0.741,0.351,0.373,0.503,0.716,0.512,0.584,0.459,0.918,0.804,0.489,0.335,0.273,0.313,0.512,0.861,0.668,0.758,0.361,0.421,0.622,0.686,0.197,0.483,0.721,0.04,0.966,0.103,0.356,0.158,0.715,0.367,0.93,0.403,0.301,0.266,0.264,0.838,0.691,0.22,0.064,0.953,0.202,0.757,0.223,0.653,0.67,0.789,0.72,0.302,0.376,0.676,0.417
-96,0.179,0.224,0.922,0.504,0.617,0.192,0.635,0.147,0.991,0.957,0.075,0.525,0.317,0.558,0.087,0.041,0.036,0.482,0.148,0.72,0.999,0.307,0.459,0.197,0.027,0.157,0.956,0.882,0.846,0.971,0.569,0.953,0.722,0.593,0.879,0.459,0.181,0.054,0.33,0.981,0.724,0.993,0.291,0.194,0.397,0.3,0.754,0.267,0.077,0.61,0.814,0.107,0.362,0.69,0.375,0.479,0.536,0.439,0.779,0.66,0.454,0.765,0.985,0.963
-94,0.385,0.661,0.001,0.63,0.944,0.728,0.676,0.332,0.766,0.573,0.92,0.369,0.374,0.691,0.818,0.323,0.515,0.735,0.683,0.233,0.051,0.265,0.967,0.444,0.111,0.592,0.673,0.106,0.957,0.558,0.403,0.566,0.584,0.116,0.864,0.623,0.239,0.564,0.777,0.414,0.825,0.842,0.633,0.355,0.053,0.226,0.345,0.191,0.581,0.276,0.564,0.008,0.566,0.747,0.424,0.961,0.047,0.749,0.186,0.856,0.532,0.603,0.698,0.545
-92,0.121,0.067,0.896,0.864,0.988,0.318,0.516,0.546,0.328,0.341,0.939,0.189,0.443,0.258,0.494,0.444,0.173,0.822,0.279,0.046,0.341,0.694,0.247,0.821,0.664,0.703,0.537,0.218,0.414,0.567,0.043,0.6,0.965,0.625,0.527,0.765,0.283,0.219,0.892,0.826,0.351,0.863,0.975,0.272,0.185,0.339,0.347,0.461,0.133,0.766,0.814,0.713,0.682,0.877,0.59,0.236,0.756,0.101,0.803,0.429,0.316,0.005,0.282,0.604
-90,0.737,0.644,0.109,0.038,0.367,0.373,0.997,0.368,0.767,0.739,0.678,0.133,0.636,0.332,0.129,0.587,0.959,0.077,0.548,0.598,0.46,0.325,0.041,0.551,0.875,0.407,0.454,0.104,0.941,0.466,0.401,0.98,0.402,0.786,0.123,0.577,0.378,0.323,0.916,0.727,0.118,0.157,0.339,0.056,0.285,0.665,0.529,0.127,0.22,0.427,0.444,0.949,0.35,0.132,0.828,0.52,0.693,0.917,0.636,0.295,0.191,0.894,0.726,0.013
-88,0.206,0.138,0.979,0.114,0.637,0.381,0.71,0.644,0.919,0.095,0.156,0.033,0.095,0.334,0.058,0.363,0.169,0.307,0.467,0.886,0.713,0.448,0.759,0.107,0.539,0.058,0.448,0.673,0.926,0.881,0.624,0.979,0.36,0.612,0.179,0.677,0.752,0.409,0.027,0.355,0.262,0.173,0.084,0.556,0.994,0.928,0.295,0.203,0.996,0.312,0.819,0.076,0.521,0.713,0.052,0.452,0.002,0.461,0.135,0.382,0.977,0.29,0.907,0.065
-86,0.039,0.93,0.198,0.767,0.711,0.39,0.139,0.383,0.728,0.146,0.644,0.146,0.813,0.394,0.704,0.049,0.714,0.3,0.592,0.676,0.796,0.731,0.782,0.002,0.214,0.331,0.471,0.418,0.935,0.821,0.31,0.219,0.179,0.887,0.283,0.914,0.702,0.841,0.445,0.46,0.653,0.454,0.1,0.471,0.423,0.922,0.103,0.455,0.103,0.361,0.913,0.283,0.236,0.419,1.0,0.959,0.799,0.857,0.503,0.057,0.22,0.384,0.498,0.952
-84,0.791,0.559,0.206,0.27,0.636,0.877,0.171,0.69,0.036,0.473,0.782,0.704,0.577,0.597,0.259,0.228,0.427,0.084,0.013,0.646,0.5,0.731,0.508,0.09,0.052,0.286,0.628,0.707,0.833,0.516,0.312,0.486,0.548,0.662,0.823,0.997,0.149,0.921,0.9,0.724,0.223,0.245,0.126,0.964,0.411,0.183,0.872,0.87,0.943,0.497,0.352,0.567,0.698,0.057,0.832,0.488,0.424,0.525,0.738,0.893,0.483,0.036,0.421,0.725
-82,0.609,0.856,0.264,0.376,0.681,0.577,0.964,0.298,0.593,0.952,0.509,0.504,0.68,0.643,0.593,0.144,0.843,0.103,0.011,0.769,0.035,0.347,0.64,0.331,0.671,0.703,0.107,0.004,0.867,0.114,0.055,0.305,0.007,0.327,0.555,0.595,0.715,0.068,0.009,0.608,0.577,0.676,0.165,0.929,0.984,0.487,0.997,0.498,0.325,0.661,0.153,0.763,0.672,0.47,0.321,0.128,0.88,0.874,0.495,0.43,0.239,0.353,0.247,0.938
-80,0.49,0.311,0.545,0.38,0.618,0.518,0.058,0.575,0.496,0.281,0.649,0.963,0.216,0.793,0.952,0.49,0.651,0.394,0.734,0.673,0.595,0.556,0.019,0.299,0.673,0.944,0.499,0.27,0.51,0.807,0.76,0.589,0.057,0.949,0.685,0.947,0.375,0.77,0.457,0.951,0.378,0.908,0.81,0.939,0.558,0.712,0.794,0.531,0.569,0.673,0.404,0.26,0.971,0.95,0.02,0.533,0.476,0.519,0.357,0.995,0.325,0.15,0.1,0.963
-78,0.957,0.951,0.84,0.55,0.598,0.002,0.147,0.675,0.43,0.555,0.957,0.518,0.465,0.251,0.667,0.693,0.622,0.166,0.937,0.146,0.832,0.15,0.294,0.801,0.336,0.05,0.748,0.733,0.593,0.03,0.877,0.072,0.528,0.577,0.702,0.844,0.627,0.789,0.71,0.154,0.013,0.171,0.503,0.817,0.796,0.298,0.691,0.011,0.431,0.666,0.584,0.272,0.421,0.329,0.73,0.682,0.131,0.169,0.595,0.758,0.523,0.691,0.137,0.424
-76,0.152,0.865,0.483,0.361,0.153,0.731,0.624,0.854,0.747,0.316,0.754,0.281,0.529,0.643,0.194,0.038,0.06,0.273,0.954,0.519,0.524,0.676,0.717,0.01,0.242,0.595,0.502,0.213,0.401,0.354,0.611,0.052,0.442,0.312,0.666,0.303,0.649,0.171,0.421,0.169,0.233,0.661,0.46,0.38,0.138,0.341,0.624,0.673,0.174,0.459,0.359,0.153,0.234,0.728,0.942,0.295,0.183,0.201,0.938,0.67,0.578,0.155,0.857,0.93
-74,0.337,0.374,0.199,0.563,0.673,0.295,0.328,0.08,0.82,0.716,0.28,0.297,0.187,0.257,0.475,0.657,0.154,0.651,0.615,0.688,0.152,0.353,0.436,0.723,0.306,0.382,0.296,0.944,0.69,0.779,0.429,0.634,0.028,0.16,0.96,0.111,0.638,0.576,0.489,0.403,0.688,0.688,0.797,0.51,0.798,0.298,0.004,0.772,0.777,0.472,0.366,0.489,0.61,0.822,0.873,0.512,0.778,0.604,0.34,0.552,0.393,0.705,0.748,0.53
-72,0.017,0.938,0.21,0.877,0.544,0.969,0.46,0.149,0.186,0.138,0.683,0.076,0.376,0.593,0.673,0.517,0.937,0.086,0.612,0.501,0.648,0.235,0.108,0.749,0.763,0.946,0.887,0.843,0.943,0.146,0.671,0.645,0.057,0.295,0.414,0.581,0.046,0.239,0.957,0.61,0.648,0.616,0.436,0.297,0.913,0.59,0.536,0.284,0.42,0.182,0.694,0.925,0.954,0.642,0.027,0.116,0.279,0.773,0.721,0.842,0.764,0.802,0.263,0.99
-70,0.365,0.494,0.862,0.398,0.804,0.447,0.155,0.749,0.274,0.868,0.831,0.69,0.306,0.046,0.397,0.642,0.737,0.928,0.388,0.059,0.213,0.131,0.638,0.836,0.289,0.089,0.186,0.316,0.14,0.607,0.325,0.876,0.175,0.232,0.361,0.259,0.946,0.412,0.456,0.125,0.639,0.923,0.799,0.913,0.253,0.649,0.125,0.246,0.197,0.98,0.76,0.268,0.534,0.902,0.215,0.873,0.48,0.014,0.495,0.125,0.357,0.889,0.814,0.762
-68,0.716,0.758,0.093,0.246,0.531,0.558,0.992,0.927,0.986,0.731,0.245,0.73,0.336,0.077,0.516,0.918,0.203,0.71,0.955,0.267,0.829,0.197,0.377,0.173,0.296,0.971,0.75,0.16,0.166,0.887,0.2,0.433,0.905,0.639,0.61,0.629,0.43,0.314,0.129,0.566,0.115,0.077,0.227,0.354,0.235,0.298,0.352,0.671,0.163,0.408,0.646,0.568,0.853,0.63,0.35,0.459,0.906,0.906,0.008,0.209,0.295,0.729,0.446,0.717
-66,0.004,0.191,0.831,0.848,0.455,0.583,0.501,0.114,0.16,0.296,0.553,0.008,0.037,0.837,0.268,0.176,0.506,0.396,0.998,0.291,0.071,0.835,0.305,0.535,0.202,0.838,0.676,0.45,0.583,0.472,0.475,0.578,0.575,0.585,0.116,0.904,0.035,0.994,0.676,0.912,0.69,0.405,0.113,0.106,0.65,0.998,0.677,0.065,0.053,0.52,0.655,0.415,0.153,0.226,0.708,0.293,0.524,0.322,0.934,0.166,0.765,0.614,0.349,0.071
-64,0.966,0.457,0.951,0.519,0.234,0.474,0.971,0.986,0.536,0.043,0.032,0.121,0.071,0.252,0.269,0.426,0.745,0.611,0.11,0.164,0.435,0.396,0.21,0.489,0.981,0.497,0.557,0.666,0.527,0.553,0.473,0.55,0.815,0.855,0.622,0.626,0.672,0.457,1.0,0.96,0.111,0.705,0.727,0.117,0.337,0.284,0.212,0.023,0.762,0.605,0.593,0.742,0.467,0.035,0.217,0.55,0.813,0.945,0.504,0.898,0.712,0.991,0.425,0.065
-62,0.613,0.545,0.113,0.642,0.391,0.745,0.501,0.491,0.635,0.297,0.66,0.438,0.167,0.221,0.186,0.728,0.036,0.229,0.015,0.096,0.354,0.911,0.051,0.624,0.619,0.638,0.815,0.753,0.299,0.844,0.851,0.932,0.379,0.311,0.697,0.321,0.315,0.604,0.152,0.183,0.865,0.567,0.295,0.326,0.295,0.72,0.728,0.962,0.85,0.752,0.448,0.422,0.583,0.118,0.106,0.301,0.313,0.855,0.541,0.337,0.956,0.064,0.132,0.067
-60,0.968,0.263,0.471,0.541,0.64,0.448,0.697,0.044,0.644,0.025,0.412,0.675,0.293,0.837,0.997,0.378,0.511,0.255,0.943,0.276,0.7,0.299,0.408,0.912,0.193,0.28,0.724,0.32,0.284,0.11,0.079,0.079,0.426,0.014,0.514,0.902,0.038,0.991,0.08,0.61,0.503,0.644,0.904,0.93,0.462,0.175,0.043,0.16,0.673,0.51,0.85,0.59,0.039,0.949,0.243,0.072,0.047,0.332,0.969,0.6,0.397,0.653,0.765,0.946
-58,0.661,0.515,0.778,0.257,0.111,0.714,0.423,0.035,0.856,0.117,0.306,0.677,0.704,0.883,0.23,0.923,0.087,0.385,0.621,0.344,0.205,0.134,0.526,0.513,0.943,0.689,0.087,0.661,0.982,0.001,0.564,0.886,0.888,0.702,0.871,0.975,0.412,0.011,0.372,0.358,0.841,0.048,0.601,0.888,0.077,0.79,0.411,0.017,0.756,0.086,0.621,0.869,0.207,0.537,0.825,0.748,0.372,0.496,0.739,0.221,0.717,0.836,0.783,0.86
-56,0.442,0.888,0.939,0.977,0.423,0.036,0.952,0.732,0.774,0.372,0.679,0.38,0.393,0.326,0.971,0.633,0.429,0.546,0.309,0.075,0.822,0.302,0.136,0.017,0.581,0.252,0.502,0.074,0.471,0.616,0.496,0.552,0.474,0.321,0.368,0.706,0.869,0.455,0.686,0.841,0.776,0.964,0.842,0.081,0.699,0.596,0.367,0.888,0.398,0.297,0.787,0.213,0.895,0.418,0.889,0.894,0.815,0.595,0.123,0.241,0.623,0.26,0.006,0.052
-54,0.748,0.939,0.145,0.01,0.984,0.73,0.325,0.873,0.906,0.903,0.151,0.764,0.076,0.521,0.217,0.129,0.073,0.848,0.664,0.366,0.785,0.809,0.881,0.148,0.137,0.098,0.603,0.182,0.295,0.222,0.449,0.148,0.89,0.594,0.564,0.043,0.662,0.672,0.608,0.372,0.534,0.31,0.791,0.014,0.82,0.543,0.923,0.161,0.016,0.019,0.328,0.498,0.634,0.64,0.08,0.549,0.837,0.04,0.98,0.424,0.582,0.671,0.146,0.208
-52,0.859,0.866,0.511,0.179,0.753,0.793,0.431,0.993,0.773,0.072,0.192,0.496,0.006,0.238,0.252,0.003,0.918,0.022,0.698,0.951,0.334,0.687,0.964,0.83,0.197,0.148,0.876,0.981,0.694,0.752,0.788,0.299,0.129,0.374,0.003,0.814,0.773,0.862,0.777,0.189,0.373,0.852,0.436,0.361,0.898,0.097,0.581,0.713,0.452,0.19,0.546,0.097,0.106,0.912,0.451,0.55,0.005,0.456,0.535,0.552,0.092,0.932,0.752,0.189
-50,0.678,0.865,0.896,0.519,0.547,0.802,0.911,0.72,0.922,0.239,0.127,0.01,0.592,0.744,0.598,0.88,0.653,0.512,0.183,0.44,0.559,0.847,0.394,0.317,0.335,0.653,0.519,0.636,0.332,0.273,0.36,0.396,0.816,0.152,0.085,0.078,0.344,0.642,0.531,0.723,0.681,0.576,0.154,0.064,0.524,0.71,0.135,0.372,0.034,0.881,0.986,0.76,0.446,0.194,0.164,0.845,0.388,0.129,0.303,0.83,0.617,0.029,0.303,0.85
-48,0.276,0.654,0.839,0.701,0.036,0.505,0.306,0.192,0.226,0.683,0.709,0.929,0.535,0.168,0.107,0.801,0.241,0.691,0.619,0.684,0.424,0.147,0.44,0.148,0.902,0.18,0.622,0.025,0.325,0.142,0.495,0.797,0.031,0.076,0.211,0.378,0.886,0.974,0.97,0.741,0.16,0.544,0.588,0.55,0.803,0.107,0.91,0.276,0.895,0.782,0.583,0.696,0.912,0.204,0.328,0.057,0.022,0.662,0.638,0.143,0.369,0.443,0.373,0.842
-46,0.778,0.711,0.615,0.935,0.929,0.243,0.855,0.869,0.879,0.197,0.319,0.218,0.682,0.12,0.847,0.499,0.436,0.169,0.616,0.249,0.605,0.673,0.401,0.611,0.145,0.99,0.749,0.253,0.777,0.641,0.825,0.378,0.5,0.412,0.353,0.444,0.169,0.07,0.342,0.606,0.557,0.185,0.936,0.812,0.845,0.559,0.945,0.34,0.394,0.554,0.488,0.977,0.22,0.033,0.741,0.415,0.606,0.561,0.956,0.455,0.841,0.007,0.534,0.116
-44,0.216,0.544,0.34,0.147,0.881,0.091,0.46,0.34,0.505,0.113,0.687,0.026,0.596,0.189,0.253,0.199,0.209,0.076,0.381,0.046,0.416,0.666,0.527,0.566,0.558,0.51,0.363,0.007,0.999,0.923,0.526,0.999,0.13,0.53,0.992,0.479,0.182,0.184,0.303,0.113,0.769,0.638,0.689,0.593,0.462,0.429,0.931,0.094,0.084,0.508,0.484,0.509,0.095,0.421,0.723,0.663,0.61,0.112,0.553,0.27,0.077,0.906,0.132,0.334
-42,0.485,0.43,0.603,0.41,0.605,0.01,0.859,0.512,0.615,0.169,0.574,0.609,0.638,0.664,0.979,0.215,0.284,0.84,0.808,0.441,0.085,0.942,0.226,0.808,0.521,0.83,0.451,0.562,0.821,0.624,0.369,0.56,0.906,0.453,0.701,0.932,0.269,0.318,0.446,0.976,0.543,0.016,0.034,0.593,0.876,0.548,0.998,0.433,0.842,0.481,0.652,0.783,0.76,0.561,0.334,0.005,0.093,0.794,0.901,0.535,0.442,0.775,0.285,0.235
-40,0.184,0.601,0.627,0.087,0.511,0.741,0.529,0.533,0.595,0.706,0.676,0.733,0.949,0.237,0.234,0.951,0.474,0.195,0.322,0.589,0.835,0.576,0.542,0.551,0.363,0.101,0.984,0.429,0.917,0.227,0.041,0.13,0.567,0.451,0.611,0.013,0.518,0.919,0.011,0.498,0.008,0.771,0.436,0.057,0.759,0.644,0.959,0.429,0.8,0.433,0.398,0.187,0.46,0.757,0.555,0.17,0.868,0.256,0.714,0.135,0.497,0.031,0.877,0.074
-38,0.871,0.992,0.936,0.372,0.009,0.986,0.389,0.757,0.604,0.949,0.92,0.801,0.137,0.369,0.482,0.458,0.215,0.289,0.03,0.359,0.032,0.365,0.632,0.667,0.038,0.166,0.701,0.197,0.933,0.422,0.556,0.977,0.676,0.034,0.035,0.913,0.088,0.994,0.913,0.665,0.46,0.688,0.651,0.093,0.247,0.231,0.236,0.687,0.15,0.912,0.006,0.495,0.248,0.194,0.272,0.485,0.457,0.058,0.583,0.46,0.698,0.749,0.098,0.703
-36,0.091,0.127,0.413,0.831,0.074,0.932,0.371,0.131,0.176,0.229,0.685,0.39,0.526,0.669,0.841,0.929,0.162,0.543,0.302,0.733,0.515,0.326,0.461,0.728,0.624,0.277,0.666,0.225,0.241,0.989,0.415,0.212,0.485,0.074,0.378,0.664,0.281,0.396,0.326,0.599,0.658,0.288,0.062,0.01,0.341,0.848,0.389,0.589,0.754,0.954,0.912,0.556,0.496,0.102,0.456,0.693,0.472,0.628,0.641,0.597,0.736,0.773,0.64,0.147
-34,0.725,0.74,0.99,0.554,0.095,0.051,0.558,0.489,0.155,0.35,0.657,0.002,0.35,0.908,0.587,0.299,0.28,0.959,0.118,0.326,0.436,0.69,0.532,0.673,0.312,0.82,0.569,0.529,0.272,0.936,0.224,0.589,0.602,0.471,0.688,0.602,0.675,0.522,0.567,0.128,0.885,0.246,0.25,0.862,0.562,0.383,0.329,0.216,0.52,0.121,0.907,0.518,0.448,0.98,0.375,0.017,0.226,0.674,0.837,0.456,0.596,0.464,0.214,0.194
-32,0.622,0.364,0.896,0.348,0.679,0.494,0.811,0.405,0.873,0.748,0.242,0.348,0.863,0.904,0.1,0.13,0.696,0.335,0.161,0.879,0.573,0.75,0.025,0.403,0.401,0.622,0.178,0.13,0.902,0.598,0.681,0.25,0.922,0.515,0.967,0.386,0.754,0.628,0.547,0.649,0.625,0.846,0.168,0.988,0.115,0.537,0.029,0.634,0.669,0.36,0.352,0.314,0.605,0.585,0.81,0.71,0.56,0.717,0.068,0.703,0.862,0.366,0.609,0.716
-30,0.839,0.75,0.731,0.788,0.268,0.495,0.621,0.459,0.677,0.852,0.001,0.612,0.144,0.378,0.186,0.965,0.413,0.634,0.243,0.768,0.846,0.471,0.914,0.633,0.122,0.712,0.291,0.34,0.305,0.08,0.81,0.05,0.321,0.952,0.063,0.139,0.143,0.104,0.188,0.618,0.342,0.703,0.965,0.491,0.322,0.006,0.779,0.201,0.651,0.622,0.406,0.832,0.394,0.028,0.645,0.323,0.49,0.47,0.739,0.918,0.985,0.014,0.023,0.488
-28,0.094,0.156,0.944,0.792,0.435,0.138,0.848,0.137,0.202,0.007,0.042,0.868,0.696,0.215,0.433,0.246,0.957,0.433,0.675,0.716,0.391,0.351,0.926,0.063,0.086,0.378,0.069,0.08,0.667,0.35,0.293,0.597,0.656,0.642,0.749,0.952,0.335,0.733,0.705,0.734,0.292,0.889,0.675,0.24,0.517,0.015,0.042,0.281,0.442,0.602,0.706,0.065,0.812,0.348,0.016,0.446,0.579,0.152,0.736,0.165,0.49,0.25,0.87,0.041
-26,0.252,0.647,0.828,0.853,0.297,0.632,0.366,0.157,0.868,0.311,0.805,0.432,0.358,0.615,0.448,0.011,0.113,0.801,0.127,0.212,0.719,0.294,0.37,0.168,0.025,0.816,0.111,0.136,0.203,0.494,0.705,0.873,0.747,0.526,0.681,0.649,0.97,0.071,0.224,0.518,0.517,0.781,0.962,0.24,0.683,0.134,0.222,0.95,0.785,0.326,0.657,0.364,0.861,0.136,0.757,0.966,0.279,0.142,0.817,0.048,0.2,0.0,0.888,0.76
-24,0.883,0.354,0.349,0.853,0.833,0.241,0.01,0.754,0.779,0.865,0.492,0.023,0.583,0.502,0.962,0.033,0.533,0.587,0.856,0.903,0.382,0.365,0.722,0.576,0.007,0.07,0.999,0.661,0.907,0.752,0.404,0.357,0.622,0.886,0.07,0.423,0.734,0.141,0.286,0.802,0.411,0.834,0.848,0.76,0.314,0.279,0.797,0.522,0.877,0.469,0.184,0.944,0.121,0.636,0.602,0.798,0.776,0.675,0.244,0.201,0.758,0.481,0.884,0.144
-22,0.419,0.704,0.43,0.518,0.199,0.346,0.083,0.459,0.4,0.478,0.463,0.652,0.113,0.897,0.118,0.647,0.502,0.275,0.583,0.856,0.811,0.859,0.674,0.781,0.713,0.864,0.015,0.217,0.364,0.703,0.685,0.643,0.769,0.941,0.843,0.001,0.987,0.415,0.911,0.164,0.244,0.779,0.81,0.801,0.153,0.824,0.534,0.101,0.775,0.216,0.781,0.586,0.325,0.694,0.057,0.368,0.163,0.562,0.638,0.933,0.7,0.011,0.427,0.867
-20,0.831,0.533,0.459,0.834,0.34,0.776,0.115,0.762,0.973,0.66,0.565,0.504,0.954,0.343,0.868,0.13,0.126,0.237,0.09,0.579,0.732,0.047,0.123,0.993,0.033,0.486,0.711,0.11,0.492,0.827,0.848,0.361,0.15,0.37,0.946,0.999,0.834,0.359,0.676,0.28,0.254,0.527,0.626,0.217,0.181,0.21,0.078,0.203,0.825,0.177,0.077,0.485,0.066,0.956,0.68,0.291,0.974,0.582,0.59,0.629,0.123,0.548,0.164,0.192
-18,0.203,0.122,0.917,0.53,0.666,0.794,0.632,0.282,0.491,0.688,0.315,0.683,0.506,0.617,0.615,0.499,0.537,0.231,0.188,0.907,0.365,0.491,0.606,0.15,0.924,0.553,0.461,0.433,0.284,0.529,0.735,0.152,0.81,0.486,0.305,0.806,0.152,0.068,0.377,0.675,0.849,0.55,0.763,0.862,0.815,0.565,0.023,0.417,0.153,0.47,0.194,0.374,0.103,0.358,0.404,0.137,0.487,0.951,0.214,0.291,0.184,0.138,0.353,0.244
-16,0.671,0.338,0.75,0.984,0.446,0.673,0.507,0.39,0.988,0.43,0.983,0.493,0.055,0.287,0.206,0.528,0.867,0.712,0.977,0.806,0.575,0.365,0.19,0.232,0.581,0.315,0.848,0.731,0.443,0.37,0.807,0.966,0.111,0.814,0.385,0.473,0.58,0.282,0.235,0.673,0.563,0.084,0.244,0.386,0.393,0.503,0.233,0.444,0.059,0.612,0.756,0.186,0.635,0.225,0.171,0.884,0.596,0.659,0.463,0.528,0.688,0.614,0.089,0.396
-14,0.477,0.381,0.839,0.824,0.48,0.236,0.606,0.843,0.369,0.217,0.54,0.233,0.495,0.41,0.934,0.091,0.148,0.629,0.368,0.163,0.805,0.514,0.639,0.004,0.482,0.097,0.952,0.539,0.583,0.674,0.186,0.318,0.608,0.234,0.097,0.352,0.733,0.514,0.224,0.571,0.527,0.156,0.982,0.169,0.676,0.488,0.573,0.579,0.606,0.657,0.306,0.077,0.467,0.535,0.216,0.752,0.346,0.364,0.247,0.632,0.234,0.058,0.397,0.189
-12,0.677,0.617,0.626,0.04,0.997,0.891,0.652,0.866,0.95,0.4,0.307,0.562,0.433,0.291,0.134,0.616,0.709,0.11,0.098,0.432,0.9,0.341,0.198,0.186,0.933,0.08,0.486,0.3,0.169,0.976,0.789,0.164,0.724,0.035,0.449,0.577,0.248,0.787,0.575,0.562,0.101,0.286,0.572,0.338,0.376,0.25,0.15,0.714,0.114,0.612,0.701,0.699,0.398,0.522,0.527,0.412,0.472,0.938,0.497,0.159,0.734,0.906,0.416,0.193
-10,0.452,0.042,0.052,0.81,0.864,0.611,0.925,0.69,0.17,0.169,0.737,0.74,0.725,0.16,0.4,0.71,0.726,0.662,0.481,0.282,0.561,0.986,0.435,0.775,0.243,0.725,0.109,0.342,0.14,0.601,0.281,0.942,0.258,0.704,0.482,0.699,0.836,0.834,0.885,0.807,0.464,0.14,0.468,0.122,0.764,0.804,0.557,0.437,0.57,0.836,0.832,0.452,0.198,0.569,0.612,0.932,0.909,0.884,0.349,0.869,0.324,0.07,0.728,0.379
-8,0.976,0.899,0.801,0.814,0.683,0.355,0.409,0.962,0.129,0.319,0.149,0.621,0.828,0.555,0.195,0.378,0.68,0.193,0.11,0.243,0.081,0.621,0.19,0.862,0.526,0.985,0.974,0.412,0.907,0.078,0.89,0.303,0.23,0.938,0.421,0.599,0.34,0.105,0.234,0.703,0.038,0.084,0.633,0.915,0.822,0.393,0.515,0.406,0.425,0.532,0.869,0.224,0.379,0.746,0.608,0.172,0.058,0.899,0.686,0.199,0.933,0.124,0.113,0.933
-6,0.999,0.932,0.003,0.59,0.778,0.312,0.599,0.699,0.141,0.074,0.341,0.846,0.583,0.563,0.362,0.393,0.538,0.767,0.71,0.167,0.951,0.626,0.571,0.1,0.648,0.791,0.187,0.865,0.748,0.145,0.033,0.943,0.627,0.194,0.732,0.061,0.306,0.593,0.381,0.097,0.548,0.731,0.502,0.807,0.321,0.204,0.956,0.59,0.519,0.646,0.802,0.494,0.942,0.633,0.418,0.079,0.398,0.252,0.773,0.004,0.963,0.89,0.761,0.48
-4,0.828,0.219,0.866,0.052,0.363,0.677,0.337,0.373,0.598,0.254,0.39,0.233,0.721,0.989,0.935,0.042,0.132,0.438,0.997,0.263,0.507,0.041,0.319,0.446,0.171,0.361,0.804,0.483,0.059,0.969,0.686,0.899,0.875,0.813,0.164,0.963,0.635,0.469,0.037,0.326,0.546,0.754,0.553,0.579,0.19,0.289,0.617,0.2,0.906,0.338,0.919,0.605,0.515,0.35,0.828,0.942,0.209,0.37,0.231,0.974,0.043,0.656,0.91,0.073
-2,0.81,0.376,0.661,0.644,0.608,0.519,0.59,0.853,0.002,0.322,0.553,0.153,0.922,0.988,0.792,0.597,0.223,0.111,0.082,0.624,0.997,0.01,0.021,0.128,0.974,0.56,0.222,0.907,0.25,0.013,0.25,0.064,0.134,0.88,0.34,0.772,0.851,0.142,0.991,0.747,0.326,0.593,0.847,0.106,0.936,0.732,0.227,0.967,0.045,0.293,0.471,0.302,0.469,0.557,0.828,0.327,0.815,0.412,0.387,0.899,0.177,0.099,0.996,0.538
0,0.59,0.973,0.167,0.757,0.276,0.072,0.424,0.593,0.02,0.626,0.78,0.303,0.205,0.388,0.303,0.053,0.068,0.975,0.395,0.364,0.566,0.818,0.934,0.574,0.62,0.208,0.821,0.103,0.825,0.022,0.725,0.016,0.249,0.294,0.076,0.683,0.73,0.755,0.071,0.963,0.594,0.33,0.999,0.147,0.596,0.984,0.287,0.568,0.828,0.411,0.72,0.603,0.245,0.509,0.048,0.16,0.633,0.987,0.797,0.948,0.059,0.474,0.347,0.616
2,0.511,0.266,0.927,0.662,0.284,0.651,0.782,0.713,0.826,0.416,0.239,0.801,0.667,0.64,0.507,0.725,0.277,0.91,0.249,0.059,0.559,0.844,0.088,0.412,0.335,0.655,0.734,0.152,0.636,0.721,0.583,0.67,0.429,0.457,0.886,0.24,0.581,0.487,0.885,0.117,0.823,0.297,0.693,0.65,0.527,0.674,0.174,0.505,0.264,0.941,0.658,0.186,0.584,0.267,0.834,0.518,0.192,0.68,0.476,0.935,0.666,0.408,0.687,0.182
4,0.617,0.382,0.792,0.419,0.036,0.042,0.231,0.931,0.658,0.923,0.471,0.701,0.269,0.027,0.011,0.191,0.148,0.806,0.686,0.275,0.091,0.723,0.817,0.669,0.371,0.495,0.133,0.807,0.048,0.162,0.022,0.168,0.202,0.436,0.971,0.318,0.376,0.426,0.763,0.023,0.049,0.436,0.775,0.256,0.233,0.184,0.037,0.941,0.188,0.129,0.87,0.409,0.753,0.732,0.409,0.054,0.769,0.164,0.893,0.615,0.339,0.329,0.758,0.478
6,0.881,0.421,0.904,0.658,0.547,0.334,0.289,0.465,0.846,0.678,0.751,0.889,0.492,0.869,0.115,0.285,0.756,0.396,0.558,0.051,0.085,0.36,0.107,0.133,0.083,0.31,0.714,0.068,0.149,0.714,0.316,0.125,0.81,0.977,0.36,0.433,0.68,0.955,0.041,0.314,0.863,0.786,0.557,0.195,0.256,0.661,0.581,0.244,0.691,0.045,0.982,0.493,0.092,0.591,0.588,0.201,0.328,0.122,0.404,0.105,0.542,0.838,0.86,0.382
8,0.078,0.901,0.651,0.643,0.902,0.304,0.407,0.749,0.592,0.912,0.368,0.182,0.604,0.529,0.642,0.184,0.599,0.194,0.228,0.44,0.676,0.299,0.701,0.668,0.098,0.685,0.248,0.568,0.735,0.523,0.389,0.819,0.645,0.656,0.533,0.981,0.639,0.333,0.258,0.887,0.921,0.893,0.913,0.26,0.759,0.204,0.927,0.157,0.026,0.348,0.767,0.262,0.317,0.073,0.359,0.886,0.597,0.531,0.519,0.545,0.366,0.413,0.037,0.432
10,0.169,0.738,0.143,0.267,0.41,0.356,0.168,0.701,0.811,0.3,0.433,0.879,0.019,0.101,0.281,0.894,0.57,0.354,0.319,0.035,0.804,0.482,0.005,0.193,0.391,0.739,0.331,0.928,0.344,0.595,0.061,0.105,0.102,0.158,0.261,0.484,0.77,0.4,0.611,0.7,0.643,0.621,0.974,0.398,0.293,0.937,0.585,0.011,0.113,0.392,0.356,0.08,0.627,0.298,0.323,0.738,0.909,0.8,0.535,0.664,0.441,0.996,0.987,0.04
12,0.793,0.047,0.855,0.488,0.271,0.035,0.572,0.078,0.63,0.616,0.883,0.185,0.38,0.802,0.139,0.695,0.82,0.086,0.817,0.97,0.022,0.815,0.442,0.366,0.702,0.306,0.521,0.541,0.949,0.801,0.07,0.468,0.247,0.277,0.01,0.431,0.983,0.441,0.625,0.592,0.149,0.702,0.213,0.86,0.43,0.023,0.136,0.1,0.173,0.337,0.109,0.597,0.775,0.616,0.936,0.138,0.872,0.275,0.974,0.054,0.753,0.529,0.919,0.577
14,0.423,0.806,0.809,0.421,0.035,0.893,0.297,0.332,0.503,0.807,0.142,0.847,0.15,0.015,0.835,0.159,0.703,0.947,0.818,0.698,0.249,0.116,0.174,0.993,0.538,0.081,0.865,0.684,0.889,0.366,0.51,0.128,0.354,0.609,0.621,0.635,0.241,0.666,0.253,0.89,0.785,0.094,0.984,0.846,0.288,0.071,0.581,0.029,0.855,0.556,0.447,0.441,0.404,0.023,0.015,0.131,0.578,0.483,0.869,0.883,0.723,0.786,0.616,0.606
16,0.435,0.177,0.683,0.945,0.483,0.821,0.284,0.415,0.639,0.638,0.117,0.553,0.712,0.047,0.536,0.156,0.042,0.061,0.209,0.423,0.553,0.66,0.182,0.461,0.938,0.816,0.54,0.414,0.12,0.073,0.562,0.117,0.87,0.83,0.02,0.953,0.728,0.137,0.549,0.249,0.169,0.258,0.087,0.124,0.102,0.898,0.074,0.159,0.184,0.674,0.579,0.304,0.221,0.507,0.753,0.485,0.125,0.07,0.636,0.843,0.627,0.749,0.662,0.941
18,0.442,0.085,0.971,0.124,0.688,0.566,0.606,0.871,0.348,0.626,0.421,0.437,0.813,0.209,0.614,0.999,0.803,0.539,0.831,0.763,0.147,0.396,0.355,0.78,0.688,0.356,0.075,0.181,0.932,0.165,0.201,0.809,0.737,0.996,0.802,0.455,0.957,0.609,0.607,0.846,0.828,0.356,0.212,0.143,0.164,0.309,0.163,0.528,0.019,0.427,0.511,0.825,0.078,0.701,0.492,0.311,0.761,0.426,0.584,0.353,0.397,0.885,0.559,0.437
20,0.887,0.555,0.172,0.395,0.183,0.161,0.984,0.164,0.248,0.028,0.997,0.101,0.102,0.946,0.368,0.477,0.547,0.796,0.302,0.775,0.875,0.4,0.231,0.579,0.165,0.67,0.218,0.501,0.129,0.263,0.884,0.361,0.89,0.914,0.737,0.07,0.445,0.338,0.888,0.118,0.538,0.568,0.863,0.541,0.983,0.408,0.148,0.238,0.159,0.011,0.895,0.253,0.428,0.653,0.534,0.299,0.661,0.779,0.937,0.488,0.199,0.656,0.353,0.702
22,0.747,0.889,0.969,0.321,0.393,0.591,0.982,0.48,0.925,0.797,0.883,0.248,0.055,0.828,0.544,0.769,0.08,0.547,0.792,0.52,0.976,0.971,0.155,0.273,0.283,0.697,0.514,0.812,0.148,0.102,0.861,0.916,0.095,0.315,0.704,0.775,0.967,0.611,0.456,0.559,0.339,0.334,0.138,0.073,0.711,0.242,0.242,0.188,0.724,0.291,0.377,0.847,0.917,0.198,0.803,0.872,0.789,0.209,0.315,0.597,0.527,0.863,0.368,0.003
24,0.245,0.462,0.535,0.206,0.954,0.043,0.595,0.363,0.207,0.808,0.086,0.159,0.788,0.298,0.931,0.728,0.699,0.036,0.464,0.932,0.629,0.302,0.951,0.059,0.225,0.248,0.767,0.087,0.507,0.118,0.924,0.304,0.243,0.131,0.248,0.595,0.354,0.538,0.162,0.354,0.608,0.563,0.759,0.46,0.255,0.567,0.811,0.753,0.056,0.187,0.682,0.688,0.593,0.212,0.089,0.282,0.609,0.221,0.644,0.757,0.89,0.8,0.026,0.507
26,0.502,0.702,0.206,0.094,0.56,0.725,0.544,0.53,0.355,0.521,0.416,0.149,0.753,0.313,0.702,0.165,0.465,0.173,0.499,0.498,0.711,0.65,0.396,0.053,0.511,0.071,0.402,0.772,0.16,0.883,0.386,0.961,0.017,0.976,0.036,0.746,0.651,0.223,0.561,0.598,0.008,0.653,0.304,0.097,0.151,0.553,0.891,0.333,0.857,0.468,0.274,0.279,0.57,0.18,0.618,0.222,0.634,0.367,0.422,0.608,0.932,0.752,0.725,0.759
28,0.821,0.037,0.77,0.064,0.135,0.984,0.141,0.999,0.035,0.423,0.828,0.537,0.239,0.59,0.336,0.25,0.949,0.428,0.312,0.075,0.51,0.996,0.87,0.573,0.529,0.68,0.609,0.281,0.822,0.003,0.723,0.173,0.348,0.641,0.942,0.687,0.379,0.35,0.483,0.64,0.947,0.998,0.872,0.634,0.65,0.122,0.986,0.742,0.24,0.407,0.655,0.502,0.811,0.388,0.937,0.411,0.738,0.799,0.319,0.467,0.187,0.422,0.642,0.018
30,0.279,0.384,0.186,0.126,0.034,0.533,0.893,0.087,0.825,0.641,0.989,0.368,0.473,0.258,0.401,0.838,0.229,0.523,0.248,0.909,0.297,0.268,0.944,0.786,0.439,0.332,0.351,0.589,0.546,0.478,0.265,0.377,0.698,0.751,0.223,0.55,0.067,0.039,0.755,0.941,0.996,0.357,0.189,0.464,0.015,0.738,0.018,0.789,0.606,0.203,0.527,0.651,0.553,0.106,0.95,0.537,0.474,0.02,0.22,0.424,0.719,0.225,0.135,0.884
32,0.977,0.803,0.202,0.107,0.773,0.26,0.319,0.181,0.714,0.177,0.127,0.978,0.665,0.596,0.645,0.624,0.538,0.532,0.176,0.313,0.937,0.421,0.912,0.933,0.811,0.955,0.397,0.689,0.442,0.698,0.413,0.712,0.091,0.116,0.422,0.39,0.77,0.517,0.109,0.685,0.195,0.267,0.772,0.693,0.839,0.298,0.797,0.208,0.627,0.322,0.897,0.777,0.94,0.306,0.559,0.416,0.916,0.627,0.251,0.223,0.352,0.737,0.946,0.86
34,0.111,0.629,0.584,0.976,0.252,0.926,0.34,0.421,0.44,0.655,0.975,0.679,0.219,0.187,0.225,0.741,0.365,0.717,0.955,0.014,0.317,0.597,0.141,0.607,0.407,0.09,0.259,0.975,0.475,0.769,0.096,0.344,0.857,0.361,0.483,0.696,0.017,0.064,0.84,0.688,0.795,0.582,0.679,0.599,0.501,0.955,0.841,0.033,0.735,0.293,0.317,0.294,0.042,0.512,0.886,0.977,0.54,0.924,0.699,0.334,0.359,0.017,0.639,0.148
36,0.41,0.306,0.765,0.542,0.881,0.022,0.97,0.538,0.675,0.972,0.481,0.308,0.861,0.702,0.262,0.739,0.979,0.15,0.683,0.142,0.917,0.907,0.184,0.268,0.724,0.08,0.817,0.931,0.377,0.03,0.512,0.041,0.472,0.445,0.202,0.383,0.273,0.301,0.566,0.129,0.111,0.684,0.739,0.965,0.158,0.079,0.638,0.887,0.753,0.96,0.968,0.826,0.027,0.353,0.816,0.463,0.612,0.094,0.551,0.079,0.976,0.494,0.881,0.507
38,0.092,0.135,0.052,0.512,0.74,0.223,0.176,0.826,0.309,0.061,0.713,0.683,0.462,0.721,0.235,0.315,0.313,0.726,0.985,0.857,0.207,0.73,0.792,0.159,0.688,0.964,0.066,0.525,0.722,0.019,0.74,0.864,0.389,0.877,0.507,0.869,0.45,0.581,0.521,0.199,0.761,0.454,0.244,0.406,0.008,0.937,0.812,0.812,0.333,0.006,0.53,0.271,0.169,0.791,0.179,0.342,0.677,0.358,0.721,0.791,0.627,0.291,0.242,0.799
40,0.576,0.888,0.283,0.327,0.673,0.839,0.598,0.231,0.72,0.634,0.211,0.813,0.578,0.984,0.634,0.035,0.042,0.878,0.848,0.509,0.489,0.323,0.878,0.928,0.716,0.083,0.348,0.192,0.409,0.998,0.658,0.591,0.871,0.623,0.483,0.714,0.277,0.278,0.441,0.391,0.066,0.918,0.359,0.031,0.784,0.281,0.225,0.51,0.948,0.738,0.441,0.967,0.567,0.051,0.585,0.47,0.828,0.291,0.629,0.797,0.736,0.738,0.814,0.277
42,0.945,0.859,0.726,0.122,0.861,0.412,0.878,0.282,0.458,0.251,0.874,0.389,0.522,0.761,0.921,0.506,0.704,0.067,0.313,0.644,0.554,0.493,0.114,0.239,0.025,0.615,0.784,0.9,0.961,0.352,0.617,0.6,0.302,0.297,0.973,0.137,0.164,0.695,0.586,0.87,0.386,0.762,0.353,0.836,0.97,0.619,0.707,0.316,0.27,0.075,0.232,0.805,0.849,0.082,0.386,0.727,0.018,0.57,0.549,0.26,0.87,0.814,0.711,0.186
44,0.523,0.766,0.865,0.184,0.383,0.228,0.203,0.759,0.337,0.636,0.741,0.091,0.207,0.908,0.766,0.753,0.706,0.558,0.258,0.088,0.233,0.176,0.555,0.403,0.805,0.199,0.801,0.391,0.362,0.359,0.318,0.341,0.621,0.468,0.955,0.693,0.259,0.364,0.432,0.021,0.284,0.234,0.717,0.986,0.735,0.822,0.425,0.378,0.813,0.396,0.281,0.911,0.115,0.359,0.916,0.208,0.048,0.898,0.976,0.801,0.868,0.313,0.182,0.266
46,0.204,0.862,0.762,0.997,0.586,0.874,0.251,0.846,0.96,0.2,0.56,0.325,0.042,0.421,0.142,0.916,0.543,0.218,0.783,0.892,0.906,0.837,0.509,0.125,0.978,0.175,0.425,0.719,0.661,0.716,0.567,0.313,0.692,0.516,0.458,0.626,0.548,0.565,0.62,0.559,0.42,0.814,0.371,0.702,0.604,0.276,0.191,0.623,0.204,0.199,0.644,0.505,0.283,0.891,0.873,0.501,0.359,0.04,0.738,0.215,0.304,0.902,0.097,0.328
48,0.582,0.664,0.362,0.277,0.632,0.656,0.294,0.171,0.902,0.935,0.384,0.158,0.777,0.368,0.271,0.42,0.158,0.048,0.345,0.485,0.361,0.15,0.346,0.436,0.369,0.032,0.726,0.648,0.147,0.466,0.328,0.531,0.537,0.619,0.456,0.386,0.355,0.998,0.441,0.658,0.212,0.247,0.506,0.727,0.286,0.756,0.111,0.741,0.962,0.283,0.734,0.027,0.251,0.089,0.318,0.784,0.614,0.921,0.319,0.599,0.898,0.844,0.212,0.745
50,0.294,0.098,0.247,0.898,0.236,0.773,0.819,0.487,0.862,0.903,0.079,0.784,0.905,0.914,0.245,0.804,0.186,0.043,0.185,0.897,0.971,0.172,0.336,0.54,0.275,0.265,0.253,0.062,0.978,0.562,0.947,0.385,0.089,0.418,0.757,0.074,0.382,0.371,0.966,0.751,0.854,0.671,0.376,0.229,0.234,0.08,0.171,0.41,0.06,0.572,0.433,0.834,0.756,0.076,0.537,0.163,0.46,0.36,0.517,0.684,0.813,0.101,0.604,0.909
52,0.835,0.559,0.054,0.705,0.548,0.739,0.254,0.582,0.007,0.284,0.714,0.183,0.421,0.327,0.328,0.521,0.25,0.305,0.371,0.794,0.257,0.216,0.505,0.079,0.969,0.949,0.384,0.105,0.72,0.302,0.396,0.423,0.884,0.465,0.823,0.671,0.962,0.879,0.465,0.37,0.513,0.459,0.803,0.759,0.777,0.613,0.335,0.488,0.287,0.939,0.19,0.627,0.66,0.588,0.679,0.859,0.839,0.459,0.961,0.209,0.667,0.388,0.311,0.7
54,0.723,0.632,0.812,0.767,0.829,0.982,0.882,0.487,0.361,0.826,0.204,0.728,0.129,0.796,0.207,0.427,0.064,0.29,0.138,0.315,0.03,0.364,0.989,0.461,0.084,0.259,0.232,0.861,0.705,0.366,0.692,0.372,0.816,0.756,0.34,0.306,0.01,0.147,0.586,0.693,0.704,0.972,0.723,0.948,0.691,0.381,0.835,0.033,0.172,0.482,0.737,0.618,0.101,0.723,0.007,0.908,0.135,0.954,0.21,0.969,0.628,0.984,0.462,0.688
56,0.563,0.206,0.629,0.747,0.185,0.307,0.069,0.527,0.077,0.203,0.042,0.955,0.03,0.099,0.323,0.57,0.662,0.436,0.156,0.331,0.686,0.706,0.73,0.641,0.509,0.109,0.478,0.327,0.841,0.778,0.94,0.918,0.491,0.441,0.102,0.065,0.266,0.829,0.782,0.749,0.533,0.371,0.276,0.625,0.46,0.672,0.196,0.56,0.341,0.02,0.199,0.119,0.797,0.687,0.992,0.882,0.811,0.473,0.164,0.777,0.596,0.611,0.181,0.995
58,0.017,0.592,0.312,0.968,0.131,0.188,0.404,0.972,0.063,0.486,0.339,0.157,0.469,0.801,0.118,0.135,0.923,0.211,0.957,0.818,0.683,0.929,0.064,0.85,0.235,0.021,0.789,0.776,0.85,0.267,0.686,0.955,0.193,0.814,0.699,0.111,0.288,0.981,0.41,0.1,0.649,0.792,0.142,0.883,0.853,0.866,0.515,0.467,0.176,0.286,0.567,0.432,0.312,0.149,0.501,0.885,0.458,0.47,0.795,0.603,0.854,0.206,0.726,0.086
60,0.87,0.184,0.529,0.322,0.179,0.65,0.233,0.394,0.179,0.707,0.474,0.896,0.446,0.158,0.36,0.691,0.046,0.926,0.781,0.406,0.877,0.977,0.671,0.605,0.468,0.033,0.608,0.282,0.588,0.726,0.617,0.396,0.255,0.967,0.756,0.657,0.377,0.951,0.272,0.476,0.816,0.669,0.123,0.838,0.439,0.807,0.357,0.304,0.338,0.634,0.324,0.638,0.77,0.777,0.233,0.964,0.521,0.147,0.751,0.086,0.903,0.859,0.272,0.184
62,0.692,0.66,0.993,0.617,0.752,0.955,0.953,0.126,0.565,0.379,0.4,0.98,0.09,0.451,0.969,0.138,0.891,0.376,0.158,0.078,0.137,0.68,0.25,0.337,0.445,0.105,0.992,0.528,0.292,0.573,0.962,0.878,0.868,0.004,0.459,0.413,0.924,0.706,0.327,0.041,0.585,0.755,0.321,0.505,0.35,0.22,0.934,0.549,0.098,0.002,0.102,0.73,0.708,0.581,0.417,0.82,0.66,0.467,0.196,0.229,0.864,0.491,0.675,0.536
64,0.522,0.268,0.993,0.802,0.436,0.894,0.115,0.085,0.786,0.631,0.585,0.766,0.266,0.175,0.677,0.078,0.196,0.012,0.011,0.239,0.721,0.449,0.637,0.792,0.906,0.908,0.881,0.435,0.531,0.16,0.575,0.288,0.931,0.872,0.931,0.792,0.725,0.133,0.12,0.373,0.795,0.18,0.061,0.002,0.473,0.393,0.089,0.022,0.84,0.656,0.114,0.704,0.594,0.89,0.22,0.459,0.381,0.441,0.188,0.715,0.481,0.506,0.429,0.094
66,0.371,0.189,0.285,0.675,0.137,0.432,0.661,0.915,0.684,0.542,0.505,0.202,0.729,0.817,0.908,0.751,0.873,0.111,0.889,0.66,0.636,0.359,0.429,0.139,0.553,0.206,0.255,0.041,0.902,0.421,0.022,0.533,0.241,0.855,0.135,0.719,0.093,0.26,0.597,0.553,0.922,0.392,0.801,0.358,0.74,0.973,0.751,0.005,0.675,0.263,0.736,0.844,0.489,0.145,0.826,0.838,0.719,0.259,0.023,0.719,0.639,0.323,0.064,0.744
68,0.272,0.679,0.57,0.566,0.926,0.841,0.261,0.407,0.152,0.605,0.824,0.741,0.655,0.232,0.665,0.141,0.705,0.086,0.381,0.287,0.036,0.679,0.94,0.664,0.146,0.01,0.872,0.906,0.972,0.387,0.594,0.225,0.595,0.637,0.542,0.183,0.334,0.092,0.824,0.604,0.282,0.925,0.99,0.178,0.393,0.322,0.976,0.507,0.678,0.752,0.021,0.862,0.674,0.412,0.603,0.387,0.764,0.236,0.591,0.766,0.292,0.738,0.154,0.436
70,0.541,0.64,0.546,0.854,0.583,0.096,0.528,0.982,0.645,0.428,0.196,0.368,0.819,0.419,0.8,0.331,0.996,0.852,0.489,0.216,0.753,0.522,0.55,0.372,0.528,0.196,0.323,0.562,0.066,0.107,0.323,0.444,0.02,0.053,0.722,0.937,0.266,0.128,0.51,0.042,0.223,0.257,0.615,0.466,0.269,0.009,0.136,0.597,0.271,0.113,0.312,0.625,0.186,0.978,0.931,0.143,0.317,0.909,0.885,0.534,0.457,0.221,0.723,0.446
72,0.226,0.808,0.607,0.465,0.569,0.146,0.89,0.91,0.668,0.727,0.502,0.647,0.074,0.956,0.525,0.603,0.376,0.266,0.686,0.525,0.319,0.42,0.365,0.932,0.121,0.736,0.199,0.178,0.454,0.638,0.978,0.461,0.021,0.482,0.732,0.609,0.027,0.771,0.588,0.123,0.309,0.399,0.784,0.12,0.725,0.491,0.942,0.999,0.733,0.516,0.418,0.346,0.088,0.435,0.529,0.713,0.371,0.189,0.963,0.805,0.243,0.263,0.39,0.486
74,0.632,0.025,0.162,0.95,0.307,0.819,0.132,0.52,0.021,0.655,0.168,0.438,0.654,0.891,0.614,0.122,0.276,0.558,0.624,0.676,0.831,0.149,0.839,0.32,0.034,0.638,0.006,0.524,0.352,0.385,0.1,0.883,0.887,0.187,0.836,0.94,0.883,0.349,0.814,0.411,0.527,0.812,0.323,0.079,0.792,0.152,0.726,0.117,0.747,0.248,0.13,0.21,0.826,0.567,0.855,0.054,0.42,0.479,0.268,0.056,0.922,0.004,0.622,0.014
76,0.424,0.238,0.851,0.365,0.398,0.352,0.083,0.168,0.297,0.935,0.169,0.668,0.975,0.283,0.048,0.316,0.816,0.382,0.863,0.679,0.978,0.508,0.316,0.898,0.201,0.33,0.189,0.832,0.647,0.002,0.32,0.405,0.695,0.367,0.767,0.346,0.543,0.564,0.609,0.349,0.002,0.543,0.97,0.621,0.126,0.278,0.911,0.452,0.701,0.004,0.774,0.038,0.077,0.176,0.722,0.645,0.32,0.942,0.617,0.512,0.08,0.727,0.744,0.598
78,0.408,0.112,0.139,0.276,0.84,0.618,0.82,0.359,0.522,0.665,0.37,0.049,0.972,0.809,0.457,0.562,0.672,0.286,0.405,0.599,0.54,0.696,0.744,0.585,0.342,0.28,0.173,0.762,0.037,0.524,0.552,0.574,0.418,0.512,0.593,0.09,0.305,0.858,0.335,0.387,0.868,0.623,0.191,0.304,0.845,0.125,0.499,0.022,0.182,0.022,0.955,0.864,0.087,0.614,0.447,0.491,0.009,0.224,0.394,0.578,0.871,0.662,0.125,0.6
80,0.695,0.819,0.524,0.312,0.557,0.515,0.091,0.897,0.016,0.451,0.907,0.843,0.93,0.209,0.081,0.565,0.192,0.712,0.849,0.035,0.451,0.735,0.15,0.812,0.253,0.805,0.916,0.694,0.318,0.813,0.201,0.414,0.915,0.008,0.453,0.354,0.006,0.155,0.662,0.497,0.043,0.493,0.695,0.209,0.173,0.382,0.302,0.16,0.43,0.055,0.03,0.72,0.612,0.085,0.322,0.359,0.216,0.556,0.55,0.972,0.87,0.295,0.253,0.226
82,0.124,0.018,0.696,0.473,0.368,0.351,0.644,0.1,0.44,0.641,0.685,0.056,0.295,0.194,0.446,0.139,0.088,0.836,0.621,0.478,0.177,0.328,0.987,0.933,0.055,0.722,0.73,0.01,0.355,0.959,0.8,0.502,0.815,0.594,0.133,0.152,0.424,0.348,0.71,0.834,0.834,0.93,0.188,0.146,0.165,0.939,0.326,0.065,0.714,0.286,0.971,0.662,0.798,0.879,0.393,0.448,0.417,0.634,0.897,0.689,0.279,0.395,0.101,0.368
84,0.412,0.356,0.291,0.425,0.508,0.922,0.089,0.043,0.129,0.55,0.687,0.704,0.149,0.708,0.636,0.032,0.808,0.075,0.807,0.533,0.892,0.429,0.172,0.589,0.373,0.808,0.761,0.285,0.735,0.25,0.569,0.674,0.834,0.064,0.551,0.993,0.461,0.998,0.563,0.272,0.999,0.3,0.142,0.145,0.685,0.456,0.61,0.077,0.18,0.773,0.479,0.261,0.772,0.527,0.351,0.108,0.737,0.022,0.98,0.03,0.589,0.807,0.834,0.602
86,0.354,0.388,0.229,0.997,0.385,0.372,0.515,0.009,0.512,0.963,0.174,0.196,0.711,0.699,0.304,0.058,0.386,0.922,0.546,0.422,0.479,0.909,0.328,0.938,0.17,0.616,0.616,0.931,0.714,0.387,0.841,0.178,0.568,0.951,0.093,0.606,0.214,0.816,0.359,0.399,0.692,0.366,0.414,0.537,0.481,0.205,0.47,0.867,0.982,0.451,0.655,0.627,0.916,0.247,0.626,0.843,0.326,0.058,0.237,0.072,0.559,0.883,0.283,0.822
88,0.941,0.854,0.265,0.842,0.758,0.829,0.393,0.016,0.158,0.363,0.983,0.574,0.102,0.425,0.592,0.229,0.681,0.954,0.537,0.737,0.495,0.766,0.504,0.549,0.665,0.35,0.736,0.359,0.469,0.523,0.14,0.932,0.451,0.246,0.16,0.52,0.063,0.907,0.958,0.214,0.801,0.804,0.611,0.365,0.125,0.908,0.191,0.91,0.193,0.773,0.312,0.021,0.401,0.664,0.316,0.403,0.868,0.036,0.679,0.853,0.425,0.005,0.307,0.811
90,0.996,0.105,0.527,0.617,0.893,0.905,0.231,0.71,0.588,0.954,0.74,0.78,0.208,0.961,0.516,0.545,0.629,0.246,0.932,0.533,0.374,0.129,0.992,0.419,0.976,0.516,0.859,0.988,0.877,0.095,0.581,0.041,0.925,0.885,0.267,0.36,0.525,0.441,0.761,0.062,0.435,0.343,0.539,0.127,0.312,0.059,0.072,0.477,0.628,0.958,0.377,0.289,0.87,0.029,0.594,0.454,0.302,0.452,0.647,0.996,0.009,0.709,0.679,0.939
92,0.514,0.125,0.707,0.916,0.58,0.722,0.291,0.622,0.923,0.363,0.231,0.468,0.952,0.859,0.573,0.011,0.286,0.343,0.901,0.538,0.464,0.742,0.567,0.604,0.133,0.973,0.187,0.459,0.187,0.155,0.085,0.786,0.75,0.021,0.633,0.521,0.831,0.996,0.37,0.302,0.464,0.867,0.296,0.875,0.193,0.433,0.268,0.466,0.841,0.648,0.275,0.233,0.982,0.872,0.998,0.967,0.27,0.24,0.387,0.342,0.846,0.031,0.886,0.413
94,0.363,0.913,0.151,0.647,0.855,0.09,0.261,0.866,0.747,0.116,0.788,0.095,0.601,0.515,0.577,0.515,0.846,0.926,0.609,0.56,0.813,0.011,0.33,0.729,0.537,0.474,0.56,0.153,0.859,0.001,0.701,0.275,0.239,0.325,0.586,0.504,0.133,0.394,0.046,0.386,0.127,0.721,0.748,0.351,0.64,0.53,0.04,0.209,0.228,0.013,0.239,0.445,0.047,0.326,0.874,0.451,0.278,0.548,0.529,0.935,0.863,0.911,0.223,0.174
96,0.193,0.866,0.59,0.897,0.936,0.167,0.436,0.904,0.447,0.45,0.669,0.08,0.969,0.339,0.003,0.316,0.246,0.635,0.0,0.146,0.04,0.656,0.641,0.743,0.543,0.758,0.171,0.291,0.161,0.12,0.975,0.977,0.814,0.669,0.948,0.603,0.018,0.704,0.446,0.938,0.394,0.829,0.936,0.398,0.386,0.829,0.549,0.927,0.742,0.801,0.575,0.775,0.844,0.602,0.559,0.581,0.98,0.841,0.633,0.839,0.976,0.088,0.623,0.549
98,0.914,0.443,0.773,0.111,0.64,0.561,0.216,0.247,0.573,0.503,0.474,0.173,0.392,0.982,0.052,0.643,0.617,0.69,0.689,0.048,0.185,0.775,0.545,0.674,0.404,0.298,0.18,0.176,0.295,0.009,0.693,0.255,0.821,0.147,0.083,0.488,0.897,0.75,0.354,0.847,0.142,0.758,0.503,0.319,0.072,0.505,0.605,0.628,0.588,0.544,0.064,0.526,0.221,0.735,0.697,0.458,0.724,0.326,0.467,0.618,0.836,0.524,0.246,0.015
100,0.109,0.188,0.338,0.477,0.161,0.407,0.845,0.825,0.777,0.298,0.716,0.662,0.755,0.157,0.188,0.058,0.541,0.266,0.275,0.095,0.464,0.851,0.361,0.375,0.946,0.841,0.123,0.327,0.907,0.433,0.815,0.317,0.265,0.054,0.43,0.851,0.055,0.575,0.154,0.965,0.729,0.236,0.443,0.659,0.223,0.967,0.266,0.66,0.019,0.324,0.077,0.834,0.175,0.304,0.371,0.27,0.187,0.638,0.499,0.953,0.518,0.964,0.002,0.663
102,0.025,0.667,0.662,0.868,0.755,0.546,0.824,0.869,0.484,0.972,0.3,0.26,0.202,0.44,0.14,0.2,0.321,0.005,0.868,0.872,0.862,0.309,0.548,0.061,0.745,0.325,0.427,0.498,0.582,0.055,0.872,0.746,0.223,0.865,0.174,0.345,0.235,0.969,0.799,0.293,0.371,0.538,0.009,0.514,0.642,0.177,0.344,0.065,0.973,0.288,0.002,0.375,0.618,0.572,0.629,0.111,0.87,0.426,0.349,0.967,0.067,0.352,0.496,0.884
104,0.284,0.001,0.539,0.848,0.93,0.767,0.286,0.125,0.693,0.456,0.043,0.328,0.532,0.816,0.851,0.124,0.827,0.947,0.107,0.314,0.749,0.529,0.577,0.793,0.248,0.43,0.358,0.971,0.402,0.718,0.107,0.518,0.06,0.327,0.032,0.849,0.107,0.427,0.452,0.024,0.506,0.47,0.152,0.109,0.66,0.533,0.653,0.231,0.387,0.332,0.885,0.26,0.802,0.476,0.249,0.152,0.781,0.293,0.142,0.498,0.808,0.502,0.782,0.898
106,0.935,0.911,0.913,0.617,0.37,0.103,0.644,0.3,0.061,0.908,0.632,0.969,0.213,0.023,0.893,0.272,0.767,0.853,0.479,0.858,0.618,0.962,0.994,0.427,0.567,0.98,0.881,0.702,0.518,0.321,0.143,0.766,0.482,0.545,0.795,0.068,0.368,0.905,0.126,0.685,0.763,0.74,0.129,0.292,0.394,0.735,0.597,0.05,0.808,0.271,0.451,0.194,0.727,0.808,0.696,0.344,0.733,0.917,0.556,0.979,0.474,0.576,0.104,0.853
108,0.397,0.372,0.59,0.11,0.203,0.84,0.565,0.825,0.672,0.697,0.883,0.702,0.584,0.533,0.072,0.95,0.012,0.237,0.44,0.731,0.224,0.664,0.463,0.288,0.093,0.043,0.412,0.205,0.228,0.36,0.899,0.277,0.615,0.663,0.972,0.378,0.276,0.942,0.978,0.206,0.098,0.459,0.353,0.929,0.169,0.587,0.495,0.619,0.271,0.653,0.985,0.047,0.922,0.794,0.095,0.128,0.979,0.992,0.532,0.272,0.242,0.297,0.412,0.078
110,0.868,0.31,0.17,0.508,0.397,0.957,0.04,0.375,0.373,0.003,0.766,0.869,0.999,0.047,0.302,0.401,0.995,0.713,0.686,0.753,0.815,0.679,0.139,0.154,0.228,0.938,0.306,0.676,0.718,0.681,0.152,0.16,0.168,0.558,0.592,0.996,0.974,0.093,0.436,0.125,0.263,0.934,0.468,0.461,0.746,0.651,0.264,0.848,0.945,0.822,0.466,0.529,0.137,0.905,0.194,0.214,1.0,0.874,0.541,0.604,0.662,0.826,0.924,0.965
112,0.936,0.856,0.018,0.631,0.176,0.202,0.134,0.466,0.038,0.391,0.836,0.943,0.211,0.791,0.136,0.243,0.66,0.123,0.36,0.825,0.413,0.556,0.555,0.808,0.418,0.021,0.151,0.422,0.114,0.013,0.931,0.323,0.126,0.949,0.591,0.025,0.522,0.327,0.041,0.787,0.812,0.967,0.905,0.539,0.158,0.065,0.604,0.919,0.628,0.454,0.342,0.713,0.997,0.356,0.743,0.754,0.68,0.336,0.226,0.305,0.015,0.592,0.704,0.589
114,0.527,0.887,0.882,0.023,0.733,0.35,0.596,0.465,0.06,0.02,0.142,0.52,0.142,0.271,0.234,0.273,0.719,0.23,0.186,0.008,0.5,0.309,0.52,0.056,0.823,0.506,0.323,0.907,0.582,0.189,0.168,0.054,0.399,0.05,0.632,0.44,0.784,0.604,0.63,0.573,0.168,0.974,0.566,0.826,0.586,0.592,0.621,0.28,0.131,0.491,0.855,0.032,0.502,0.954,0.203,0.882,0.438,0.658,0.22,0.488,0.899,0.52,0.534,0.602
116,0.541,0.917,0.771,0.69,0.661,0.165,0.148,0.558,0.965,0.73,0.8,0.104,0.036,0.269,0.237,0.948,0.801,0.902,0.971,0.959,0.378,0.173,0.937,0.027,0.416,0.347,0.282,0.613,0.791,0.454,0.747,0.43,0.78,0.278,0.223,0.763,0.574,0.196,0.654,0.79,0.787,0.885,0.275,0.749,0.266,0.358,0.469,0.522,0.197,0.841,0.218,0.442,0.286,0.608,0.902,0.076,0.42,0.441,0.543,0.457,0.871,0.324,0.199,0.082
118,0.349,0.506,0.859,0.807,0.15,0.123,0.384,0.043,0.537,0.301,0.194,0.31,0.741,0.479,0.936,0.028,0.787,0.449,0.157,0.833,0.977,0.476,0.435,0.106,0.69,0.447,0.265,0.02,0.587,0.11,0.051,0.944,0.616,0.742,0.107,0.544,0.184,0.613,0.83,0.025,0.573,0.244,0.063,0.155,0.708,0.345,0.191,0.532,0.955,0.563,0.5,0.788,0.665,0.701,0.74,0.003,0.473,0.674,0.786,0.871,0.531,0.53,0.024,0.889
120,0.389,0.175,0.295,0.526,0.308,0.542,0.452,0.674,0.963,0.176,0.31,0.589,0.086,0.213,0.822,0.099,0.846,0.714,0.065,0.583,0.963,0.119,0.928,0.274,0.101,0.719,0.419,0.251,0.464,0.59,0.941,0.528,0.376,0.717,0.884,0.06,0.053,0.201,0.063,0.865,0.748,0.143,0.921,0.947,0.207,0.587,0.162,0.123,0.109,0.013,0.78,0.825,0.878,0.03,0.709,0.467,0.515,0.602,0.221,0.965,0.045,0.758,0.99,0.115
122,0.278,0.059,0.508,0.033,0.201,0.12,0.714,0.134,0.712,0.916,0.233,0.274,0.878,0.606,0.824,0.868,0.781,0.954,0.031,0.754,0.235,0.615,0.166,0.682,0.856,0.564,0.748,0.4,0.533,0.875,0.897,0.992,0.476,0.62,0.308,0.636,0.038,0.825,0.005,0.047,0.362,0.694,0.808,0.274,0.188,0.964,0.248,0.055,0.092,0.399,0.916,0.034,0.787,0.24,0.253,0.359,0.093,0.349,0.702,0.718,0.897,0.811,0.843,0.608
124,0.545,0.97,0.499,0.566,0.774,0.176,0.909,0.934,0.926,0.211,0.274,0.524,0.762,0.115,0.485,0.264,0.357,0.928,0.755,0.807,0.861,0.708,0.257,0.094,0.14,0.549,0.331,0.15,0.363,0.053,0.302,0.929,0.377,0.765,0.55,0.016,0.618,0.633,0.026,0.375,0.764,0.279,0.922,0.338,0.186,0.967,0.763,0.931,0.873,0.355,0.767,0.511,0.364,0.784,0.44,0.378,0.642,0.303,0.177,0.471,0.99,0.44,0.954,0.88
126,0.011,0.586,0.476,0.128,0.945,0.425,0.349,0.85,0.168,0.964,0.837,0.419,0.897,0.252,0.259,0.888,0.556,0.084,0.435,0.992,0.223,0.479,0.619,0.44,0.112,0.054,0.446,0.847,0.666,0.983,0.446,0.811,0.602,0.202,0.87,0.328,0.903,0.97,0.972,0.895,0.549,0.296,0.809,0.289,0.257,0.512,0.57,0.743,0.253,0.026,0.865,0.982,0.816,0.671,0.763,0.188,0.263,0.749,0.536,0.418,0.893,0.862,0.448,0.509
128,0.163,0.851,0.977,0.674,0.54,0.833,0.759,0.573,0.242,0.877,0.083,0.121,0.643,0.086,0.626,0.463,0.841,0.479,0.082,0.63,0.116,0.272,0.846,0.567,0.458,0.919,0.449,0.982,0.628,0.77,0.233,0.442,0.085,0.491,0.916,0.006,0.146,0.369,0.361,0.514,0.315,0.586,0.344,0.122,0.715,0.593,0.094,0.267,0.098,0.644,0.233,0.296,0.307,0.262,0.55,0.908,0.101,0.588,0.991,0.9,0.05,0.875,0.701,0.874
130,0.603,0.71,0.761,0.141,0.098,0.595,0.359,0.776,0.148,0.654,0.318,0.507,0.286,0.154,0.6,0.889,0.088,0.342,0.948,0.696,0.918,0.957,0.046,0.969,0.468,0.812,0.62,0.408,0.912,0.906,0.441,0.257,0.19,0.855,0.797,0.416,0.71,0.53,0.867,0.869,0.023,0.13,0.779,0.597,0.777,0.033,0.088,0.151,0.458,0.859,0.717,0.126,0.742,0.944,0.074,0.953,0.981,0.988,0.309,0.031,0.22,0.428,0.865,0.01
132,0.968,0.532,0.448,0.472,0.12,0.144,0.237,0.855,0.437,0.286,0.792,0.634,0.355,0.076,0.096,0.262,0.802,0.034,0.07,0.65,0.271,0.736,0.058,0.519,0.955,0.459,0.7,0.915,0.875,0.913,0.835,0.442,0.845,0.423,0.877,0.062,0.831,0.175,0.905,0.587,0.325,0.57,0.096,0.232,0.524,0.491,0.629,0.57,0.564,0.386,0.565,0.984,0.305,0.903,0.864,0.442,0.614,0.707,0.812,0.022,0.605,0.427,0.026,0.212
134,0.57,0.679,0.491,0.256,0.936,0.798,0.21,0.591,0.73,0.635,0.101,0.315,0.273,0.554,0.069,0.275,0.771,0.459,0.452,0.03,0.653,0.326,0.641,0.641,0.175,0.362,0.251,0.584,0.155,0.929,0.63,0.471,0.395,0.616,0.775,0.642,0.335,0.509,0.195,0.033,0.255,0.167,0.165,0.198,0.183,0.878,0.892,0.31,0.69,0.009,0.943,0.652,0.884,0.191,0.373,0.959,0.311,0.831,0.939,0.962,0.937,0.417,0.415,0.197
136,0.062,0.756,0.628,0.437,0.864,0.742,0.896,0.249,0.177,0.289,0.04,0.079,0.628,0.896,0.549,0.459,0.518,0.421,0.847,0.158,0.998,0.159,0.534,0.707,0.123,0.771,0.99,0.814,0.874,0.443,0.533,0.394,0.039,0.619,0.899,0.739,0.0,0.465,0.464,0.49,0.163,0.663,0.085,0.404,0.045,0.28,0.783,0.458,0.353,0.077,0.421,0.037,0.183,0.905,0.193,0.753,0.323,0.372,0.882,0.004,0.881,0.509,0.708,0.865
138,0.999,0.336,0.58,0.765,0.794,0.225,0.194,0.252,0.305,0.003,0.242,0.655,0.332,0.23,0.985,0.429,0.223,0.693,0.697,0.045,0.513,0.626,0.279,0.822,0.986,0.688,0.112,0.496,0.791,0.829,0.677,0.548,0.435,0.915,0.493,0.771,0.459,0.462,0.486,0.16,0.521,0.222,0.575,0.204,0.116,0.396,0.954,0.496,0.572,0.452,0.779,0.666,0.696,0.731,0.432,0.67,0.774,0.244,0.374,0.851,0.193,0.599,0.237,0.576
140,0.971,0.537,0.041,0.001,0.708,0.748,0.786,0.875,0.111,0.689,0.566,0.752,0.37,0.338,0.904,0.544,0.555,0.336,0.593,0.27,0.447,0.061,0.686,0.423,0.685,0.536,0.399,0.235,0.171,0.525,0.098,0.323,0.001,0.521,0.258,0.299,0.314,0.983,0.313,0.057,0.867,0.239,0.166,0.457,0.043,0.061,0.285,0.914,0.056,0.208,0.029,0.751,0.181,0.832,0.156,0.805,0.047,0.65,0.999,0.459,0.389,0.526,0.383,0.898
142,0.797,0.435,0.112,0.892,0.746,0.268,0.583,0.366,0.368,0.417,0.094,0.002,0.446,0.124,0.204,0.279,0.739,0.917,0.235,0.413,0.523,0.632,0.608,0.583,0.988,0.323,0.592,0.637,0.224,0.675,0.016,0.019,0.264,0.744,0.276,0.427,0.762,0.654,0.329,0.459,0.295,0.657,0.666,0.967,0.819,0.703,0.375,0.535,0.412,0.261,0.898,0.473,0.728,0.967,0.95,0.758,0.094,0.728,0.765,0.025,0.743,0.287,0.967,0.041
144,0.664,0.908,0.985,0.364,0.782,0.346,0.602,0.878,0.618,0.331,0.629,0.521,0.773,0.496,0.359,0.927,0.961,0.393,0.62,0.138,0.865,0.23,0.513,0.029,0.012,0.838,0.487,0.494,0.428,0.009,0.959,0.154,0.754,0.437,0.048,0.319,0.9,0.727,0.735,0.72,0.611,0.982,0.243,0.133,0.191,0.609,0.038,0.331,0.259,0.786,0.634,0.028,0.747,0.82,0.22,0.979,0.111,0.214,0.183,0.972,0.174,0.413,0.412,0.71
146,0.815,0.262,0.772,0.85,0.194,0.95,0.903,0.472,0.706,0.631,0.873,0.138,0.334,0.5,0.694,0.973,0.541,0.105,0.399,0.673,0.983,0.487,0.834,0.668,0.753,0.875,0.778,0.627,0.586,0.18,0.365,0.901,0.267,0.588,0.429,0.114,0.875,0.542,0.355,0.402,0.397,0.462,0.466,0.369,0.256,0.217,0.175,0.73,0.801,0.757,0.547,0.217,0.208,0.143,0.378,0.825,0.444,0.056,0.283,0.415,0.223,0.7,0.039,0.311
148,0.594,0.429,0.326,0.79,0.124,0.598,0.949,0.852,0.376,0.451,0.291,0.241,0.456,0.47,0.057,0.953,0.177,0.406,0.737,0.68,0.141,0.512,0.858,0.215,0.536,0.088,0.088,0.984,0.673,0.954,0.21,0.786,0.948,0.326,0.521,0.683,0.743,0.89,0.706,0.042,0.968,0.161,0.403,0.042,0.876,0.708,0.164,0.091,0.581,0.952,0.101,0.13,0.356,0.471,0.888,0.238,0.08,0.319,0.688,0.716,0.669,0.564,0.81,0.02
150,0.303,0.587,0.939,0.982,0.226,0.93,0.923,0.568,0.354,0.918,0.968,0.777,0.158,0.408,0.499,0.021,0.925,0.476,0.15,0.957,0.999,0.87,0.194,0.598,0.409,0.922,0.07,0.307,0.599,0.579,0.613,0.085,0.956,0.15,0.397,0.79,0.5,0.285,0.075,0.573,0.771,0.92,0.482,0.676,0.116,0.504,0.228,0.996,0.395,0.434,0.68,0.598,0.544,0.432,0.147,0.908,0.129,0.462,0.427,0.42,0.097,0.132,0.118,0.933
152,0.024,0.014,0.564,0.234,0.047,0.145,0.805,0.794,0.74,0.55,0.539,0.93,0.85,0.34,0.702,0.56,0.069,0.126,0.805,0.827,0.731,0.365,0.496,0.089,0.271,0.649,0.363,0.394,0.696,0.523,0.996,0.001,0.964,0.884,0.547,0.834,0.097,0.551,0.787,0.04,0.15,0.526,0.195,0.418,0.187,0.216,0.122,0.633,0.898,0.769,0.273,0.171,0.099,0.584,0.908,0.924,0.343,0.168,0.482,0.847,0.793,0.665,0.074,0.821
154,0.155,0.688,0.778,0.637,0.394,0.548,0.216,0.535,0.796,0.834,0.356,0.434,0.038,0.339,0.552,0.557,0.277,0.735,0.936,0.962,0.219,0.654,0.918,0.574,0.678,0.468,0.112,0.969,0.576,0.847,0.114,0.787,0.368,0.371,0.215,0.595,0.293,0.346,0.269,0.019,0.229,0.135,0.622,0.213,0.559,0.939,0.116,0.442,0.773,0.105,0.027,0.67,0.038,0.769,0.214,0.065,0.667,0.024,0.718,0.743,0.089,0.685,0.524,0.114
156,0.788,0.63,0.624,0.601,0.209,0.399,0.766,0.712,0.665,0.25,0.45,0.472,0.766,0.829,0.93,0.369,0.205,0.795,0.086,0.331,0.368,0.826,0.216,0.878,0.565,0.357,0.927,0.413,0.344,0.78,0.017,0.496,0.251,0.546,0.536,0.405,0.617,0.533,0.612,0.834,0.447,0.645,0.785,0.936,0.899,0.285,0.669,0.438,0.123,0.448,0.177,0.566,0.864,0.871,0.88,0.118,0.751,0.736,0.487,0.638,0.638,0.208,0.758,0.845
158,0.494,0.429,0.242,0.136,0.076,0.477,0.925,0.042,0.406,0.483,0.819,0.695,0.397,0.165,0.911,0.284,0.015,0.849,0.962,0.108,0.051,0.753,0.669,0.299,0.637,0.249,0.452,0.762,0.313,0.565,0.913,0.279,0.4,0.095,0.908,0.591,0.792,0.08,0.918,0.738,0.278,0.515,0.696,0.348,0.269,0.047,0.859,0.652,0.274,0.676,0.994,0.585,0.089,0.094,0.089,0.742,0.527,0.556,0.595,0.392,0.078,0.513,0.781,0.236
160,0.28,0.593,0.53,0.595,0.724,0.446,0.409,0.538,0.969,0.75,0.754,0.13,0.802,0.521,0.797,0.836,0.608,0.864,0.626,0.418,0.493,0.023,0.498,0.345,0.035,0.645,0.277,0.911,0.495,0.16,0.965,0.349,0.907,0.512,0.737,0.931,0.534,0.593,0.593,0.995,0.294,0.295,0.212,0.573,0.695,0.003,0.349,0.428,0.388,0.193,0.488,0.262,0.53,0.412,0.143,0.303,0.968,0.314,0.84,0.002,0.633,0.452,0.361,0.861
162,0.404,0.861,0.797,0.9,0.757,0.047,0.918,0.088,0.5,0.059,0.921,0.897,0.957,0.031,0.653,0.217,0.881,0.638,0.109,0.224,0.239,0.85,0.806,0.707,0.976,0.124,0.18,0.506,0.419,0.205,0.569,0.464,0.627,0.919,0.436,0.299,0.563,0.466,0.249,0.678,0.696,0.387,0.788,0.192,0.74,0.978,0.224,0.921,0.741,0.398,0.474,0.495,0.806,0.136,0.018,0.296,0.734,0.769,0.978,0.5,0.682,0.63,0.784,0.675
164,0.127,0.084,0.581,0.23,0.125,0.228,0.573,0.104,0.2,0.601,0.038,0.444,0.06,0.543,0.213,0.957,0.224,0.539,0.328,0.577,0.945,0.545,0.538,0.693,0.951,0.692,0.713,0.422,0.26,0.184,0.42,0.585,0.471,0.406,0.562,0.054,0.839,0.759,0.208,0.209,0.011,0.838,0.217,0.463,0.376,0.558,0.235,0.691,0.062,0.278,0.491,0.014,0.003,0.169,0.278,0.76,0.422,0.871,0.555,0.005,0.033,0.65,0.474,0.09
166,0.211,0.131,0.468,0.549,0.616,0.587,0.437,0.39,0.686,0.777,0.052,0.915,0.789,0.585,0.007,0.05,0.612,0.712,0.011,0.106,0.64,0.878,0.801,0.252,0.307,0.987,0.593,0.621,0.804,0.616,0.784,0.117,0.869,0.763,0.654,0.382,0.873,0.346,0.914,0.603,0.89,0.102,0.614,0.431,0.044,0.578,0.899,0.768,0.935,0.427,0.92,0.249,0.177,0.134,0.495,0.49,0.314,0.7,0.796,0.587,0.71,0.952,0.451,0.086
168,0.328,0.81,0.249,0.907,0.513,0.398,0.352,0.0,0.215,0.221,0.663,0.85,0.368,0.741,0.358,0.31,0.576,0.209,0.454,0.342,0.628,0.923,0.223,0.841,0.413,0.886,0.613,0.918,0.716,0.411,0.095,0.153,0.847,0.867,0.36,0.948,0.025,0.083,0.222,0.742,0.821,0.97,0.017,0.137,0.455,0.746,0.997,0.769,0.927,0.406,0.244,0.52,0.422,0.81,0.379,0.51,0.958,0.546,0.132,0.917,0.508,0.772,0.596,0.566
170,0.305,0.644,0.043,0.689,0.656,0.868,0.197,0.144,0.967,0.9,0.887,0.547,0.49,0.19,0.647,0.492,0.945,0.293,0.389,0.092,0.078,0.416,0.586,0.641,0.047,0.833,0.943,0.937,0.935,0.784,0.851,0.592,0.113,0.126,0.469,0.813,0.414,0.258,0.356,0.98,0.452,0.839,0.844,0.803,0.517,0.248,0.31,0.196,0.009,0.946,0.961,0.562,0.875,0.004,0.181,0.723,0.141,0.143,0.759,0.47,0.371,0.203,0.186,0.179
172,0.508,0.433,0.412,0.043,0.905,0.63,0.004,0.928,0.162,0.556,0.9,0.116,0.787,0.738,0.546,0.739,0.267,0.228,0.634,0.498,0.195,0.449,0.862,0.155,0.985,0.606,0.031,0.975,0.581,0.898,0.476,0.419,0.715,0.744,0.571,0.71,0.468,0.225,0.517,0.541,0.617,0.952,0.616,0.129,0.529,0.646,0.143,0.23,0.816,0.705,0.845,0.425,0.95,0.803,0.269,0.844,0.461,0.076,0.102,0.063,0.048,0.719,0.425,0.262
174,0.63,0.03,0.339,0.671,0.108,0.546,0.845,0.252,0.748,0.684,0.978,0.618,0.778,0.466,0.96,0.929,0.806,0.973,0.642,0.855,0.11,0.895,0.908,0.035,0.222,0.268,0.085,0.929,0.936,0.655,0.512,0.157,0.942,0.345,0.125,0.702,0.442,0.592,0.453,0.19,0.435,0.394,0.264,0.879,0.171,0.684,0.084,0.579,0.43,0.433,0.246,0.208,0.614,0.168,0.985,0.961,0.493,0.298,0.538,0.291,0.413,0.588,0.551,0.087
176,0.942,0.381,0.51,0.161,0.358,0.894,0.971,0.587,0.623,0.106,0.066,0.365,0.774,0.905,0.862,0.885,0.502,0.338,0.519,0.457,0.05,0.788,0.585,0.001,0.059,0.371,0.967,0.502,0.86,0.888,0.214,0.783,0.075,0.312,0.335,0.14,0.271,0.641,0.898,0.857,0.201,0.343,0.805,0.67,0.323,0.338,0.338,0.091,0.093,0.21,0.452,0.266,0.739,0.372,0.224,0.884,0.204,0.129,0.433,0.119,0.049,0.524,0.311,0.483
178,0.182,0.789,0.206,0.273,0.893,0.264,0.69,0.586,0.275,0.147,0.144,0.819,0.271,0.947,0.94,0.967,0.85,0.91,0.593,0.839,0.01,0.791,0.094,0.263,0.571,0.789,0.14,0.81,0.344,0.869,0.009,0.317,0.358,0.138,0.5,0.945,0.977,0.891,0.513,0.808,0.028,0.82,0.548,0.544,0.502,0.856,0.052,0.358,0.922,0.822,0.216,0.32,0.665,0.582,0.513,0.459,0.391,0.214,0.478,0.797,0.411,0.014,0.158,0.554
180,0.109,0.401,0.022,0.772,0.002,0.636,0.035,0.001,0.672,0.042,0.88,0.704,0.78,0.626,0.108,0.727,0.937,0.017,0.609,0.975,0.683,0.123,0.901,0.87,0.559,0.427,0.154,0.515,0.382,0.605,0.05,0.825,0.081,0.171,0.822,0.524,0.532,0.261,0.643,0.261,0.62,0.865,0.68,0.553,0.879,0.239,0.762,0.572,0.847,0.761,0.17,0.9,0.0,0.779,0.849,0.487,0.747,0.681,0.202,0.441,0.033,0.212,0.542,0.982
182,0.603,0.072,0.883,0.097,0.352,0.253,0.145,0.473,0.887,0.421,0.342,0.04,0.867,0.063,0.3,0.54,0.837,0.126,0.701,0.421,0.498,0.489,0.227,0.469,0.868,0.232,0.167,0.937,0.476,0.923,0.018,0.468,0.424,0.323,0.94,0.019,0.946,0.887,0.892,0.878,0.223,0.663,0.277,0.079,0.308,0.388,0.465,0.421,0.783,0.026,0.696,0.717,0.181,0.536,0.409,0.002,0.549,0.153,0.029,0.555,0.201,0.528,0.927,0.823
184,0.059,0.298,0.655,0.504,0.324,0.129,0.391,0.388,0.936,0.928,0.401,0.258,0.549,0.267,0.971,0.859,0.665,0.487,0.35,0.65,0.707,0.121,0.197,0.303,0.162,0.306,0.865,0.791,0.29,0.936,0.277,0.951,0.47,0.992,0.066,0.327,0.525,0.044,0.84,0.582,0.847,0.407,0.022,0.162,0.058,0.221,0.402,0.678,0.468,0.946,0.966,0.955,0.066,0.232,0.23,0.478,0.648,0.348,0.079,0.369,0.778,0.545,0.613,0.355
186,0.743,0.233,0.366,0.349,0.275,0.62,0.559,0.565,0.044,0.35,0.097,0.321,0.329,0.185,0.892,0.005,0.413,0.041,0.227,0.256,0.901,0.451,0.57,0.766,0.666,0.958,0.712,0.094,0.519,0.871,0.655,0.704,0.296,0.452,0.6,0.611,0.158,0.021,0.77,0.209,0.096,0.193,0.157,0.933,0.451,0.692,0.278,0.922,0.367,0.041,0.723,0.433,0.817,0.497,0.646,0.721,0.783,0.663,0.882,0.215,0.312,0.277,0.793,0.708
188,0.541,0.146,0.864,0.904,0.956,0.023,0.05,0.568,0.403,0.523,0.608,0.315,0.082,0.001,0.784,0.343,0.257,0.897,0.217,0.011,0.083,0.017,0.455,0.155,0.172,0.879,0.009,0.983,0.879,0.993,0.97,0.777,0.888,0.091,0.399,0.864,0.28,0.944,0.164,0.737,0.319,0.94,0.564,0.385,0.726,0.359,0.525,0.134,0.854,0.915,0.104,0.349,0.938,0.621,0.183,0.17,0.317,0.71,0.399,0.003,0.013,0.957,0.358,0.68
190,0.095,0.778,0.84,0.492,0.451,0.59,0.488,0.079,0.033,0.877,0.27,0.044,0.481,0.233,0.896,0.549,0.09,0.949,0.129,0.527,0.234,0.51,0.463,0.535,0.435,0.093,0.305,0.432,0.125,0.398,0.503,0.236,0.97,0.481,0.671,0.813,0.958,0.811,0.696,0.101,0.85,0.761,0.258,0.736,0.142,0.519,0.392,0.4,0.53,0.923,0.587,0.267,0.157,0.647,0.637,0.86,0.799,0.16,0.26,0.366,0.699,0.086,0.349,0.822
192,0.482,0.613,0.702,0.422,0.488,0.429,0.996,0.06,0.851,0.568,0.118,0.426,0.774,0.784,0.34,0.962,0.48,0.665,0.188,0.439,0.445,0.094,0.552,0.784,0.13,0.642,0.857,0.59,0.622,0.764,0.062,0.913,0.744,0.895,0.549,0.995,0.923,0.776,0.133,0.02,0.77,0.732,0.951,0.581,0.648,0.869,0.789,0.487,0.243,0.233,0.588,0.447,0.791,0.835,0.709,0.236,0.757,0.048,0.577,0.016,0.948,0.803,0.365,0.889
194,0.464,0.782,0.655,0.203,0.599,0.83,0.79,0.824,0.036,0.096,0.057,0.168,0.292,0.695,0.407,0.168,0.023,0.483,0.001,0.592,0.121,0.812,0.778,0.727,0.406,0.148,0.286,0.108,0.51,0.083,0.748,0.095,0.408,0.825,0.094,0.989,0.372,0.686,0.678,0.735,0.955,0.195,0.235,0.669,0.144,0.7,0.72,0.168,0.748,0.727,0.963,0.242,0.848,0.031,0.883,0.505,0.959,0.852,0.892,0.367,0.177,0.014,0.612,0.99
196,0.826,0.446,0.331,0.029,0.622,0.332,0.773,0.634,0.364,0.031,0.172,0.306,0.904,0.788,0.258,0.011,0.693,0.805,0.511,0.992,0.498,0.434,0.919,0.366,0.792,0.842,0.692,0.407,0.687,0.311,0.396,0.146,0.409,0.104,0.151,0.731,0.94,0.225,0.967,0.644,0.553,0.073,0.935,0.712,0.761,0.801,0.007,0.901,0.641,0.619,0.698,0.294,0.995,0.586,0.6,0.669,0.799,0.471,0.148,0.353,0.712,0.501,0.429,0.764
198,0.489,0.572,0.688,0.371,0.716,0.749,0.65,0.928,0.406,0.779,0.471,0.112,0.864,0.031,0.211,0.313,0.346,0.511,0.165,0.378,0.088,0.447,0.296,0.697,0.358,0.621,0.007,0.578,0.87,0.51,0.341,0.672,0.686,0.157,0.967,0.868,0.434,0.013,0.474,0.597,0.424,0.294,0.03,0.746,0.356,0.866,0.539,0.272,1.0,0.578,0.448,0.631,0.511,0.838,0.377,0.832,0.441,0.296,0.027,0.715,0.035,0.959,0.724,0.868
200,0.061,0.666,0.665,0.935,0.595,0.223,0.501,0.762,0.211,0.288,0.172,0.623,0.461,0.054,0.399,0.65,0.947,0.17,0.42,0.857,0.078,0.529,0.728,0.036,0.801,0.502,0.056,0.827,0.966,0.178,0.53,0.017,0.326,0.731,0.739,0.485,0.219,0.601,0.508,0.805,0.365,0.306,0.659,0.678,0.926,0.28,0.916,0.453,0.632,0.553,0.322,0.072,0.295,0.688,0.488,0.937,0.638,0.771,0.751,0.607,0.554,0.258,0.912,0.739
202,0.192,0.497,0.936,0.552,0.508,0.845,0.158,0.751,0.431,0.751,0.714,0.262,0.185,0.845,0.952,0.203,0.866,0.467,0.348,0.533,0.764,0.263,0.332,0.847,0.254,0.132,0.103,0.688,0.548,0.91,0.623,0.362,0.865,0.473,0.75,0.497,0.871,0.742,0.068,0.687,0.506,0.257,0.366,0.542,0.295,0.622,0.741,0.833,0.958,0.295,0.098,0.467,0.808,0.191,0.607,0.363,0.628,0.01,0.191,0.276,0.074,0.305,0.572,0.038
204,0.772,0.055,0.743,0.544,0.36,0.616,0.407,0.767,0.018,0.747,1.0,0.588,0.461,0.209,0.471,0.435,0.831,0.129,0.783,0.476,0.517,0.899,0.28,0.964,0.124,0.922,0.464,0.14,0.796,0.889,0.033,0.246,0.205,0.221,0.517,0.311,0.786,0.586,0.804,0.056,0.291,0.655,0.138,0.782,0.57,0.23,0.222,0.45,0.399,0.453,0.412,0.522,0.652,0.229,0.471,0.754,0.52,0.592,0.268,0.087,0.823,0.263,0.093,0.511
206,0.016,0.032,0.771,0.995,0.914,0.537,0.943,0.97,0.606,0.772,0.302,0.159,0.624,0.243,0.773,0.319,0.063,0.092,0.347,0.689,0.927,0.787,0.657,0.464,0.977,0.817,0.52,0.864,0.852,0.872,0.568,0.916,0.407,0.039,0.442,0.705,0.073,0.941,0.555,0.939,0.934,0.417,0.781,0.566,0.3,0.808,0.674,0.753,0.713,0.234,0.762,0.92,0.684,0.611,0.449,0.084,0.091,0.188,0.357,0.998,0.417,0.861,0.772,0.079
208,0.229,0.26,0.005,0.521,0.64,0.963,0.815,0.729,0.25,0.119,0.799,0.267,0.915,0.862,0.077,0.276,0.245,0.377,0.731,0.048,0.713,0.202,0.755,0.182,0.879,0.45,0.39,0.564,0.542,0.1,0.942,0.386,0.42,0.345,0.19,0.76,0.898,0.028,0.852,0.104,0.485,0.5,0.458,0.902,0.865,0.528,0.729,0.569,0.24,0.976,0.197,0.741,0.067,0.257,0.672,0.062,0.572,0.464,0.414,0.175,0.607,0.394,0.855,0.402
210,0.678,0.387,0.349,0.102,0.7,0.931,0.429,0.311,0.956,0.47,0.916,0.954,0.831,0.158,0.064,0.834,0.443,0.561,0.638,0.818,0.497,0.186,0.525,0.816,0.406,0.112,0.465,0.068,0.231,0.606,0.307,0.545,0.573,0.949,0.829,0.754,0.676,0.66,0.944,0.84,0.1,0.769,0.605,0.154,0.813,0.67,0.294,0.482,0.896,0.979,0.147,0.669,0.615,0.972,0.725,0.586,0.797,0.407,0.662,0.044,0.969,0.943,0.823,0.808
212,0.804,0.157,0.566,0.616,0.086,0.472,0.197,0.063,0.264,0.894,0.719,0.11,0.856,0.471,0.232,0.715,0.381,0.47,0.904,0.857,0.621,0.348,0.458,0.702,0.254,0.892,0.877,0.107,0.052,0.125,0.603,0.993,0.501,0.503,0.58,0.215,0.849,0.561,0.778,0.572,0.622,0.798,0.862,0.698,0.558,0.934,0.216,0.138,0.852,0.653,0.881,0.711,0.367,0.995,0.384,0.104,0.33,0.282,0.356,0.685,0.548,0.014,0.458,0.683
214,0.252,0.047,0.432,0.455,0.317,0.474,0.265,0.26,0.699,0.1,0.597,0.234,0.512,0.244,0.873,0.032,0.064,0.393,0.418,0.879,0.69,0.111,0.879,0.031,0.042,0.493,0.983,0.47,0.207,0.566,0.815,0.462,0.925,0.081,0.042,0.665,0.764,0.455,0.355,0.969,0.043,0.22,0.002,0.484,0.232,0.968,0.036,0.048,0.97,0.405,0.365,0.757,0.924,0.464,0.391,0.28,0.388,0.042,0.036,0.731,0.365,0.987,0.788,0.236
216,0.854,0.408,0.484,0.075,0.121,0.334,0.556,0.897,0.465,0.508,0.369,0.53,0.813,0.938,0.51,0.982,0.035,0.507,0.627,0.379,0.153,0.93,0.122,0.488,0.77,0.129,0.55,0.263,0.229,0.964,0.252,0.359,0.799,0.492,0.79,0.757,0.172,0.348,0.713,0.31,0.305,0.351,0.11,0.533,0.249,0.895,0.84,0.639,0.809,0.873,0.145,0.005,0.137,0.158,0.682,0.836,0.12,0.728,0.83,0.062,0.705,0.759,0.465,0.413
218,0.975,0.509,0.826,0.308,0.619,0.425,0.442,0.193,0.138,0.85,0.654,0.425,0.559,0.773,0.462,0.357,0.611,0.542,0.197,0.655,0.982,0.651,0.154,0.708,0.458,0.046,0.48,0.311,0.89,0.579,0.335,0.037,0.299,0.152,0.33,0.452,0.019,0.528,0.879,0.693,0.902,0.312,0.089,0.888,0.189,0.104,0.909,0.655,0.152,0.021,0.199,0.305,0.217,0.524,0.633,0.648,0.132,0.324,0.835,0.9,0.636,0.092,0.591,0.651
220,0.889,0.721,0.938,0.766,0.605,0.804,0.596,0.085,0.64,0.766,0.297,0.964,0.243,0.442,0.645,0.686,0.723,0.611,0.724,0.187,0.907,0.12,0.357,0.471,0.112,0.006,0.554,0.003,0.366,0.457,0.159,0.828,0.716,0.113,0.12,0.476,0.057,0.438,0.309,0.529,0.434,0.838,0.878,0.532,0.748,0.566,0.655,0.602,0.298,0.91,0.912,0.379,0.489,0.094,0.727,0.083,0.479,0.249,0.998,0.376,0.913,0.5,0.358,0.884
222,0.187,0.758,0.704,0.857,0.344,0.673,0.82,0.202,0.078,0.513,0.24,0.411,0.923,0.998,0.184,0.445,0.397,0.136,0.212,0.701,0.521,0.709,0.201,0.512,0.746,0.53,0.227,0.083,0.309,0.811,0.818,0.458,0.281,0.964,0.733,0.285,0.471,0.941,0.421,0.526,0.365,0.388,0.379,0.662,0.259,0.798,0.75,0.539,0.254,0.684,0.09,0.209,0.914,0.061,0.687,0.94,0.917,0.275,0.015,0.8,0.723,0.526,0.853,0.174
224,0.103,0.408,0.502,0.617,0.294,0.496,0.554,0.576,0.759,0.923,0.496,0.16,0.04,0.278,0.374,0.999,0.488,0.801,0.704,0.197,0.428,0.928,0.901,0.804,0.058,0.966,0.476,0.137,0.663,0.452,0.277,0.746,0.463,0.091,0.551,0.302,0.596,0.655,0.515,0.194,0.361,0.567,0.728,0.906,0.305,0.288,0.915,0.503,0.228,0.061,0.334,0.291,0.345,0.567,0.492,0.363,0.264,0.267,0.268,0.78,0.097,0.31,0.581,0.784
226,0.792,0.626,0.042,0.88,0.257,0.731,0.857,0.373,0.122,0.486,0.147,0.474,0.192,0.247,0.972,0.692,0.707,0.695,0.118,0.182,0.782,0.967,0.082,0.452,0.199,0.659,0.795,0.177,0.368,0.084,0.694,0.214,0.093,0.504,0.959,0.577,0.816,0.41,0.221,0.171,0.798,0.362,0.758,0.945,0.33,0.84,0.379,0.875,0.812,0.225,0.198,0.347,0.797,0.821,0.19,0.682,0.865,0.212,0.235,0.985,0.501,0.974,0.634,0.481
228,0.226,0.731,0.428,0.984,0.383,0.947,0.352,0.851,0.798,0.1,0.123,0.857,0.544,0.765,0.757,0.117,0.249,0.404,0.588,0.816,0.903,0.271,0.575,0.089,0.909,0.842,0.229,0.907,0.201,0.756,0.041,0.57,0.064,0.714,0.276,0.888,0.561,0.969,0.327,0.039,0.107,0.423,0.094,0.106,0.876,0.56,0.383,0.963,0.494,0.905,0.107,0.219,0.825,0.471,0.899,0.246,0.672,0.274,0.831,0.958,0.026,0.426,0.979,0.836
230,0.378,0.759,0.836,0.295,0.335,0.869,0.638,0.751,0.726,0.016,0.98,0.615,0.882,0.511,0.501,0.514,0.241,0.253,0.301,0.265,0.675,0.244,0.18,0.114,0.297,0.521,0.491,0.047,0.772,0.502,0.1,0.408,0.222,0.1,0.294,0.599,0.414,0.952,0.766,0.627,0.58,0.056,0.083,0.83,0.706,0.816,0.579,0.252,0.841,0.263,0.39,0.083,0.454,0.761,0.953,0.833,0.403,0.835,0.438,0.946,0.851,0.353,0.134,0.253
232,0.009,0.56,0.569,0.567,0.095,0.943,0.217,0.031,0.228,0.127,0.075,0.066,0.887,0.476,0.489,0.732,0.483,0.58,0.223,0.174,0.496,0.04,0.556,0.607,0.803,0.469,0.226,0.689,0.179,0.882,0.245,0.017,0.779,0.637,0.019,0.349,0.447,0.113,0.087,0.495,0.852,0.026,0.399,0.048,0.33,0.579,0.253,0.631,0.188,0.222,0.284,0.964,0.483,0.865,0.804,0.819,0.731,0.48,0.159,0.611,0.576,0.522,0.549,0.604
234,0.057,0.941,0.274,0.977,0.848,0.003,0.218,0.46,0.087,0.555,0.669,0.392,0.777,0.218,0.565,0.132,0.698,0.77,0.495,0.776,0.986,0.56,0.71,0.561,0.614,0.524,0.047,0.886,0.031,0.58,0.063,0.837,0.944,0.38,0.182,0.628,0.565,0.913,0.986,0.113,0.327,0.295,0.318,0.155,0.399,0.739,0.242,0.171,0.54,0.584,0.471,0.647,0.585,0.022,0.212,0.209,0.611,0.376,0.614,0.913,0.664,0.545,0.3,0.385
236,0.311,0.76,0.784,0.788,0.12,0.418,0.039,0.495,0.05,0.555,0.844,0.148,0.276,0.263,0.401,0.496,0.079,0.423,0.719,0.168,0.923,0.367,0.719,0.992,0.457,0.78,0.476,0.728,0.486,0.597,0.694,0.915,0.427,0.758,0.617,0.015,0.427,0.627,0.643,0.192,0.479,0.53,0.663,0.31,0.6,0.702,0.088,0.356,0.582,0.658,0.328,0.709,0.959,0.23,0.899,0.984,0.638,0.156,0.017,0.719,0.258,0.367,0.657,0.43
238,0.69,0.828,0.737,0.296,0.951,0.996,0.365,0.345,0.101,0.023,0.642,0.776,0.688,0.243,0.849,0.919,0.552,0.65,0.848,0.116,0.577,0.665,0.588,0.68,0.993,0.938,0.036,0.556,0.569,0.794,0.954,0.348,0.152,0.642,0.366,0.802,0.021,0.201,0.219,0.663,0.256,0.534,0.036,0.848,0.618,0.567,0.203,0.616,0.359,0.795,0.836,0.26,0.365,0.986,0.912,0.048,0.17,0.861,0.893,0.049,0.502,0.338,0.825,0.858
240,0.515,0.926,0.367,0.463,0.143,0.299,0.196,0.355,0.178,0.351,0.819,0.143,0.149,0.985,0.698,0.066,0.004,0.092,0.393,0.56,0.074,0.789,0.462,0.442,0.086,0.116,0.509,0.9,0.743,0.949,0.692,0.125,0.46,0.364,0.327,0.736,0.216,0.382,0.207,0.994,0.788,0.042,0.902,0.694,0.943,0.895,0.28,0.63,0.806,0.296,0.425,0.726,0.669,0.591,0.303,0.671,0.328,0.082,0.646,0.443,0.873,0.946,0.408,0.104
242,0.159,0.759,0.305,0.989,0.456,0.56,0.786,0.444,0.974,0.615,0.736,0.225,0.691,0.746,0.247,0.907,0.951,0.431,0.687,0.493,0.081,0.089,0.439,0.559,0.655,0.24,0.048,0.725,0.544,0.714,0.835,0.515,0.835,0.747,0.559,0.79,0.775,0.972,0.939,0.954,0.163,0.248,0.865,0.287,0.104,0.45,0.84,0.035,0.922,0.867,0.354,0.699,0.301,0.732,0.993,0.289,0.443,0.968,0.484,0.718,0.876,0.728,0.342,0.197
244,0.788,0.926,0.471,0.281,0.99,0.779,0.735,0.074,0.449,0.707,0.287,0.767,0.086,0.009,0.564,0.412,0.633,0.476,0.599,0.949,0.613,0.678,0.807,0.094,0.758,0.863,0.807,0.575,0.965,0.359,0.042,0.966,0.383,0.412,0.135,0.259,0.917,0.511,0.447,0.657,0.834,0.824,0.563,0.283,0.605,0.825,0.972,0.304,0.295,0.787,0.059,0.455,0.777,0.946,0.464,0.557,0.26,0.45,0.06,0.924,0.512,0.187,0.235,0.3
246,0.201,0.032,0.211,0.734,0.708,0.132,0.119,0.077,0.422,0.496,0.998,0.37,0.505,0.113,0.023,0.94,0.644,0.921,0.667,0.788,0.103,0.282,0.357,0.868,0.781,0.192,0.038,0.861,0.419,0.973,0.802,0.151,0.752,0.261,0.038,0.646,0.051,0.567,0.432,0.782,0.285,0.871,0.151,0.544,0.68,0.316,0.843,0.084,0.339,0.469,0.053,0.333,0.036,0.756,0.943,0.196,0.914,0.468,0.64,0.533,0.587,0.498,0.937,0.601
248,0.34,0.346,0.087,0.061,0.704,0.074,0.116,0.236,0.114,0.158,0.006,0.236,0.454,0.991,0.231,0.896,0.547,0.751,0.039,0.222,0.867,0.438,0.925,0.882,0.567,0.724,0.339,0.408,0.14,0.125,0.501,0.186,0.539,0.399,0.889,0.02,0.497,0.887,0.396,0.982,0.831,0.392,0.065,0.496,0.866,0.734,0.333,0.757,0.615,0.983,0.407,0.348,0.569,0.898,0.829,0.014,0.245,0.779,0.242,0.383,0.171,0.787,0.759,0.524
250,0.298,0.726,0.54,0.44,0.796,0.148,0.654,0.985,0.561,0.108,0.388,0.678,0.255,0.629,0.906,0.426,0.675,0.359,0.832,0.524,0.006,0.371,0.144,0.86,0.639,0.44,0.006,0.63,0.368,0.554,0.845,0.486,0.822,0.166,0.033,0.794,0.276,0.826,0.726,0.342,0.306,0.033,0.603,0.039,0.84,0.84,0.222,0.718,0.454,0.072,0.579,0.356,0.048,0.738,0.159,0.624,0.311,0.021,0.175,0.392,0.072,0.874,0.52,0.424
252,0.956,0.644,0.935,0.005,0.526,0.423,0.835,0.366,0.865,0.972,0.203,0.596,0.809,0.533,0.621,0.981,0.367,0.399,0.532,0.313,0.57,0.593,0.759,0.579,0.813,0.447,0.219,0.131,0.611,0.845,0.172,0.603,0.32,0.103,0.284,0.768,0.707,0.196,0.905,0.268,0.257,0.353,0.424,0.086,0.493,0.343,0.387,0.873,0.978,0.224,0.281,0.633,0.157,0.81,0.124,0.626,0.75,0.887,0.596,0.76,0.082,0.706,0.055,0.859
254,0.294,0.906,0.636,0.598,0.284,0.659,0.011,0.794,0.662,0.476,0.265,0.871,0.275,0.547,0.502,0.325,0.061,0.046,0.755,0.737,0.459,0.899,0.744,0.092,0.06,0.145,0.236,0.341,0.965,0.008,0.666,0.974,0.045,0.238,0.79,0.102,0.567,0.211,0.602,0.723,0.906,0.5,0.883,0.608,0.754,0.07,0.494,0.79,0.744,0.712,0.822,0.027,0.031,0.765,0.957,0.474,0.995,0.789,0.768,0.674,0.507,0.344,0.15,0.914
256,0.412,0.493,0.969,0.672,0.98,0.323,0.513,0.07,0.539,0.544,0.633,0.022,0.858,0.928,0.274,0.491,0.429,0.804,0.686,0.726,0.781,0.597,0.488,0.176,0.334,0.098,0.704,0.423,0.614,0.361,0.117,0.918,0.841,0.469,0.459,0.611,0.938,0.455,0.705,0.15,0.585,0.165,0.031,0.426,0.063,0.27,0.477,0.325,0.974,0.283,0.33,0.038,0.247,0.521,0.683,0.546,0.815,0.201,0.638,0.474,0.656,0.897,0.904,0.81
258,0.529,0.331,0.609,0.039,0.513,0.594,0.053,0.822,0.184,0.351,0.747,0.714,0.98,0.888,0.961,0.04,0.302,0.411,0.812,0.174,0.251,0.376,0.595,0.998,0.196,0.128,0.22,0.366,0.028,0.984,0.379,0.053,0.078,0.39,0.716,0.98,0.923,0.873,0.603,0.676,0.146,0.143,0.046,0.357,0.32,0.02,0.908,0.372,0.633,0.408,0.215,0.626,0.785,0.782,0.556,0.923,0.355,0.514,0.815,0.711,0.538,0.638,0.967,0.968
260,0.308,0.176,0.869,0.975,0.539,0.643,0.352,0.264,0.022,0.241,0.258,0.473,0.922,0.008,0.489,0.968,0.054,0.094,0.288,0.54,0.525,0.068,0.895,0.593,0.598,0.534,0.041,0.104,0.032,0.966,0.218,0.726,0.499,0.907,0.643,0.36,0.207,0.241,0.695,0.505,0.025,0.545,0.796,0.076,0.587,0.993,0.892,0.376,0.718,0.51,0.595,0.04,0.48,0.622,0.332,0.721,0.608,0.305,0.725,0.569,0.355,0.863,0.616,0.477
262,0.306,0.696,0.316,0.286,0.924,0.343,0.812,0.298,0.255,0.813,0.997,0.265,0.172,0.329,0.03,0.756,0.922,0.706,0.608,0.519,0.203,0.395,0.466,0.58,0.892,0.53,0.543,0.007,0.048,0.231,0.928,0.787,0.998,0.805,0.958,0.008,0.036,0.344,0.604,0.338,0.526,0.461,0.701,0.175,0.867,0.528,0.084,0.299,0.718,0.062,0.653,0.836,0.209,0.024,0.157,0.94,0.397,0.408,0.463,0.449,0.331,0.207,0.384,0.346
264,0.838,0.162,0.698,0.508,0.546,0.559,0.794,0.799,0.708,0.545,0.752,0.514,0.453,0.482,0.311,0.587,0.238,0.31,0.471,0.135,0.026,0.771,0.389,0.791,0.666,0.42,0.096,0.238,0.221,0.293,0.264,0.259,0.365,0.231,0.092,0.488,0.338,0.483,0.178,0.54,0.698,0.524,0.086,0.851,0.834,0.918,0.118,0.667,0.646,0.552,0.5,0.675,0.039,0.489,0.396,0.195,0.268,0.008,0.507,0.548,0.584,0.187,0.41,0.722
266,0.369,0.785,0.002,0.86,0.276,0.859,0.433,0.263,0.023,0.897,0.938,0.417,0.652,0.973,0.23,0.623,0.397,0.384,0.507,0.868,0.279,0.386,0.928,0.04,0.124,0.739,0.893,0.85,0.943,0.12,0.907,0.808,0.475,0.346,0.728,0.861,0.743,0.422,0.118,0.356,0.377,0.621,0.451,0.013,0.333,0.082,0.576,0.824,0.731,0.752,0.945,0.672,0.705,0.661,0.526,0.833,0.459,0.534,0.586,0.733,0.337,0.108,0.361,0.114
268,0.345,0.39,0.269,0.929,0.212,0.808,0.274,0.829,0.565,0.566,0.519,0.832,0.288,0.325,0.528,0.618,0.422,0.2,0.452,0.245,0.918,0.278,0.464,0.086,0.614,0.033,0.331,0.993,0.069,0.402,0.918,0.526,0.636,0.57,0.938,0.765,0.952,0.303,0.188,0.708,0.422,0.856,0.755,0.463,0.284,0.846,0.364,0.152,0.061,0.627,0.158,0.258,0.874,0.281,0.321,0.428,0.648,0.449,0.097,0.361,0.011,0.569,0.319,0.975
270,0.091,0.26,0.309,0.349,0.979,0.515,0.608,0.974,0.196,0.417,0.003,0.223,0.719,0.257,0.893,0.451,0.065,0.27,0.002,0.569,0.472,0.525,0.771,0.009,0.104,0.933,0.459,0.487,0.963,0.051,0.888,0.364,0.046,0.541,1.0,0.767,0.051,0.491,0.704,0.81,0.669,0.024,0.949,0.718,0.096,0.712,0.61,0.183,0.634,0.437,0.889,0.448,0.787,0.326,0.447,0.945,0.101,0.948,0.397,0.623,0.039,0.637,0.926,0.493
272,0.979,0.304,0.221,0.707,0.976,0.143,0.852,0.49,0.883,0.992,0.562,0.614,0.768,0.932,0.462,0.053,0.057,0.338,0.977,0.972,0.079,0.558,0.706,0.859,0.935,0.897,1.0,0.652,0.551,0.69,0.965,0.034,0.582,0.667,0.142,0.968,0.937,0.877,0.779,0.441,0.042,0.062,0.095,0.855,0.54,0.59,0.67,0.994,0.579,0.925,0.944,0.627,0.717,0.309,0.409,0.528,0.135,0.979,0.099,0.165,0.52,0.425,0.629,0.327
274,0.269,0.532,0.418,0.268,0.149,0.832,0.446,0.945,0.373,0.494,0.692,0.238,0.272,0.979,0.924,0.295,0.524,0.449,0.491,0.769,0.037,0.05,0.02,0.64,0.148,0.98,0.229,0.057,0.478,0.438,0.667,0.655,0.785,0.18,0.167,0.621,0.01,0.443,0.817,0.917,0.974,0.185,0.213,0.905,0.138,0.317,0.728,0.486,0.481,0.557,0.55,0.991,0.662,0.32,0.376,0.4,0.766,0.735,0.623,0.376,0.992,0.681,0.192,0.574
276,0.41,0.72,0.743,0.369,0.832,0.952,0.189,0.997,0.153,0.448,0.058,0.792,0.787,0.894,0.574,0.275,0.709,0.272,0.259,0.797,0.19,0.246,0.854,0.368,0.578,0.47,0.917,0.577,0.85,0.307,0.305,0.231,0.2,0.414,0.805,0.797,0.45,0.781,0.538,0.559,0.492,0.708,0.423,0.851,0.57,0.466,0.241,0.605,0.477,0.218,0.143,0.656,0.587,0.745,0.734,0.283,0.647,0.029,0.466,0.219,0.568,0.019,0.583,0.966
278,0.484,0.472,0.336,0.756,0.202,0.42,0.717,0.709,0.629,0.725,0.264,0.263,0.797,0.131,0.101,0.993,0.327,0.748,0.066,0.489,0.946,0.172,0.763,0.266,0.693,0.584,0.071,0.53,0.231,0.204,0.769,0.626,0.418,0.332,0.478,0.249,0.852,0.013,0.44,0.092,0.688,0.831,0.78,0.414,0.065,0.986,0.839,0.327,0.324,0.425,0.477,0.006,0.772,0.713,0.677,0.764,0.651,0.161,0.325,0.282,0.92,0.585,0.911,0.771
280,0.562,0.423,0.083,0.586,0.996,0.089,0.997,0.172,0.356,0.904,0.432,0.269,0.477,0.745,0.872,0.441,0.333,0.417,0.299,0.719,0.366,0.609,0.084,0.587,0.325,0.242,0.721,0.688,0.162,0.82,0.829,0.309,0.177,0.574,0.281,0.067,0.635,0.222,0.159,0.994,0.54,0.403,0.187,0.979,0.755,0.813,0.074,0.267,0.349,0.098,0.751,0.223,0.417,0.783,0.478,0.401,0.947,0.893,0.991,0.047,0.223,0.148,0.405,0.568
282,0.502,0.796,0.039,0.713,0.723,0.824,0.226,0.158,0.653,0.929,0.796,0.387,0.965,0.166,0.74,0.136,0.641,0.27,0.508,0.542,0.1,0.44,0.858,0.741,0.108,0.315,0.65,0.46,0.99,0.273,0.79,0.862,0.171,0.447,0.685,0.407,0.449,0.608,0.693,0.967,0.3,0.14,0.869,0.26,0.101,0.951,0.972,0.285,0.609,0.112,0.046,0.652,0.156,0.274,0.668,0.272,0.977,0.67,0.012,0.428,0.1,0.525,0.078,0.368
284,0.814,0.95,0.078,0.892,0.419,0.846,0.158,0.476,0.6,0.013,0.207,0.461,0.667,0.17,0.042,0.977,0.557,0.86,0.029,0.32,0.724,0.416,0.516,0.093,0.447,0.89,0.59,0.196,0.806,0.165,0.157,0.219,0.829,0.514,0.814,0.227,0.973,0.607,0.764,0.048,0.18,0.625,0.085,0.217,0.14,0.951,0.695,0.981,0.789,0.891,0.368,0.567,0.578,0.699,0.506,0.136,0.754,0.579,0.721,0.535,0.622,0.384,0.976,0.555
286,0.564,0.29,0.161,0.616,0.77,0.717,0.276,0.955,0.623,0.131,0.187,0.142,0.149,0.09,0.255,0.29,0.435,0.417,0.832,0.766,0.179,0.77,0.318,0.316,0.629,0.148,0.146,0.684,0.448,0.467,0.839,0.209,0.167,0.222,0.243,0.08,0.701,0.659,0.266,0.941,0.921,0.368,0.173,0.873,0.764,0.217,0.33,0.769,0.858,0.109,0.812,0.253,0.082,0.453,0.002,0.003,0.447,0.99,0.01,0.205,0.198,0.562,0.868,0.814
288,0.445,0.546,0.003,0.358,0.929,0.688,0.247,0.502,0.224,0.011,0.002,0.335,0.327,0.282,0.248,0.537,0.348,0.946,0.707,0.159,0.961,0.062,0.575,0.583,0.737,0.943,0.707,0.288,0.319,0.511,0.954,0.522,0.646,0.479,0.203,0.198,0.637,0.807,0.36,0.714,0.283,0.636,0.174,0.076,0.391,0.959,0.769,0.716,0.545,0.145,0.741,0.208,0.541,0.07,0.204,0.768,0.633,0.004,0.89,0.093,0.48,0.702,0.178,0.899
290,0.609,0.329,0.017,0.244,0.037,0.95,0.802,0.982,0.933,0.915,0.065,0.465,0.439,0.976,0.162,0.721,0.991,0.084,0.563,0.721,0.798,0.662,0.975,0.403,0.309,0.136,0.739,0.745,0.975,0.821,0.124,0.051,0.86,0.352,0.936,0.865,0.6,0.322,0.943,0.807,0.005,0.376,0.658,0.4,0.625,0.173,0.66,0.695,0.544,0.576,0.153,0.909,0.656,0.549,0.646,0.856,0.505,0.975,0.624,0.984,0.231,0.696,0.084,0.441
292,0.45,0.91,0.932,0.909,0.465,0.257,0.986,0.045,0.744,0.112,0.282,0.628,0.011,0.81,0.952,0.75,0.058,0.881,0.809,0.027,0.564,0.678,0.11,0.938,0.402,0.26,0.17,0.849,0.828,0.89,0.713,0.66,0.435,0.319,0.72,0.264,0.07,0.771,0.896,0.78,0.521,0.02,0.021,0.687,0.369,0.923,0.149,0.8,0.893,0.634,0.163,0.045,0.635,0.931,0.982,0.258,0.785,0.593,0.767,0.6,0.982,0.045,0.716,0.413
294,0.026,0.733,0.823,0.019,0.7,0.353,0.653,0.886,0.044,0.576,0.144,0.968,0.987,0.926,0.987,0.053,0.62,0.318,0.538,0.15,0.517,0.105,0.482,0.874,0.659,0.214,0.407,0.812,0.903,0.414,0.217,0.406,0.059,0.046,0.504,0.668,0.403,0.781,0.51,0.029,0.768,0.488,0.69,0.184,0.012,0.603,0.529,0.455,0.07,0.571,0.265,0.987,0.29,0.781,0.31,0.745,0.265,0.31,0.827,0.503,0.337,0.199,0.955,0.763
296,0.137,0.475,0.257,0.588,0.942,0.517,0.486,0.726,0.3,0.584,0.772,0.147,0.343,0.2,0.791,0.941,0.247,0.468,0.161,0.395,0.516,0.442,0.94,0.79,0.774,0.604,0.966,0.63,0.426,0.623,0.656,0.985,0.795,0.575,0.954,0.44,0.669,0.821,0.925,0.043,0.054,0.327,0.311,0.617,0.377,0.281,0.821,0.696,0.614,0.688,0.013,0.782,0.238,0.977,0.11,0.673,0.23,0.538,0.011,0.256,0.135,0.859,0.645,0.563
298,0.894,0.676,0.323,0.557,0.181,0.868,0.943,0.288,0.534,0.624,0.205,0.402,0.749,0.607,0.831,0.441,0.595,0.726,0.536,0.024,0.74,0.066,0.786,0.822,0.789,0.084,0.359,0.241,0.121,0.815,0.639,0.657,0.286,0.086,0.233,0.384,0.415,0.843,0.048,0.536,0.574,0.77,0.489,0.122,0.994,0.852,0.101,0.81,0.927,0.112,0.448,0.725,0.044,0.507,0.769,0.892,0.42,0.074,0.439,0.527,0.928,0.3,0.864,0.663
300,0.391,0.931,0.623,0.152,0.201,0.796,0.242,0.616,0.924,0.446,0.701,0.319,0.166,0.066,0.242,0.465,0.308,0.035,0.247,0.684,0.637,0.867,0.473,0.138,0.889,0.388,0.74,0.46,0.26,0.23,0.775,0.038,0.007,0.242,0.215,0.425,0.638,0.993,0.26,0.041,0.629,0.161,0.391,0.135,0.655,0.54,0.116,0.5,0.303,0.251,0.509,0.022,0.793,0.163,0.981,0.06,0.188,0.06,0.537,0.527,0.261,0.346,0.247,0.447
302,0.557,0.19,0.489,0.874,0.257,0.054,0.799,0.842,0.242,0.526,0.198,0.076,0.746,0.323,0.712,0.689,0.149,0.043,0.879,0.102,0.288,0.309,0.39,0.449,0.761,0.651,0.449,0.463,0.859,0.377,0.354,0.809,0.669,0.953,0.366,0.762,0.992,0.326,0.828,0.966,0.997,0.183,0.511,0.973,0.706,0.337,0.9,0.412,0.79,0.666,0.556,0.632,0.68,0.726,0.358,0.066,0.452,0.599,0.142,0.119,0.199,0.469,0.926,0.646
304,0.022,0.408,0.597,0.812,0.935,0.912,0.878,0.186,0.407,0.498,0.621,0.78,0.693,0.813,0.595,0.675,0.043,0.757,0.425,0.725,0.927,0.068,0.808,0.823,0.244,0.787,0.019,0.425,0.172,0.318,0.442,0.448,0.058,0.998,0.597,0.812,0.9,0.71,0.354,0.06,0.51,0.889,0.091,0.473,0.694,0.22,0.536,0.677,0.484,0.443,0.526,0.648,0.382,0.613,0.721,0.763,0.661,0.276,0.191,0.408,0.521,0.785,0.72,0.198
306,0.777,0.425,0.625,0.513,0.155,0.703,0.25,0.367,0.531,0.288,0.923,0.252,0.408,0.767,0.251,0.499,0.081,0.49,0.614,0.032,0.38,0.327,0.099,0.93,0.256,0.443,0.555,0.12,0.105,0.668,0.61,0.137,0.36,0.475,0.54,0.148,0.028,0.214,0.821,0.286,0.929,0.49,0.702,0.164,0.644,0.058,0.875,0.4,0.994,0.024,0.84,0.169,0.169,0.761,0.1,0.714,0.428,0.799,0.184,0.562,0.338,0.464,0.836,0.477
308,0.724,0.237,0.043,0.416,0.397,0.568,0.812,0.545,0.053,0.297,0.994,0.797,0.169,0.32,0.599,0.849,0.883,0.214,0.947,0.526,0.492,0.907,0.236,0.381,0.747,0.179,0.334,0.882,0.911,0.164,0.947,0.576,0.983,0.526,0.962,0.726,0.956,0.383,0.25,0.959,0.321,0.056,0.972,0.39,0.815,0.877,0.326,0.991,0.898,0.192,0.273,0.459,0.986,0.794,0.988,0.045,0.059,0.467,0.36,0.276,0.175,0.691,0.535,0.084
310,0.43,0.308,0.858,0.582,0.548,0.966,0.769,0.038,0.306,0.542,0.894,0.532,0.774,0.191,0.649,0.139,0.096,0.618,0.686,0.862,0.968,0.754,0.184,0.391,0.06,0.053,0.481,0.179,0.011,0.167,0.075,0.651,0.308,0.436,0.261,0.033,0.486,0.514,0.042,0.358,0.563,0.757,0.204,0.211,0.157,0.785,0.363,0.985,0.903,0.771,0.062,0.916,0.642,0.314,0.854,0.141,0.394,0.587,0.735,0.14,0.708,0.901,0.187,0.64
312,0.205,0.158,0.39,0.57,0.176,0.435,0.177,0.408,0.987,0.809,0.487,0.482,0.084,0.195,0.652,0.925,0.52,0.403,0.675,0.027,0.595,0.875,0.832,0.891,0.391,0.46,0.319,0.595,0.75,0.099,0.402,0.694,0.251,0.397,0.599,0.243,0.851,0.445,0.211,0.863,0.689,0.306,0.462,0.436,0.688,0.597,0.765,0.346,0.095,0.523,0.585,0.312,0.056,0.948,0.442,0.546,0.712,0.642,0.158,0.746,0.963,0.748,0.705,0.248
314,0.177,0.804,0.767,0.46,0.849,0.84,0.411,0.696,0.106,0.232,0.527,0.076,0.061,0.308,0.583,0.439,0.732,0.83,0.248,0.072,0.73,0.013,0.382,0.699,0.927,0.728,0.828,0.349,0.892,0.319,0.771,0.362,0.655,0.382,0.942,0.953,0.216,0.312,0.465,0.669,0.634,0.829,0.953,0.592,0.366,0.357,0.483,0.366,0.537,0.917,0.525,0.673,0.955,0.164,0.892,0.607,0.952,0.282,0.116,0.128,0.475,0.375,0.724,0.478
316,0.823,0.481,0.348,0.274,0.784,0.215,0.584,0.264,0.484,0.666,0.241,0.916,0.737,0.435,0.301,0.842,0.109,0.649,0.648,0.824,0.592,0.106,0.728,0.144,0.786,0.976,0.658,0.451,0.153,0.273,0.2,0.555,0.14,0.535,0.639,0.662,0.087,0.312,0.241,0.879,0.138,0.212,0.276,0.019,0.456,0.11,0.738,0.299,0.38,0.95,0.21,0.317,0.014,0.134,0.247,0.333,0.785,0.641,0.713,0.123,0.133,0.236,0.266,0.562
318,0.158,0.326,0.426,0.669,0.995,0.21,0.536,0.524,0.735,0.041,0.856,0.398,0.64,0.913,0.328,0.894,0.703,0.031,0.112,0.278,0.708,0.273,0.854,0.749,0.458,0.711,0.808,0.531,0.328,0.553,0.371,0.986,0.171,0.19,0.642,0.368,0.231,0.253,0.317,0.583,0.343,0.738,0.14,0.732,0.36,0.63,0.175,0.329,0.493,0.856,0.225,0.577,0.739,0.66,0.072,0.215,0.754,0.79,0.169,0.59,0.316,0.509,0.8,0.709
320,0.79,0.644,0.899,0.296,0.684,0.092,0.808,0.991,0.542,0.721,0.192,0.051,0.287,0.759,0.179,0.558,0.863,0.083,0.417,0.021,0.069,0.486,0.913,0.191,0.89,0.549,0.112,0.957,0.083,0.171,0.761,0.764,0.086,0.407,0.254,0.574,0.039,0.264,0.411,0.354,0.763,0.569,0.471,0.59,0.196,0.465,0.668,0.83,0.142,0.858,0.429,0.817,0.257,0.776,0.263,0.929,0.069,0.099,0.593,0.302,0.297,0.882,0.899,0.115
322,0.123,0.646,0.206,0.842,0.73,0.53,0.609,0.062,0.878,0.713,0.892,0.149,0.389,0.857,0.317,0.38,0.125,0.95,0.365,0.242,0.316,0.481,0.387,0.558,0.694,0.926,0.157,0.538,0.399,0.587,0.201,0.084,0.145,0.16,0.841,0.353,0.357,0.619,0.735,0.418,0.967,0.471,0.292,0.676,0.881,0.615,0.109,0.267,0.096,0.349,0.589,0.806,0.548,0.925,0.179,0.113,0.238,0.631,0.528,0.537,0.168,0.961,0.916,0.886
324,0.587,0.029,0.089,0.693,0.347,0.393,0.797,0.538,0.189,0.662,0.12,0.316,0.205,0.304,0.137,0.959,0.849,0.997,0.53,0.675,0.641,0.096,0.872,0.359,0.429,0.684,0.311,0.92,0.305,0.531,0.404,0.767,0.144,0.436,0.459,0.15,0.562,0.272,0.668,0.115,0.965,0.904,0.854,0.648,0.102,0.743,0.603,0.832,0.295,0.866,0.708,0.759,0.067,0.178,0.562,0.164,0.723,0.662,0.553,0.364,0.893,0.761,0.997,0.715
326,0.872,0.809,0.244,0.653,0.664,0.589,0.792,0.895,0.188,0.686,0.862,0.132,0.641,0.205,0.516,0.232,0.034,0.621,0.176,0.932,0.644,0.756,0.558,0.338,0.429,0.288,0.651,0.235,0.073,0.052,0.051,0.641,0.892,0.753,0.315,0.741,0.417,0.701,0.049,0.375,0.834,0.895,0.774,0.46,0.302,0.286,0.39,0.65,0.135,0.389,0.187,0.956,0.692,0.94,0.937,0.16,0.397,0.263,0.488,0.986,0.987,0.342,0.38,0.162
328,0.36,0.872,0.377,0.199,0.465,0.651,0.572,0.831,0.159,0.322,0.286,0.14,0.006,0.726,0.493,0.903,0.274,0.084,0.347,0.97,0.89,0.844,0.398,0.45,0.805,0.795,0.153,0.584,0.133,0.884,0.35,0.054,0.72,0.754,0.202,0.55,0.817,0.586,0.707,0.63,0.396,0.28,0.908,0.209,0.056,0.697,0.185,0.164,0.222,0.205,0.159,0.16,0.789,0.37,0.237,0.264,0.499,0.166,0.288,0.879,0.539,0.32,0.012,0.151
330,0.725,0.42,0.333,0.988,0.387,0.363,0.276,0.025,0.973,0.103,0.739,0.126,0.028,0.017,0.615,0.256,0.243,0.129,0.064,0.912,0.689,0.366,0.828,0.892,0.316,0.618,0.992,0.795,0.295,0.618,0.94,0.194,0.693,0.333,0.344,0.117,0.823,0.642,0.392,0.752,0.005,0.123,0.685,0.217,0.227,0.474,0.356,0.02,0.994,0.99,0.583,0.253,0.294,0.802,0.112,0.233,0.99,0.204,0.888,0.386,0.875,0.974,0.278,0.481
332,0.242,0.326,0.64,0.993,0.177,0.331,0.659,0.198,0.41,0.396,0.379,0.273,0.471,0.051,0.487,0.73,0.3,0.834,0.717,0.244,0.232,0.031,0.843,0.566,0.54,0.232,0.552,0.722,0.498,0.294,0.269,0.489,0.263,0.771,0.445,0.086,0.767,0.264,0.485,0.83,0.156,0.724,0.64,0.685,0.919,0.058,0.696,0.192,0.118,0.938,0.8,0.711,0.172,0.117,0.58,0.533,0.656,0.353,0.454,0.965,0.301,0.921,0.878,0.192
334,0.829,0.469,0.632,0.167,0.551,0.377,0.019,0.87,0.163,0.554,0.949,0.519,0.972,0.106,0.856,0.962,0.943,0.937,0.932,0.188,0.905,0.561,0.983,0.445,0.815,0.273,0.149,0.1,0.681,0.802,0.879,0.968,0.597,0.2,0.812,0.661,0.536,0.469,0.482,0.617,0.393,0.25,0.372,0.667,0.322,0.213,0.33,0.706,0.496,0.573,0.963,0.506,0.599,0.245,0.495,0.479,0.409,0.53,0.804,0.0,0.025,0.368,0.473,0.998
336,0.402,0.839,0.014,0.776,0.331,0.681,0.661,0.564,0.858,0.632,0.502,0.716,0.375,0.402,0.457,0.09,0.888,0.26,0.391,0.545,0.318,0.706,0.424,0.539,0.831,0.642,0.903,0.48,0.174,0.126,0.676,0.698,0.926,0.665,0.241,0.982,0.143,0.687,0.11,0.14,0.336,0.926,0.941,0.767,0.243,0.919,0.54,0.441,0.601,0.146,0.242,0.417,0.192,0.619,0.819,0.435,0.31,0.239,0.617,0.39,0.381,0.803,0.075,0.838
338,0.278,0.051,0.212,0.764,0.002,0.596,0.772,0.728,0.549,0.061,0.035,0.836,0.85,0.489,0.304,0.821,0.558,0.162,0.415,0.738,0.419,0.878,0.015,0.658,0.063,0.081,0.139,0.605,0.61,0.282,0.344,0.57,0.064,0.036,0.803,0.389,0.177,0.099,0.201,0.706,0.755,0.591,0.92,0.891,0.811,0.114,0.737,0.375,0.907,0.699,0.605,0.941,0.381,0.512,0.79,0.992,0.932,0.316,0.95,0.041,0.673,0.351,0.748,0.164
340,0.415,0.442,0.925,0.72,0.02,0.441,0.075,0.082,0.817,0.975,0.08,0.687,0.525,0.863,0.188,0.924,0.753,0.719,0.956,0.096,0.72,0.833,0.743,0.085,0.491,0.289,0.951,0.278,0.533,0.064,0.006,0.461,0.567,0.899,0.983,0.334,0.423,0.909,0.264,0.185,0.041,0.612,0.543,0.955,0.899,0.855,0.944,0.934,0.503,0.26,0.245,0.08,0.355,0.617,0.046,0.215,0.506,0.015,0.137,0.175,0.072,0.921,0.031,0.628
342,0.999,0.931,0.021,0.957,0.705,0.904,0.357,0.485,0.272,0.023,0.947,0.16,0.532,0.841,0.338,0.113,0.124,0.832,0.434,0.195,0.385,0.036,0.825,0.505,0.449,0.39,0.062,0.488,0.936,0.351,0.592,0.272,0.923,0.174,0.439,0.304,0.34,0.852,0.399,0.81,0.011,0.391,0.229,0.618,0.325,0.801,0.859,0.165,0.496,0.786,0.26,0.813,0.381,0.949,0.304,0.909,0.723,0.375,0.458,0.442,0.809,0.527,0.344,0.093
344,0.412,0.247,0.934,0.444,0.975,0.832,0.064,0.753,0.304,0.837,0.352,0.897,0.442,0.11,0.358,0.262,0.879,0.046,0.853,0.628,0.929,0.309,0.833,0.359,0.419,0.982,0.648,0.598,0.772,0.411,0.214,0.708,0.05,0.364,0.134,0.951,0.81,0.101,0.354,0.522,0.943,0.161,0.332,0.409,0.035,0.777,0.195,0.869,0.054,0.685,0.792,0.865,0.762,0.545,0.92,0.089,0.243,0.748,0.799,0.208,0.925,0.248,0.985,0.01
346,0.077,0.395,0.423,0.544,0.18,0.308,0.711,0.93,0.697,0.303,0.134,0.608,0.607,0.365,0.154,0.928,0.897,0.548,0.617,0.54,0.805,0.702,0.882,0.316,0.853,0.997,0.597,0.488,0.739,0.349,0.214,0.759,0.614,0.278,0.074,0.564,0.224,0.592,0.164,0.848,0.731,0.996,0.566,0.868,0.475,0.687,0.609,0.881,0.748,0.911,0.08,0.101,0.527,0.897,0.762,0.191,0.412,0.884,0.807,0.628,0.382,0.406,0.679,0.615
348,0.904,0.64,0.023,0.962,0.893,0.118,0.27,0.37,0.253,0.576,0.211,0.648,0.622,0.294,0.221,0.848,0.555,0.599,0.76,0.058,0.501,0.712,0.347,0.449,0.852,0.099,0.576,0.036,0.613,0.718,0.914,0.102,0.151,0.283,0.561,0.825,0.216,0.542,0.569,0.0,0.062,0.653,0.356,0.018,0.367,0.075,0.63,0.062,0.251,0.535,0.221,0.717,0.155,0.198,0.236,0.959,0.744,0.831,0.686,0.163,0.465,0.169,0.771,0.103
350,0.651,0.097,0.995,0.664,0.778,0.753,0.052,0.001,0.305,0.235,0.35,0.611,0.94,0.164,0.669,0.652,0.611,0.011,0.603,0.924,0.811,0.159,0.59,0.161,0.847,0.757,0.078,0.733,0.576,0.989,0.106,0.813,0.055,0.276,0.426,0.128,0.375,0.566,0.574,0.297,0.101,0.372,0.89,0.7,0.171,0.728,0.731,0.337,0.9,0.204,0.723,0.605,0.174,0.838,0.195,0.311,0.471,0.079,0.42,0.351,0.442,0.231,0.5,0.91
352,0.668,0.58,0.981,0.058,0.84,0.278,0.189,0.883,0.953,0.334,0.915,0.911,0.066,0.5,0.207,0.863,0.436,0.7,0.031,0.018,0.679,0.415,0.274,0.976,0.441,0.408,0.657,0.908,0.011,0.848,0.361,0.911,0.542,0.476,0.209,0.312,0.163,0.376,0.601,0.861,0.502,0.029,0.529,0.388,0.519,0.648,0.882,0.762,0.633,0.504,0.719,0.767,0.434,0.429,0.907,0.968,0.867,0.21,0.002,0.035,0.935,0.091,0.239,0.448
354,0.705,0.139,0.599,0.834,0.512,0.731,0.671,0.161,0.621,0.648,0.651,0.489,0.792,0.231,0.095,0.213,0.118,0.967,0.631,0.473,0.328,0.369,0.028,0.313,0.563,0.241,0.853,0.393,0.091,0.914,0.595,0.684,0.869,0.653,0.699,0.353,0.847,0.335,0.521,0.524,0.534,0.015,0.919,0.994,0.462,0.646,0.125,0.103,0.542,0.056,0.226,0.306,0.291,0.815,0.671,0.367,0.36,0.006,0.814,0.272,0.454,0.233,0.55,0.789
356,0.667,0.862,0.554,0.421,0.298,0.381,0.098,0.745,0.473,0.18,0.767,0.759,0.979,0.743,0.899,0.053,0.036,0.602,0.291,0.427,0.181,0.172,0.43,0.828,0.415,0.589,0.219,0.108,0.601,0.762,0.439,0.917,0.616,0.471,0.539,0.403,0.484,0.217,0.875,0.61,0.303,0.546,0.483,0.271,0.122,0.261,0.338,0.614,0.979,0.396,0.648,0.758,0.365,0.992,0.291,0.361,0.734,0.215,0.052,0.23,0.894,0.364,0.89,0.815
358,0.043,0.706,0.27,0.985,0.671,0.929,0.325,0.13,0.576,0.79,0.375,0.907,0.974,0.62,0.88,0.991,0.762,0.937,0.945,0.425,0.447,0.87,0.638,0.182,0.77,0.352,0.171,0.97,0.263,0.985,0.209,0.79,0.353,0.562,0.101,0.01,0.318,0.852,0.979,0.947,0.306,0.007,0.82,0.141,0.429,0.937,0.052,0.242,0.914,0.093,0.585,0.79,0.92,0.85,0.126,0.62,0.05,0.614,0.263,0.36,0.693,0.292,0.949,0.454
360,0.137,0.918,0.286,0.351,0.636,0.792,0.847,0.2,0.911,0.933,0.015,0.213,0.693,0.715,0.483,0.501,0.008,0.774,0.243,0.535,0.529,0.981,0.715,0.377,0.75,0.956,0.713,0.859,0.082,0.467,0.754,0.019,0.979,0.753,0.242,0.151,0.933,0.162,0.701,0.172,0.821,0.83,0.599,0.742,0.454,0.567,0.45,0.487,0.11,0.429,0.093,0.767,0.056,0.712,0.341,0.444,0.334,0.062,0.02,0.732,0.221,0.491,0.963,0.757
362,0.356,0.576,0.013,0.239,0.201,0.885,0.064,0.571,0.01,0.017,0.847,0.943,0.262,0.573,0.542,0.692,0.827,0.438,0.808,0.321,0.962,0.152,0.506,0.503,0.292,0.939,0.449,0.231,0.083,0.242,0.153,0.8,0.223,0.905,0.114,0.623,0.082,0.88,0.568,0.456,0.715,0.848,0.149,0.917,0.413,0.257,0.328,0.532,0.42,0.403,0.517,0.934,0.876,0.426,0.853,0.256,0.749,0.986,0.291,0.335,0.046,0.817,0.998,0.394
364,0.12,0.58,0.198,0.146,0.191,0.213,0.937,0.566,0.619,0.666,0.607,0.073,0.79,0.613,0.894,0.046,0.043,0.695,0.701,0.509,0.092,0.315,0.969,0.356,0.71,0.606,0.136,0.12,0.27,0.657,0.251,0.655,0.945,0.491,0.243,0.551,0.631,0.995,0.276,0.997,0.933,0.778,0.978,0.928,0.162,0.404,0.06,0.245,0.96,0.552,0.034,0.608,0.985,0.175,0.335,0.941,0.149,0.109,0.399,0.041,0.133,0.603,0.367,0.869
366,0.958,0.407,0.146,0.13,0.825,0.547,0.142,0.454,0.315,0.33,0.857,0.247,0.609,0.212,0.403,0.106,0.568,0.098,0.577,0.88,0.656,0.979,0.657,0.632,0.792,0.454,0.674,0.381,0.188,0.734,0.221,0.467,0.955,0.097,0.15,0.882,0.38,0.915,0.311,0.816,0.773,0.884,0.424,0.922,0.73,0.105,0.179,0.812,0.144,0.808,0.469,0.419,0.574,0.666,0.743,0.466,0.749,0.42,0.398,0.471,0.867,0.119,0.435,0.542
368,0.758,0.543,0.569,0.624,0.234,0.716,0.514,0.235,0.232,0.189,0.639,0.819,0.985,0.01,0.198,0.605,0.648,0.001,0.145,0.1,0.061,0.219,0.81,0.874,0.682,0.735,0.411,0.37,0.012,0.692,0.269,0.595,0.34,0.182,0.968,0.069,0.862,0.813,0.981,0.601,0.549,0.987,0.124,0.098,0.202,0.814,0.128,0.057,0.967,0.188,0.214,0.379,0.958,0.77,0.838,0.794,0.515,0.992,0.326,0.65,0.799,0.414,0.566,0.216
370,0.023,0.346,0.899,0.154,0.499,0.813,0.711,0.461,0.078,0.23,0.724,0.239,0.939,0.914,0.187,0.929,0.453,0.709,0.645,0.625,0.494,0.222,0.022,0.686,0.582,0.131,0.696,0.784,0.561,0.201,0.267,0.969,0.217,0.684,0.566,0.414,0.587,0.659,0.838,0.18,0.529,0.103,0.949,0.063,0.684,0.14,0.385,0.425,0.288,0.498,0.491,0.168,0.96,0.646,0.405,0.685,0.139,0.767,0.385,0.298,0.175,0.956,0.833,0.795
372,0.099,0.563,0.83,0.721,0.209,0.084,0.786,0.28,0.197,0.758,0.852,0.792,0.733,0.722,0.416,0.005,0.902,0.329,0.877,0.958,0.93,0.299,0.294,0.633,0.562,0.758,0.154,0.167,0.288,0.684,0.781,0.441,0.747,0.401,0.529,0.981,0.456,0.111,0.755,0.525,0.674,0.07,0.043,0.273,0.344,0.99,0.992,0.75,0.112,0.798,0.985,0.189,0.295,0.216,0.674,0.157,0.882,0.573,0.83,0.303,0.927,0.009,0.891,0.363
374,0.715,0.384,0.485,0.044,0.544,0.401,0.93,0.497,0.332,0.347,0.781,0.424,0.182,0.313,0.356,0.894,0.262,0.297,0.15,0.623,0.54,0.159,0.373,0.714,0.401,0.195,0.284,0.451,0.804,0.332,0.991,0.983,0.921,0.175,0.093,0.612,0.47,0.6,0.472,0.763,0.016,0.867,0.45,0.337,0.156,0.49,0.715,0.494,0.691,0.164,0.795,0.426,0.142,0.054,0.84,0.951,0.109,0.015,0.932,0.389,0.053,0.688,0.332,0.21
376,0.06,0.876,0.154,0.555,0.258,0.121,0.056,0.716,0.93,0.293,0.173,0.581,0.496,0.307,0.835,0.344,0.965,0.496,0.944,0.061,0.754,0.688,0.059,0.009,0.892,0.698,0.5,0.33,0.361,0.286,0.682,0.21,0.441,0.146,0.397,0.704,0.579,0.974,0.0,0.044,0.538,0.676,0.612,0.268,0.406,0.174,0.734,0.024,0.106,0.524,0.555,0.09,0.815,0.81,0.619,0.468,0.661,0.305,0.314,0.972,0.523,0.824,0.502,0.644
378,0.081,0.43,0.37,0.58,0.024,0.059,0.222,0.952,0.463,0.206,0.572,0.907,0.84,0.32,0.145,0.854,0.879,0.489,0.607,0.393,0.476,0.92,0.73,0.287,0.717,0.435,0.854,0.176,0.106,0.348,0.561,0.444,0.306,0.157,0.429,0.385,0.027,0.312,0.606,0.069,0.067,0.67,0.97,0.93,0.097,0.022,0.5,0.989,0.653,0.649,0.355,0.582,0.445,0.58,0.275,0.964,0.417,0.773,0.477,0.572,0.523,0.757,0.819,0.94
380,0.515,0.371,0.385,0.012,0.811,0.728,0.866,0.062,0.091,0.999,0.218,0.418,0.503,0.614,0.966,0.283,0.971,0.43,0.303,0.594,0.81,0.759,0.576,0.843,0.968,0.387,0.249,0.425,0.6,0.74,0.404,0.937,0.649,0.051,0.293,0.468,0.516,0.282,0.542,0.284,0.399,0.923,0.041,0.522,0.264,0.921,0.373,0.875,0.282,0.301,0.78,0.58,0.588,0.609,0.338,0.374,0.547,0.013,0.289,0.33,0.546,0.861,0.954,0.473
382,0.436,0.861,0.848,0.385,0.311,0.555,0.712,0.487,0.718,0.626,0.223,0.311,0.05,0.547,0.85,0.81,0.546,0.362,0.267,0.853,0.589,0.373,0.197,0.385,0.799,0.355,0.751,0.274,0.478,0.506,0.109,0.298,0.063,0.277,0.003,0.772,0.836,0.806,0.458,0.338,0.235,0.886,0.421,0.427,0.896,0.059,0.87,0.576,0.913,0.856,0.682,0.523,0.224,0.775,0.634,0.948,0.582,0.98,0.975,0.354,0.458,0.156,0.635,0.904
384,0.355,0.365,0.799,0.24,0.029,0.393,0.299,0.48,0.593,0.554,0.591,0.429,0.089,0.877,0.501,0.556,0.442,0.965,0.662,0.237,0.853,0.47,0.082,0.896,0.181,0.55,0.238,0.367,0.855,0.717,0.645,0.58,0.436,0.04,0.823,0.975,0.147,0.185,0.956,0.771,0.576,0.986,0.077,0.202,0.555,0.637,0.55,0.781,0.287,0.701,0.512,0.163,0.021,0.965,0.503,0.038,0.413,0.029,0.904,0.761,0.549,0.459,0.913,0.233
386,0.192,0.609,0.712,0.653,0.528,0.523,0.902,0.959,0.197,0.06,0.169,0.895,0.023,0.888,0.811,0.154,0.997,0.076,0.654,0.087,0.731,0.788,0.982,0.563,0.235,0.145,0.308,0.561,0.858,0.591,0.538,0.458,0.827,0.466,0.485,0.083,0.914,0.444,0.107,0.949,0.694,0.891,0.186,0.09,0.84,0.008,0.006,0.777,0.531,0.909,0.127,0.326,0.588,0.07,0.743,0.666,0.262,0.654,0.227,0.901,0.653,0.53,0.501,0.068
388,0.704,0.596,0.46,0.132,0.371,0.674,0.132,0.58,0.78,0.672,0.559,0.118,0.399,0.898,0.969,0.207,0.192,0.248,0.217,0.216,0.189,0.64,0.086,0.695,0.017,0.451,0.082,0.252,0.327,0.467,0.562,0.466,0.618,0.853,0.883,0.738,0.562,0.064,0.959,0.398,0.998,0.629,0.654,0.458,0.14,0.804,0.078,0.689,0.565,0.295,0.065,0.1,0.849,0.197,0.354,0.493,0.631,0.77,0.971,0.989,0.373,0.462,0.216,0.156
390,0.62,0.414,0.227,0.13,0.005,0.086,0.152,0.534,0.963,0.822,0.321,0.583,0.22,0.995,0.61,0.648,0.393,0.047,0.551,0.83,0.92,0.428,0.354,0.952,0.081,0.264,0.474,0.159,0.518,0.443,0.413,0.215,0.472,0.375,0.211,0.398,0.992,0.899,0.374,0.344,0.742,0.784,0.657,0.902,0.372,0.573,0.852,0.288,0.363,0.643,0.475,0.774,0.812,0.891,0.257,0.162,0.04,0.656,0.972,0.944,0.838,0.333,0.456,0.426
392,0.556,0.868,0.3,0.113,0.863,0.023,0.134,0.659,0.902,0.687,0.708,0.69,0.824,0.771,0.253,0.643,0.651,0.784,0.152,0.645,0.66,0.411,0.821,0.33,0.541,0.418,0.591,0.603,0.044,0.606,0.309,0.396,0.726,0.091,0.519,0.596,0.766,0.744,0.727,0.976,0.095,0.66,0.731,0.85,0.626,0.618,0.495,0.649,0.228,0.734,0.664,0.756,0.977,0.673,0.925,0.924,0.231,0.067,0.868,0.557,0.669,0.432,0.153,0.076
394,0.599,0.857,0.472,0.458,0.425,0.685,0.202,0.04,0.128,0.982,0.004,0.652,0.125,0.342,0.84,0.217,0.797,0.895,0.646,0.939,0.9,0.204,0.601,0.547,0.202,0.159,0.721,0.029,0.907,0.234,0.48,0.524,0.265,0.022,0.91,0.512,0.173,0.062,0.757,0.543,0.954,0.541,0.779,0.213,0.06,0.051,0.554,0.959,0.461,0.348,0.78,0.988,0.259,0.917,0.904,0.513,0.827,0.798,0.275,0.223,0.821,0.896,0.513,0.994
396,0.917,0.499,0.483,0.915,0.817,0.564,0.511,0.309,0.451,0.455,0.516,0.174,0.003,0.783,0.286,0.025,0.695,0.58,0.606,0.913,0.383,0.493,0.976,0.735,0.323,0.46,0.138,0.547,0.291,0.033,0.881,0.444,0.361,0.92,0.162,0.246,0.829,0.755,0.282,0.528,0.577,0.439,0.29,0.746,0.783,0.37,0.884,0.634,0.458,0.668,0.978,0.007,0.198,0.855,0.085,0.534,0.22,0.37,0.772,0.571,0.479,0.62,0.523,0.769
398,0.334,0.345,0.314,0.425,0.915,0.603,0.741,0.912,0.704,0.057,0.297,0.478,0.383,0.716,0.447,0.714,0.014,0.775,0.569,0.161,0.71,0.269,0.32,0.825,0.401,0.385,0.888,0.863,0.204,0.983,0.632,0.188,0.207,0.026,0.515,0.09,0.561,0.792,0.024,0.832,0.743,0.73,0.948,0.174,0.113,0.203,0.208,0.288,0.65,0.691,0.191,0.246,0.173,0.287,0.747,0.241,0.377,0.055,0.03,0.113,0.664,0.183,0.725,0.414
