time,CP6,F7,CP2,FT8,P1,PO8,P9,P4,CPz,P6,FT7,AF8,Fp2,P2,CP5,Pz,O1,FC5,F8,P5,Oz,FC3,P3,PO7,F5,FC2,TP8,CP1,TP7,POz,CP3,T8,Fp1,FC1,F10,F1,C3,T7,C1,C2,C4,FC4,C6,C5,F2,F6,AF3,PO4,P10,P8,P7,PO3,Fz,AF7,FCz,CP4,F4,AF4,Cz,FC6,F9,F3,O2,AFz
-100,0.69,0.951,0.477,0.733,0.519,0.928,0.082,0.353,0.876,0.057,0.837,0.336,0.147,0.691,0.948,0.568,0.706,0.233,0.559,0.597,0.076,0.091,0.193,0.799,0.225,0.058,0.848,0.321,0.822,0.535,0.099,0.231,0.157,0.563,0.811,0.653,0.034,0.349,0.269,0.975,0.317,0.714,0.24,0.88,0.448,0.849,0.051,0.116,0.56,0.408,0.724,0.813,0.666,0.021,0.262,0.493,0.653,0.434,0.799,0.094,0.6,0.919,0.876,0.528
-98,0.404,0.72,0.423,0.266,0.74,0.002,0.846,0.459,0.92,0.162,0.294,0.112,0.909,0.297,0.437,0.755,0.99,0.996,0.92,0.143,0.893,0.599,0.48,0.923,0.118,0.152,0.947,0.181,0.653,0.452,0.46,0.001,0.858,0.592,0.524,0.254,0.695,0.905,0.94,0.06,0.185,0.113,0.304,0.261,0.075,0.541,0.328,0.635,0.553,0.321,0.448,0.485,0.03,0.14,0.174,0.477,0.308,0.51,0.496,0.074,0.394,0.029,0.322,0.077
-96,0.004,0.099,0.374,0.128,0.081,0.188,0.009,0.6,0.364,0.659,0.119,0.131,0.925,0.186,0.245,0.902,0.056,0.522,0.769,0.465,0.86,0.092,0.723,0.684,0.805,0.38,0.734,0.411,0.345,0.549,0.153,0.42,0.461,0.171,0.751,0.309,0.576,0.179,0.789,0.92,0.996,0.731,0.617,0.625,0.117,0.082,0.741,0.533,0.798,0.666,0.114,0.869,0.954,0.132,0.38,0.065,0.535,0.568,0.403,0.285,0.348,0.859,0.486,0.719
-94,0.839,0.108,0.711,0.66,0.594,0.82,0.084,0.044,0.15,0.774,0.421,0.377,0.031,0.565,0.07,0.557,0.352,0.774,0.626,0.062,0.352,0.024,0.361,0.786,0.123,0.769,0.783,0.627,0.804,0.571,0.527,0.416,0.692,0.362,0.642,0.539,0.005,0.745,0.627,0.468,0.359,0.121,0.272,0.635,0.378,0.478,0.296,0.705,0.354,0.952,0.51,0.015,0.435,0.813,0.996,0.976,0.448,0.201,0.966,0.033,0.166,0.401,0.904,0.331
-92,0.868,0.403,0.003,0.837,0.352,0.743,0.147,0.859,0.614,0.1,0.308,0.947,0.066,0.437,0.834,0.716,0.007,0.143,0.502,0.792,0.075,0.488,0.535,0.747,0.678,0.457,0.778,0.101,0.123,0.341,0.902,0.12,0.696,0.157,0.708,0.82,0.041,0.969,0.907,0.655,0.84,0.948,0.115,0.488,0.808,0.672,0.529,0.121,0.502,0.576,0.901,0.164,0.054,0.698,0.737,0.305,0.498,0.72,0.69,0.994,0.498,0.634,0.836,0.824
-90,0.941,0.031,0.814,0.501,0.225,0.271,0.242,0.245,0.508,0.377,0.867,0.492,0.7,0.297,0.987,0.022,0.28,0.715,0.75,0.067,0.67,0.139,0.54,0.006,0.73,0.41,0.02,0.207,0.174,0.068,0.11,0.73,0.814,0.223,0.179,0.738,0.833,0.479,0.069,0.464,0.429,0.302,0.77,0.367,0.602,0.978,0.83,0.648,0.522,0.44,0.872,0.98,0.313,0.911,0.717,0.057,0.317,0.853,0.313,0.794,0.01,0.81,0.251,0.051
-88,0.35,0.042,0.72,0.337,0.414,0.713,0.165,0.812,0.393,0.339,0.102,0.922,0.349,0.815,0.765,0.612,0.902,0.961,0.782,0.112,0.325,0.253,0.619,0.857,0.215,0.363,0.942,0.377,0.903,0.515,0.282,0.102,0.65,0.29,0.901,0.769,0.657,0.559,0.942,0.57,0.903,0.737,0.321,0.528,0.067,0.135,0.597,0.407,0.911,0.546,0.209,0.597,0.343,0.128,0.305,0.242,0.65,0.107,0.465,0.285,0.017,0.584,0.527,0.154
-86,0.143,0.678,0.311,0.272,0.136,0.597,0.061,0.031,0.675,0.602,0.789,0.369,0.365,0.729,0.277,0.239,0.635,0.767,0.397,0.098,0.983,0.487,0.326,0.057,0.949,0.872,0.142,0.794,0.059,0.548,0.307,0.527,0.917,0.271,0.892,0.256,0.72,0.573,0.534,0.68,0.954,0.653,0.862,0.709,0.654,0.845,0.999,0.272,0.013,0.518,0.687,0.174,0.285,0.038,0.294,0.212,0.791,0.012,0.725,0.901,0.351,0.736,0.223,0.963
-84,0.349,0.312,0.82,0.231,0.503,0.509,0.501,0.196,0.661,0.239,0.761,0.812,0.283,0.33,0.158,0.251,0.831,0.505,0.176,0.205,0.123,0.942,0.527,0.309,0.452,0.792,0.616,0.43,0.061,0.807,0.561,0.593,0.8,0.877,0.08,0.386,0.904,0.802,0.138,0.124,0.635,0.006,0.677,0.013,0.778,0.258,0.588,0.651,0.585,0.47,0.091,0.573,0.232,0.776,0.782,0.703,0.869,0.316,0.199,0.918,0.161,0.213,0.316,0.551
-82,0.795,0.811,0.306,0.874,0.179,0.714,0.432,0.111,0.792,0.536,0.168,0.807,0.186,0.039,0.749,0.993,0.331,0.151,0.1,0.928,0.138,0.759,0.989,0.546,0.785,0.475,0.658,0.246,0.906,0.429,0.261,0.304,0.141,0.195,0.035,0.45,0.255,0.545,0.079,0.746,0.682,0.209,0.51,0.009,0.123,0.345,0.321,0.18,0.057,0.183,0.852,0.467,0.393,0.134,0.871,0.726,0.056,0.094,0.96,0.212,0.706,0.114,0.889,0.294
-80,0.707,0.985,0.256,0.773,0.253,0.093,0.103,0.581,0.676,0.05,0.535,0.635,0.026,0.022,0.072,0.921,0.137,0.618,0.498,0.521,0.906,0.305,0.582,0.729,0.481,0.266,0.132,0.7,0.443,0.958,0.177,0.213,0.635,0.378,0.143,0.69,0.286,0.772,0.813,0.235,0.521,0.733,0.292,0.787,0.68,0.713,0.29,0.803,0.281,0.404,0.633,0.834,0.051,0.569,0.351,0.313,0.664,0.823,0.144,0.859,0.339,0.147,0.943,0.898
-78,0.805,0.774,0.725,0.617,0.104,0.311,0.987,0.595,0.34,0.296,0.11,0.345,0.936,0.867,0.882,0.3,0.626,0.529,0.984,0.898,0.96,0.621,0.062,0.377,0.356,0.264,0.202,0.162,0.461,0.661,0.905,0.937,0.031,0.718,0.504,0.534,0.735,0.349,0.329,0.429,0.929,0.028,0.062,0.249,0.732,0.022,0.154,0.132,0.651,0.437,0.511,0.664,0.572,0.735,0.844,0.471,0.146,0.903,0.606,0.993,0.228,0.161,0.291,0.507
-76,0.599,0.196,0.807,0.48,0.091,0.797,0.098,0.262,0.242,0.133,0.271,0.362,0.889,0.633,0.923,0.069,0.179,0.087,0.546,0.203,0.052,0.759,0.468,0.876,0.208,0.55,0.209,0.754,0.558,0.876,0.29,0.414,0.151,0.247,0.308,0.777,0.502,0.48,0.186,0.728,0.308,0.691,0.1,0.181,0.896,0.877,0.749,0.903,0.694,0.326,0.514,0.407,0.38,0.649,0.806,0.932,0.431,0.089,0.266,0.331,0.343,0.056,0.727,0.077
-74,0.052,0.593,0.956,0.512,0.451,0.338,0.356,0.858,0.029,0.507,0.487,0.099,0.978,0.221,0.892,0.356,0.978,0.786,0.857,0.103,0.578,0.451,0.133,0.589,0.336,0.632,0.847,0.939,0.721,0.246,0.857,0.352,0.231,0.776,0.372,0.117,0.442,0.5,0.621,0.214,0.919,0.224,0.899,0.133,0.034,0.95,0.642,0.251,0.531,0.123,0.323,0.274,0.546,0.336,0.875,0.556,0.549,0.176,0.946,0.792,0.895,0.562,0.617,0.022
-72,0.553,0.715,0.712,0.009,0.592,0.596,0.394,0.858,0.942,0.44,0.204,0.94,0.557,0.189,0.054,0.395,0.801,0.261,0.673,0.773,0.114,0.749,0.114,0.002,0.269,0.818,0.925,0.905,0.397,0.209,0.489,0.846,0.169,0.007,0.478,0.793,0.873,0.817,0.865,0.7,0.352,0.684,0.098,0.849,0.935,0.848,0.785,0.518,0.985,0.182,0.609,0.919,0.505,0.525,0.777,0.922,0.818,0.088,0.008,0.383,0.04,0.143,0.756,0.007
-70,0.503,0.021,0.156,0.996,0.452,0.328,0.841,0.903,0.336,0.244,0.761,0.077,0.297,0.882,0.059,0.332,0.88,0.242,0.193,0.298,0.184,0.449,0.353,0.073,0.843,0.254,0.987,0.813,0.14,0.561,0.846,0.238,0.51,0.304,0.137,0.05,0.062,0.586,0.781,0.292,0.804,0.367,0.906,0.941,0.211,0.053,0.382,0.706,0.313,0.751,0.31,0.584,0.292,0.048,0.162,0.592,0.023,0.363,0.883,0.527,0.156,0.022,0.695,0.575
-68,0.842,0.634,0.729,0.123,0.186,0.711,0.486,0.745,0.016,0.57,0.606,0.96,0.823,0.995,0.519,0.372,0.058,0.285,0.317,0.112,0.378,0.05,0.58,0.238,0.333,0.461,0.835,0.361,0.836,0.38,0.046,0.74,0.811,0.18,0.743,0.231,0.203,0.572,0.444,0.204,0.117,0.302,0.965,0.237,0.08,0.08,0.089,0.868,0.728,0.946,0.3,0.679,0.461,0.157,0.487,0.794,0.872,0.071,0.597,0.744,0.923,0.665,0.828,0.604
-66,0.351,0.586,0.557,0.419,0.016,0.611,0.174,0.995,0.675,0.274,0.516,0.746,0.663,0.534,0.619,0.486,0.051,0.824,0.899,0.6,0.839,0.657,0.589,0.771,0.576,0.289,0.955,0.371,0.697,0.511,0.322,0.57,0.605,0.925,0.971,0.043,0.73,0.498,0.19,0.416,0.243,0.111,0.544,0.021,0.009,0.02,0.329,0.509,0.843,0.224,0.83,0.764,0.643,0.266,0.182,0.233,0.465,0.879,0.019,0.755,0.859,0.617,0.457,0.301
-64,0.102,0.264,0.479,0.279,0.988,0.92,0.053,0.364,0.364,0.127,0.195,0.925,0.816,0.689,0.883,0.729,0.316,0.728,0.804,0.162,0.736,0.707,0.054,0.385,0.58,0.375,0.367,0.977,0.314,0.42,0.127,0.607,0.231,0.462,0.458,0.563,0.233,0.878,0.394,0.235,0.939,0.629,0.962,0.797,0.078,0.559,0.531,0.741,0.27,0.862,0.252,0.395,0.934,0.593,0.871,0.26,0.154,0.102,0.172,0.708,0.443,0.923,0.937,0.617
-62,0.204,0.379,0.685,0.629,0.742,0.453,0.919,0.307,0.991,0.321,0.276,0.588,0.889,0.514,0.206,0.219,0.955,0.575,0.651,0.57,0.361,0.461,0.195,0.773,0.833,0.419,0.518,0.852,0.372,0.233,0.852,0.698,0.873,0.879,0.802,0.26,0.602,0.612,0.226,0.492,0.557,0.855,0.109,0.075,0.541,0.639,0.58,0.644,0.221,0.398,0.282,0.848,0.081,0.171,0.246,0.365,0.339,0.902,0.117,0.078,0.46,0.487,0.064,0.862
-60,0.917,0.401,0.197,0.157,0.805,0.311,0.815,0.955,0.599,0.958,0.225,0.967,0.123,0.928,0.769,0.84,0.287,0.844,0.114,0.574,0.458,0.502,0.771,0.892,0.223,0.7,0.54,0.516,0.511,0.562,0.087,0.838,0.253,0.063,0.179,0.916,0.718,0.494,0.75,0.373,0.692,0.182,0.202,0.999,0.596,0.487,0.091,0.798,0.978,0.523,0.595,0.949,0.004,0.642,0.819,0.613,0.968,0.779,0.237,0.14,0.373,0.7,0.376,0.401
-58,0.056,0.821,0.002,0.119,0.654,0.432,0.33,0.834,0.598,0.458,0.885,0.289,0.566,0.279,0.946,0.725,0.746,0.391,0.797,0.669,0.549,0.125,0.447,0.338,0.324,0.549,0.359,0.12,0.552,0.945,0.41,0.961,0.921,0.485,0.098,0.409,0.496,0.074,0.046,0.941,0.677,0.246,0.101,0.667,0.698,0.174,0.631,0.673,0.647,0.314,0.089,0.499,0.455,0.655,0.627,0.582,0.152,0.414,0.479,0.854,0.804,0.647,0.786,0.27
-56,0.238,0.08,0.277,0.307,0.068,0.067,0.469,0.307,0.09,0.311,0.478,0.498,0.78,0.657,0.047,0.922,0.356,0.28,0.499,0.35,0.104,0.929,0.111,0.442,0.536,0.416,0.237,0.614,0.533,0.736,0.645,0.542,0.491,0.505,0.999,0.656,0.243,0.061,0.873,0.038,0.277,0.058,0.761,0.17,0.101,0.835,0.467,0.552,0.756,0.039,0.808,0.67,0.3,0.913,0.552,0.248,0.676,0.055,0.835,0.284,0.171,0.917,0.918,0.367
-54,0.768,0.645,0.154,0.845,0.051,0.699,0.524,0.34,0.811,0.585,0.238,0.948,0.957,0.269,0.2,0.373,0.723,0.664,0.347,0.115,0.498,0.074,0.367,0.87,0.539,0.955,0.882,0.581,0.39,0.213,0.82,0.185,0.932,0.345,0.218,0.151,0.289,0.78,0.097,0.536,0.905,0.386,0.995,0.861,0.706,0.065,0.717,0.82,0.249,0.711,0.043,0.021,0.723,0.557,0.442,0.628,0.353,0.549,0.621,0.118,0.28,0.356,0.687,0.484
-52,0.757,0.121,0.6,0.683,0.33,0.708,0.791,0.683,0.422,0.72,0.274,0.486,0.36,0.874,0.39,0.466,0.317,0.792,0.253,0.397,0.636,0.938,0.653,0.988,0.67,0.946,0.467,0.58,0.123,0.345,0.054,0.581,0.859,0.343,0.969,0.764,0.674,0.113,0.116,0.184,0.313,0.15,0.534,0.394,0.038,0.215,0.12,0.415,0.401,0.463,0.345,0.254,0.133,0.662,0.348,0.778,0.915,0.432,0.154,0.962,0.342,0.386,0.244,0.561
-50,0.574,0.155,0.768,0.623,0.215,0.448,0.247,0.312,0.373,0.367,0.372,0.157,0.522,0.073,0.32,0.254,0.55,0.031,0.236,0.163,0.131,0.746,0.866,0.385,0.147,0.226,0.208,0.016,0.791,0.167,0.242,0.49,0.478,0.209,0.359,0.176,0.499,0.559,0.541,0.092,0.848,0.552,0.709,0.91,0.252,0.767,0.079,0.839,0.137,0.947,0.141,0.249,0.003,0.582,0.766,0.12,0.165,0.321,0.97,0.8,0.593,0.28,0.468,0.946
-48,0.096,0.588,0.629,0.059,0.678,0.281,0.725,0.697,0.506,0.788,0.905,0.765,0.908,0.058,0.235,0.556,0.257,0.787,0.078,0.083,0.103,0.293,0.887,0.691,0.494,0.045,0.73,0.413,0.942,0.158,0.373,0.183,0.203,0.344,0.756,0.181,0.719,0.573,0.388,0.14,0.606,0.573,0.451,0.245,0.508,0.617,0.17,0.769,0.644,0.977,0.911,0.743,0.278,0.403,0.337,0.998,0.223,0.759,0.691,0.318,0.053,0.043,0.357,0.666
-46,0.09,0.224,0.28,0.46,0.104,0.956,0.307,0.568,0.946,0.667,0.171,0.82,0.372,0.463,0.534,0.451,0.184,0.553,0.029,0.008,0.059,0.563,0.765,0.477,0.09,0.388,0.416,0.363,0.106,0.824,0.422,0.573,0.966,0.716,0.427,0.418,0.259,0.154,0.532,0.656,0.45,0.236,0.019,0.738,0.646,0.803,0.734,0.104,0.297,0.356,0.857,0.939,0.478,0.734,0.069,0.381,0.702,0.543,0.846,0.69,0.637,0.006,0.289,0.958
-44,0.028,0.749,0.314,0.227,0.777,0.45,0.181,0.129,0.294,0.214,0.643,0.606,0.57,0.16,0.123,0.653,0.541,0.424,0.214,0.907,0.236,0.149,0.515,0.576,0.23,0.995,0.393,0.115,1.0,0.978,0.111,0.096,0.457,0.386,0.448,0.329,0.073,0.415,0.708,0.623,0.189,0.548,0.297,0.286,0.423,0.271,0.018,0.986,0.895,0.131,0.195,0.96,0.51,0.862,0.791,0.848,0.192,0.611,0.557,0.336,0.88,0.296,0.784,0.735
-42,0.121,0.25,0.596,0.017,0.991,0.48,0.948,0.727,0.207,0.295,0.792,0.122,0.069,0.512,0.383,0.458,0.837,0.606,0.503,0.647,0.186,0.286,0.238,0.277,0.017,0.112,0.78,0.55,0.625,0.461,0.66,0.957,0.935,0.787,0.222,0.959,0.926,0.776,0.026,0.512,0.74,0.368,0.983,0.093,0.617,0.902,0.512,0.888,0.4,0.22,0.769,0.74,0.619,0.153,0.98,0.339,0.798,0.636,0.356,0.467,0.452,0.745,0.778,0.339
-40,0.9,0.827,0.64,0.549,0.636,0.867,0.069,0.295,0.726,0.836,0.973,0.562,0.754,0.233,0.973,0.942,0.225,0.329,0.911,0.391,0.625,0.185,0.695,0.303,0.33,0.26,0.044,0.614,0.853,0.633,0.848,0.63,0.132,0.775,0.85,0.74,0.604,0.338,0.109,0.28,0.434,0.999,0.849,0.961,0.838,0.451,0.226,0.324,0.896,0.978,0.165,0.121,0.318,0.936,0.011,0.149,0.543,0.65,0.722,0.023,0.172,0.07,0.19,0.066
-38,0.044,0.535,0.339,0.945,0.715,0.916,0.028,0.031,0.562,0.078,0.188,0.532,0.701,0.646,0.237,0.106,0.711,0.208,0.673,0.37,0.511,0.981,0.351,0.662,0.318,0.822,0.312,0.293,0.054,0.36,0.601,0.63,0.222,0.86,0.407,0.48,0.321,0.141,0.969,0.04,0.378,0.419,0.123,0.001,0.559,0.08,0.289,0.126,0.157,0.259,0.041,0.092,1.0,0.652,0.129,0.37,0.072,0.001,0.03,0.66,0.584,0.696,0.453,0.335
-36,0.542,0.65,0.323,0.749,0.211,0.687,0.299,0.561,0.638,0.984,0.593,0.317,0.21,0.16,0.777,0.087,0.088,0.103,0.203,0.037,0.995,0.834,0.983,0.104,0.316,0.214,0.782,0.423,0.847,0.6,0.344,0.933,0.462,0.643,0.973,0.176,0.198,0.743,0.36,0.216,0.066,0.758,0.858,0.316,0.357,0.521,0.868,0.722,0.086,0.543,0.374,0.37,0.823,0.574,0.995,0.617,0.065,0.007,0.933,0.465,0.625,0.638,0.806,0.381
-34,0.505,0.034,0.449,0.005,0.984,0.582,0.361,0.94,0.684,0.166,0.54,0.902,0.38,0.864,0.185,0.277,0.162,0.725,0.703,0.077,0.563,0.793,0.783,0.985,0.353,0.917,0.402,0.131,0.359,0.693,0.754,0.048,0.787,0.158,0.741,0.719,0.5,0.115,0.65,0.16,0.066,0.256,0.978,0.078,0.279,0.928,0.803,0.153,0.029,0.288,0.394,0.344,0.772,0.678,0.731,0.335,0.51,0.937,0.256,0.178,0.895,0.714,0.468,0.629
-32,0.93,0.798,0.441,0.037,0.349,0.931,0.487,0.116,0.49,0.462,0.039,0.356,0.166,0.713,0.037,0.901,0.725,0.275,0.009,0.826,0.55,0.175,0.688,0.543,0.564,0.096,0.657,0.974,0.938,0.208,0.074,0.301,0.658,0.518,0.525,0.698,0.94,0.768,0.448,0.669,0.879,0.153,0.949,0.561,0.001,0.675,0.201,0.647,0.391,0.273,0.531,0.122,0.491,0.415,0.473,0.734,0.174,0.851,0.517,0.9,0.305,0.221,0.802,0.219
-30,0.605,0.134,0.931,0.382,0.599,0.862,0.719,0.728,0.284,0.795,0.35,0.024,0.916,0.253,0.331,0.782,0.132,0.582,0.563,0.512,0.352,0.483,0.173,0.772,0.455,0.261,0.987,0.391,0.158,0.445,0.821,0.5,0.27,0.691,0.228,0.815,0.218,0.476,0.032,0.543,0.707,0.955,0.354,0.391,0.296,0.658,0.226,0.821,0.725,0.426,0.615,0.796,0.701,0.487,0.208,0.669,0.499,0.967,0.585,0.074,0.524,0.931,0.384,0.173
-28,0.69,0.756,0.699,0.135,0.162,0.49,0.0,0.691,0.478,0.067,0.727,0.779,0.778,0.025,0.624,0.378,0.025,0.486,0.363,0.67,0.953,0.533,0.187,0.802,0.371,0.595,0.541,0.911,0.577,0.477,0.678,0.566,0.214,0.708,0.833,0.972,0.659,0.457,0.269,0.561,0.812,0.14,0.349,0.99,0.505,0.305,0.785,0.646,0.579,0.377,0.997,0.874,0.371,0.716,0.094,0.382,0.121,0.243,0.466,0.472,0.262,0.074,0.554,0.33
-26,0.672,0.588,0.508,0.278,0.552,0.266,0.538,0.839,0.874,0.579,0.306,0.093,0.212,0.525,0.244,0.058,0.636,0.962,0.604,0.499,0.839,0.928,0.381,0.288,0.386,0.155,0.382,0.569,0.983,0.631,0.615,0.14,0.262,0.93,0.118,0.312,0.231,0.4,0.115,0.467,0.222,0.454,0.106,0.967,0.381,0.688,0.762,0.997,0.959,0.006,0.126,0.854,0.063,0.202,0.61,0.223,0.115,0.442,0.334,0.279,0.755,0.936,0.032,0.48
-24,0.513,0.471,0.146,0.388,0.323,0.363,0.754,0.476,0.44,0.297,0.061,0.453,0.264,0.038,0.251,0.025,0.207,0.174,0.107,0.026,0.635,0.65,0.874,0.303,0.352,0.845,0.281,0.922,0.516,0.375,0.454,0.917,0.8,0.348,0.682,0.031,0.02,0.205,0.346,0.333,0.184,0.157,0.61,0.911,0.036,0.305,0.868,0.911,0.768,0.1,0.386,0.362,0.777,0.851,0.949,0.045,0.739,0.346,0.447,0.722,0.868,0.139,0.654,0.261
-22,0.408,0.676,0.908,0.022,0.631,0.159,0.882,0.575,0.618,0.12,0.15,0.436,0.29,0.759,0.38,0.324,0.337,0.962,0.51,0.75,0.845,0.294,0.194,0.259,0.034,0.087,0.62,0.636,0.583,0.854,0.372,0.151,0.261,0.595,0.362,0.594,0.74,0.539,0.44,0.69,0.11,0.039,0.304,0.903,0.656,0.918,0.258,0.855,1.0,0.143,0.81,0.896,0.659,0.177,0.07,0.065,0.707,0.67,0.25,0.036,0.909,0.144,0.496,0.892
-20,0.419,0.075,0.442,0.368,0.201,0.298,0.443,0.674,0.687,0.892,0.839,0.521,0.148,0.978,0.092,0.979,0.381,0.18,0.756,0.167,0.058,0.209,0.458,0.766,0.719,0.405,0.371,0.143,0.385,0.914,0.53,0.569,0.148,0.046,0.629,0.25,0.115,0.666,0.354,0.869,0.709,0.02,0.949,0.904,0.284,0.368,0.185,0.822,0.011,0.681,0.346,0.569,0.489,0.163,0.788,0.618,0.831,0.14,0.754,0.265,0.015,0.837,0.887,0.453
-18,0.527,0.949,0.063,0.736,0.626,0.794,0.452,0.769,0.87,0.175,0.397,0.089,0.357,0.917,0.823,0.774,0.905,0.548,0.139,0.479,0.575,0.754,0.923,0.896,0.015,0.818,0.228,0.612,0.233,0.559,0.204,0.792,0.91,0.9,0.326,0.117,0.773,0.416,0.538,0.246,0.413,0.332,0.767,0.029,0.226,0.524,0.736,0.671,0.445,0.816,0.281,0.167,0.14,0.894,0.766,0.461,0.436,0.732,0.575,0.132,0.765,0.102,0.825,0.068
-16,0.486,0.556,0.086,0.252,0.1,0.909,0.919,0.898,0.964,0.429,0.143,0.162,0.552,0.787,0.449,0.072,0.189,0.767,0.581,0.975,0.512,0.23,0.968,0.774,0.152,0.814,0.475,0.641,0.022,0.254,0.301,0.264,0.591,0.811,0.076,0.565,0.808,0.471,0.524,0.449,0.938,0.77,0.946,0.383,0.155,0.627,0.547,0.141,0.699,0.4,0.369,0.121,1.0,0.335,0.445,0.647,0.404,0.142,0.751,0.108,0.649,0.412,0.247,0.757
-14,0.778,0.312,0.207,0.55,0.486,0.194,0.298,0.38,0.373,0.034,0.959,0.843,0.313,0.302,0.353,0.697,0.087,0.888,0.836,0.494,0.887,0.524,0.65,0.309,0.621,0.048,0.978,0.69,0.12,0.016,0.792,0.46,0.629,0.178,0.877,0.157,0.681,0.735,0.677,0.431,0.275,0.171,0.53,0.539,0.795,0.026,0.165,0.756,0.368,0.411,0.974,0.032,0.82,0.914,0.906,0.122,0.903,0.737,0.519,0.273,0.263,0.64,0.768,0.599
-12,0.042,0.215,0.36,0.078,0.917,0.252,0.579,0.649,0.677,0.375,0.357,0.833,0.559,0.107,0.631,0.968,0.897,0.505,0.424,0.706,0.443,0.241,0.815,0.826,0.254,0.548,0.32,0.857,0.921,0.476,0.641,0.279,0.66,0.751,0.698,0.027,0.551,0.529,0.575,0.2,0.366,0.531,0.848,0.317,0.67,0.082,0.488,0.695,0.576,0.663,0.547,0.662,0.323,0.757,0.265,0.862,0.627,0.68,0.087,0.044,0.939,0.938,0.245,0.374
-10,0.218,0.721,0.54,0.663,0.337,0.832,0.457,0.186,0.024,0.677,0.49,0.302,0.767,0.617,0.565,0.499,0.644,0.603,0.281,0.138,0.271,0.198,0.3,0.038,0.272,0.964,0.408,0.026,0.873,0.674,0.301,0.959,0.999,0.854,0.799,0.4,0.04,0.8,0.777,0.608,0.374,0.025,0.842,0.175,0.375,0.659,0.642,0.923,0.526,0.302,0.718,0.152,0.066,0.941,0.491,0.877,0.057,0.274,0.617,0.955,0.244,0.212,0.803,0.459
-8,0.003,0.787,0.899,0.202,0.105,0.462,0.308,0.92,0.747,0.251,0.458,0.724,0.712,0.351,0.764,0.026,0.253,0.977,0.562,0.703,0.896,0.452,0.116,0.509,0.981,0.502,0.079,0.604,0.385,0.262,0.701,0.968,0.01,0.68,0.153,0.966,0.607,0.372,0.382,0.93,0.788,0.056,0.92,0.1,0.99,0.874,0.982,0.423,0.262,0.123,0.794,0.959,0.514,0.307,0.311,0.749,0.339,0.547,0.364,0.483,0.901,0.806,0.361,0.424
-6,0.467,0.295,0.394,0.39,0.764,0.611,0.122,0.907,0.605,0.666,0.801,0.734,0.04,0.475,0.727,0.956,0.707,0.956,0.482,0.305,0.931,0.449,0.499,0.055,0.302,0.165,0.331,0.918,0.748,0.649,0.696,0.576,0.59,0.81,0.446,0.358,0.427,0.328,0.021,0.376,0.909,0.69,0.028,0.831,0.386,0.065,0.208,0.015,0.47,0.628,0.216,0.827,0.972,0.076,0.214,0.545,0.543,0.344,0.943,0.427,0.159,0.458,0.772,0.475
-4,0.438,0.844,0.951,0.248,0.072,0.846,0.474,0.992,0.318,0.613,0.287,0.273,0.045,0.29,0.668,0.268,0.457,0.756,0.323,0.566,0.552,0.732,0.222,0.162,0.805,0.018,0.453,0.197,0.344,0.868,0.351,0.667,0.865,0.358,0.181,0.158,0.923,0.194,0.961,0.556,0.719,0.024,0.424,0.98,0.235,0.422,0.175,0.035,0.375,0.786,0.29,0.91,0.005,0.02,0.805,0.941,0.242,0.329,0.453,0.889,0.725,0.825,0.419,0.882
-2,0.389,0.286,0.642,0.931,0.156,0.329,0.644,0.214,0.932,0.973,0.65,0.26,0.415,0.938,0.935,0.901,0.981,0.299,0.719,0.039,0.431,0.787,0.012,0.043,0.75,0.306,0.536,0.555,0.258,0.434,0.488,0.556,0.142,0.668,0.193,0.267,0.031,0.35,0.81,0.532,0.228,0.341,0.519,0.657,0.339,0.534,0.881,0.147,0.539,0.369,0.648,0.84,0.298,0.517,0.967,0.137,0.812,0.331,0.899,0.627,0.879,0.038,0.252,0.535
0,0.599,0.551,0.886,0.459,0.143,0.208,0.311,0.917,0.664,0.214,0.76,0.175,0.06,0.222,0.193,0.811,0.56,0.208,0.012,0.453,0.538,0.122,0.711,0.218,0.709,0.626,0.158,0.923,0.854,0.828,0.943,0.63,0.343,0.431,0.491,0.186,0.17,0.027,0.587,0.409,0.072,0.786,0.794,0.082,0.495,0.812,0.592,0.048,0.349,0.321,0.857,0.896,0.195,0.044,0.536,0.928,0.527,0.215,0.013,0.796,0.352,0.786,0.915,0.711
2,0.939,0.326,0.963,0.57,0.301,0.296,0.7,0.537,0.222,0.701,0.554,0.26,0.359,0.445,0.653,0.889,0.076,0.306,0.997,0.685,0.299,0.545,0.908,0.82,0.355,0.854,0.686,0.671,0.972,0.105,0.593,0.541,0.65,0.999,0.544,0.078,0.723,0.578,0.259,0.982,0.843,0.911,0.687,0.99,0.832,0.796,0.749,0.438,0.263,0.091,0.308,0.206,0.977,0.148,0.033,0.188,0.483,0.952,0.133,0.608,0.44,0.684,0.429,0.937
4,0.329,0.753,0.324,0.411,0.534,0.125,0.744,0.836,0.372,0.615,0.82,0.543,0.868,0.166,0.209,0.678,0.786,0.799,0.623,0.597,0.632,0.201,0.259,0.697,0.861,0.566,0.445,0.554,0.465,0.06,0.283,0.325,0.356,0.118,0.342,0.256,0.273,0.828,0.137,0.024,0.503,0.46,0.433,0.404,0.009,0.008,0.337,0.905,0.009,0.073,0.437,0.282,0.756,0.231,0.063,0.175,0.244,0.404,0.568,0.699,0.448,0.205,0.1,0.26
6,0.43,0.746,0.602,0.88,0.678,0.895,0.074,0.999,0.553,0.936,0.966,0.815,0.219,0.839,0.947,0.548,0.05,0.18,0.113,0.11,0.066,0.65,0.041,0.106,0.516,0.705,0.216,0.096,0.439,0.798,0.939,0.106,0.864,0.342,0.385,0.859,0.616,0.587,0.903,0.755,0.206,0.819,0.59,0.441,0.541,0.158,0.998,0.068,0.65,0.732,0.423,0.644,0.46,0.452,0.274,0.92,0.685,0.095,0.824,0.166,0.148,0.063,0.744,0.716
8,0.378,0.624,0.671,0.438,0.642,0.338,0.11,0.308,0.366,0.545,0.694,0.246,0.436,0.652,0.613,0.963,0.623,0.885,0.679,0.06,0.772,0.358,0.025,0.141,0.587,0.55,0.966,0.12,0.337,0.108,0.17,0.502,0.392,0.085,0.786,0.579,0.902,0.721,0.213,0.568,0.675,0.387,0.556,0.638,0.421,0.511,0.037,0.814,0.584,0.761,0.226,0.746,0.642,0.679,0.934,0.278,0.517,0.386,0.095,0.809,0.711,0.747,0.395,0.687
10,0.296,0.464,0.928,0.039,0.228,0.094,0.741,0.552,0.466,0.651,0.979,0.328,0.886,0.103,0.997,0.02,0.374,0.886,0.279,0.902,0.356,0.163,0.646,0.375,0.485,0.981,0.318,0.543,0.339,0.002,0.14,0.963,0.647,0.562,0.325,0.573,0.314,0.963,0.915,0.898,0.339,0.781,0.711,0.735,0.196,0.548,0.306,0.858,0.348,0.594,0.614,0.863,0.278,0.849,0.527,0.878,0.432,0.281,0.289,0.446,0.935,0.881,0.999,0.549
12,0.2,0.795,0.821,0.214,0.487,0.424,0.804,0.807,0.08,0.294,0.143,0.971,0.516,0.489,0.494,0.807,0.636,0.422,0.543,0.901,0.758,0.74,0.741,0.23,0.059,0.748,0.872,0.071,0.342,0.053,0.086,0.415,0.835,0.614,0.687,0.954,0.141,0.198,0.924,0.088,0.199,0.858,0.955,0.458,0.519,1.0,0.926,0.579,0.64,0.399,0.444,0.389,0.818,0.195,0.484,0.335,0.552,0.635,0.568,0.689,0.92,0.6,0.528,0.866
14,0.281,0.035,0.194,0.27,0.296,0.795,0.702,0.858,0.507,0.426,0.77,0.457,0.985,0.762,0.996,0.255,0.79,0.387,0.161,0.537,0.213,0.167,0.228,0.771,0.143,0.466,0.907,0.113,0.83,0.712,0.417,0.879,0.821,0.043,0.788,0.308,0.209,0.326,0.895,0.036,0.658,0.343,0.21,0.559,0.753,0.311,0.717,0.532,0.398,0.455,0.393,0.73,0.722,0.199,0.177,0.808,0.339,0.46,0.251,0.465,0.628,0.875,0.564,0.062
16,0.103,0.11,0.521,0.743,0.001,0.83,0.034,0.736,0.456,0.287,0.671,0.324,0.315,0.771,0.952,0.174,0.224,0.947,0.432,0.583,0.828,0.897,0.086,0.21,0.698,0.885,0.357,0.531,0.254,0.297,0.359,0.564,0.511,0.006,0.542,0.598,0.422,0.732,0.323,0.681,0.087,0.682,0.605,0.594,0.322,0.308,0.023,0.862,0.802,0.763,0.864,0.804,0.231,0.058,0.094,0.491,0.172,0.789,0.817,0.402,0.572,0.485,0.552,0.294
18,0.882,0.848,0.209,0.938,0.467,0.07,0.215,0.229,0.549,0.96,0.326,0.32,0.015,0.407,0.122,0.364,0.689,0.928,0.774,0.589,0.215,0.607,0.916,0.695,0.51,0.462,0.447,0.396,0.44,0.79,0.869,0.368,0.422,0.753,0.789,0.704,0.417,0.992,0.511,0.797,0.444,0.16,0.341,0.216,0.92,0.843,0.875,0.412,0.469,0.405,0.022,0.618,0.563,0.497,0.572,0.329,0.84,0.566,0.934,0.157,0.125,0.906,0.522,0.796
20,0.295,0.862,0.257,0.311,0.897,0.834,0.563,0.516,0.437,0.738,0.689,0.289,0.734,0.213,0.798,0.846,0.364,0.951,0.848,0.742,0.38,0.912,0.11,0.147,0.438,0.917,0.099,0.155,0.38,0.316,0.616,0.494,0.81,0.933,0.202,0.372,0.924,0.317,0.275,0.546,0.318,0.542,0.256,0.133,0.866,0.789,0.129,0.867,0.426,0.137,0.719,0.066,0.563,0.79,0.141,0.209,0.19,0.899,0.416,0.417,0.45,0.506,0.886,0.525
22,0.385,0.22,0.426,0.766,0.834,0.732,0.544,0.368,0.037,0.542,0.678,0.192,0.514,0.614,0.683,0.011,0.273,0.109,0.579,0.719,0.939,0.493,0.579,0.099,0.753,0.519,0.866,0.69,0.904,0.326,0.502,0.613,0.219,0.215,0.038,0.595,0.029,0.483,0.643,0.561,0.315,0.584,0.26,0.477,0.842,0.841,0.413,0.939,0.492,0.39,0.106,0.771,0.622,0.18,0.864,0.394,0.787,0.236,0.183,0.993,0.738,0.085,0.437,0.603
24,0.695,0.298,0.315,0.844,0.059,0.789,0.338,0.378,0.719,0.077,0.927,0.952,0.883,0.601,0.26,0.258,0.915,0.616,0.891,0.213,0.887,0.608,0.529,0.494,0.12,0.025,0.869,0.383,0.9,0.683,0.036,0.335,0.918,0.423,0.969,0.166,0.595,0.043,0.896,0.767,0.542,0.391,0.43,0.134,0.358,0.835,0.782,0.312,0.831,0.358,0.214,0.268,0.468,0.923,0.588,0.097,0.342,0.697,0.591,0.18,0.546,0.521,0.897,0.323
26,0.965,0.085,0.535,0.223,0.386,0.387,0.748,0.406,0.439,0.535,0.538,0.206,0.509,0.831,0.098,0.654,0.176,0.536,0.71,0.242,0.713,0.09,0.82,0.843,0.099,0.274,0.683,0.469,0.662,0.603,0.3,0.424,0.68,0.797,0.434,0.757,0.972,0.263,0.101,0.1,0.441,0.759,0.711,0.372,0.476,0.477,0.894,0.129,0.928,0.404,0.082,0.531,0.582,0.591,0.252,0.782,0.691,0.36,0.502,0.006,0.898,0.473,0.34,0.323
28,0.354,0.258,0.638,0.542,0.044,0.88,0.396,0.322,0.95,0.739,0.179,0.535,0.124,0.96,0.545,0.226,0.637,0.677,0.484,0.929,0.375,0.453,0.876,0.381,0.611,0.056,0.178,0.766,0.354,0.955,0.624,0.951,0.62,0.04,0.163,0.825,0.088,0.812,0.421,0.297,0.24,0.65,0.493,0.261,0.397,0.573,0.15,0.446,0.106,0.38,0.825,0.863,0.459,0.648,0.042,0.604,0.575,0.93,0.722,0.819,0.554,0.985,0.679,0.047
30,0.113,0.531,0.622,0.545,0.059,0.68,0.489,0.861,0.914,0.66,0.788,0.121,0.112,0.151,0.453,0.762,0.077,0.981,0.658,0.847,0.808,0.741,0.295,0.087,0.352,0.555,0.301,0.911,0.091,0.445,0.288,0.219,0.753,0.846,0.597,0.501,0.084,0.99,0.382,0.091,0.979,0.416,0.691,0.184,0.917,0.168,0.196,0.883,0.869,0.871,0.424,0.64,0.49,0.121,0.192,0.057,0.222,0.487,0.152,0.448,0.169,0.724,0.542,0.243
32,0.115,0.394,0.466,0.771,0.482,0.432,0.944,0.205,0.358,0.837,0.127,0.942,0.855,0.809,0.246,0.127,0.127,0.537,0.051,0.911,0.65,0.316,0.768,0.929,0.222,0.167,0.963,0.788,0.746,0.441,0.347,0.162,0.357,0.769,0.664,0.581,0.333,0.509,0.818,0.887,0.567,0.589,0.037,0.808,0.21,0.332,0.35,0.629,0.188,0.304,0.994,0.189,0.29,0.812,0.995,0.443,0.959,0.699,0.082,0.346,0.989,0.29,0.898,0.35
34,0.644,0.619,0.599,0.324,0.671,0.337,0.458,0.83,0.7,0.977,0.017,0.131,0.293,0.409,0.787,0.435,0.024,0.924,0.658,0.871,0.191,0.654,0.072,0.439,0.138,0.47,0.126,0.777,0.735,0.202,0.164,0.678,0.241,0.387,0.474,0.549,0.494,0.506,0.273,0.758,0.226,0.92,0.415,0.698,0.276,0.884,0.763,0.374,0.984,0.641,0.646,0.826,0.966,0.323,0.038,0.976,0.431,0.21,0.414,0.484,0.424,0.677,0.465,0.276
36,0.113,0.522,0.977,0.607,0.583,0.471,0.386,0.271,0.189,0.257,0.248,0.104,0.448,0.541,0.074,0.093,0.103,0.447,0.745,0.331,0.126,0.053,0.312,0.511,0.449,0.981,0.133,0.227,0.733,0.516,0.024,0.337,0.268,0.335,0.031,0.299,0.851,0.362,0.959,0.833,0.236,0.685,0.308,0.91,0.52,0.148,0.293,0.42,0.228,0.554,0.765,0.635,0.903,0.428,0.692,0.779,0.247,0.774,0.996,0.548,0.446,0.129,0.603,0.04
38,0.777,0.011,0.144,0.662,0.585,0.297,0.12,0.893,0.675,0.688,0.436,0.682,0.994,0.663,0.886,0.874,0.516,0.091,0.991,0.081,0.796,0.417,0.517,0.843,0.946,0.395,0.118,0.938,0.603,0.049,0.803,0.651,0.439,0.349,0.202,0.506,0.993,0.705,0.17,0.301,0.458,0.789,0.251,0.384,0.108,0.255,0.045,0.391,0.805,0.377,0.79,0.584,0.998,0.47,0.06,0.332,0.08,0.669,0.151,0.997,0.78,0.49,0.846,0.994
40,0.959,0.939,0.998,0.121,0.305,0.969,0.765,0.817,0.667,0.001,0.337,0.141,0.002,0.706,0.665,0.224,0.061,0.733,0.213,0.524,0.691,0.884,0.571,0.524,0.772,0.485,0.602,0.337,0.253,0.635,0.194,0.91,0.488,0.63,0.413,0.702,0.76,0.596,0.116,0.361,0.729,0.18,0.937,0.092,0.342,0.025,0.47,0.447,0.636,0.137,0.276,0.729,0.799,0.556,0.516,0.872,0.167,0.755,0.782,0.778,0.186,0.541,0.967,0.182
42,0.908,0.388,0.745,0.735,0.325,0.665,0.915,0.609,0.597,0.58,0.361,0.124,0.897,0.662,0.24,0.544,0.927,0.576,0.157,0.203,0.913,0.211,0.356,0.652,0.171,0.016,0.082,0.194,0.861,0.299,0.113,0.648,0.968,0.409,0.678,0.372,0.797,0.952,0.496,0.57,0.979,0.495,0.002,0.856,0.811,0.755,0.603,0.058,0.641,0.445,0.867,0.857,0.515,0.715,0.151,0.633,0.571,0.776,0.013,0.339,0.32,0.869,0.25,0.116
44,0.722,0.977,0.919,0.397,0.807,0.38,0.8,0.478,0.071,0.364,0.254,0.438,0.942,0.689,0.931,0.033,0.118,0.287,0.69,0.194,0.148,0.537,0.186,0.849,0.605,0.005,0.583,0.164,0.537,0.727,0.204,0.766,0.732,0.615,0.233,0.492,0.148,0.119,0.829,0.959,0.47,0.85,0.167,0.729,0.243,0.323,0.231,0.718,0.492,0.65,0.109,0.709,0.099,0.165,0.1,0.737,0.514,0.688,0.35,0.696,0.739,0.074,0.381,0.02
46,0.139,0.451,0.402,0.562,0.598,0.328,0.328,0.914,0.861,0.494,0.303,0.51,0.646,0.353,0.554,0.637,0.82,0.96,0.155,0.981,0.629,0.08,0.27,0.443,0.262,0.969,0.316,0.543,0.592,0.817,0.753,0.478,0.816,0.497,0.146,0.361,0.085,0.191,0.381,0.627,0.093,0.005,0.694,0.155,0.841,0.247,0.373,0.993,0.563,0.074,0.135,0.812,0.635,0.832,0.609,0.089,0.288,0.612,0.938,0.002,0.908,0.113,0.143,0.067
48,0.1,0.719,0.958,0.347,0.269,0.525,0.85,0.752,0.177,0.922,0.777,0.829,0.645,0.08,0.971,0.121,0.244,0.146,0.038,0.243,0.95,0.701,0.993,0.085,0.402,0.651,0.638,0.042,0.903,0.184,0.684,0.738,0.767,0.088,0.729,0.442,0.076,0.551,0.208,0.276,0.874,0.421,0.312,0.865,0.642,0.716,0.695,0.861,0.168,0.198,0.911,0.474,0.336,0.252,0.872,0.089,0.277,0.114,0.541,0.304,0.862,0.648,0.154,0.053
50,0.534,0.321,0.554,0.359,0.002,0.924,0.099,0.92,0.597,0.971,0.934,0.555,0.624,0.302,0.551,0.771,0.162,0.505,0.992,0.481,0.089,0.162,0.036,0.707,0.745,0.97,0.045,0.468,0.42,0.491,0.03,0.75,0.34,0.435,0.506,0.369,0.721,0.496,0.611,0.787,0.513,0.019,0.321,0.952,0.409,0.622,0.538,0.746,0.544,0.228,0.636,0.982,0.572,0.018,0.148,0.08,0.765,0.853,0.083,0.572,0.029,0.087,0.38,0.568
52,0.528,0.395,0.25,0.853,0.88,0.943,0.362,0.156,0.717,0.824,0.021,0.108,0.002,0.457,0.042,0.224,0.053,0.083,0.84,0.516,0.044,0.753,0.656,0.353,0.147,0.641,0.86,0.529,0.718,0.607,0.126,0.482,0.084,0.191,0.206,0.102,0.552,0.147,0.663,0.217,0.526,0.053,0.457,0.2,0.388,0.1,0.449,0.394,0.104,0.426,0.4,0.828,0.136,0.067,0.844,0.528,0.511,0.555,0.947,0.026,0.64,0.494,0.362,0.988
54,0.158,0.756,0.495,0.744,0.436,0.535,0.585,0.109,0.428,0.831,0.008,0.429,0.024,0.244,0.327,0.33,0.0,0.601,0.248,0.124,0.193,0.876,0.612,0.795,0.664,0.203,0.444,0.604,0.419,0.723,0.738,0.525,0.188,0.704,0.69,0.502,0.636,0.501,0.257,0.121,0.285,0.909,0.895,0.098,0.377,0.527,0.62,0.38,0.043,0.276,0.343,0.832,0.767,0.76,0.858,0.076,0.301,0.678,0.36,0.198,0.448,0.671,0.025,0.964
56,0.469,0.468,0.072,0.69,0.942,0.681,0.401,0.707,0.952,0.612,0.512,0.092,0.983,0.255,0.51,0.108,0.395,0.741,0.453,0.1,0.861,0.713,0.694,0.069,0.763,0.499,0.298,0.62,0.027,0.602,0.005,0.012,0.603,0.419,0.401,0.578,0.308,0.217,0.983,0.72,0.477,0.285,0.964,0.604,0.833,0.635,0.606,0.125,0.054,0.974,0.603,0.14,0.437,0.146,0.415,0.27,0.56,0.977,0.597,0.182,0.785,0.994,0.874,0.54
58,0.114,0.558,0.527,0.904,0.98,0.698,0.332,0.013,0.681,0.21,0.465,0.941,0.329,0.205,0.978,0.545,0.262,0.557,0.644,0.49,0.28,0.05,0.885,0.212,0.471,0.92,0.036,0.695,0.386,0.102,0.627,0.369,0.149,0.07,0.762,0.211,0.614,0.122,0.983,0.446,0.687,0.365,0.163,0.24,0.626,0.895,0.738,0.963,0.366,0.281,0.797,0.439,0.353,0.475,0.433,0.176,0.808,0.236,0.768,0.014,0.258,0.064,0.526,0.258
60,0.5,0.001,0.586,0.324,0.353,0.355,0.849,0.52,0.142,0.254,0.316,0.341,0.145,0.508,0.343,0.163,0.212,0.247,0.075,0.379,0.863,0.537,0.803,0.883,0.533,0.022,0.858,0.182,0.673,0.448,0.967,0.311,0.983,0.539,0.991,0.017,0.14,0.789,0.379,0.3,0.003,0.006,0.323,0.159,0.455,0.357,0.535,0.025,0.119,0.605,0.344,0.862,0.461,0.526,0.782,0.306,0.246,0.138,0.113,0.783,0.048,0.875,0.024,0.265
62,0.556,0.718,0.291,0.749,0.149,0.339,0.168,0.524,0.186,0.68,0.202,0.369,0.32,0.153,0.026,0.111,0.639,0.949,0.407,0.205,0.41,0.071,0.224,0.734,0.106,0.535,0.357,0.599,0.256,0.098,0.759,0.056,0.689,0.685,0.674,0.948,0.344,0.48,0.293,0.494,0.943,0.536,0.234,0.205,0.131,0.836,0.427,0.764,0.347,0.551,0.121,0.342,0.079,0.149,0.597,0.906,0.847,0.462,0.681,0.438,0.199,0.947,0.894,0.332
64,0.621,0.866,0.522,0.008,0.285,0.959,0.546,0.144,0.748,0.919,0.648,0.866,0.726,0.228,0.105,0.791,0.473,0.403,0.491,0.012,0.726,0.804,0.614,0.994,0.378,0.655,0.217,0.515,0.593,0.057,0.319,0.04,0.796,0.174,0.73,0.902,0.606,0.552,0.133,0.21,0.22,0.539,0.189,0.738,0.024,0.453,0.388,1.0,0.627,0.074,0.391,0.083,0.923,0.402,0.351,0.829,0.137,0.038,0.713,0.275,0.121,0.544,0.673,0.735
66,0.454,0.06,0.951,0.501,0.28,0.633,0.248,0.993,0.853,0.572,0.114,0.07,0.902,0.702,0.123,0.957,0.594,0.172,0.375,0.306,0.249,0.092,0.704,0.721,0.387,0.13,0.572,0.461,0.584,0.237,0.702,0.094,0.746,0.27,0.7,0.036,0.599,0.394,0.78,0.17,0.489,0.86,0.752,0.757,0.323,0.991,0.018,0.195,0.124,0.485,0.544,0.461,0.359,0.531,0.753,0.226,0.904,0.221,0.958,0.674,0.262,0.982,0.554,0.032
68,0.817,0.495,0.306,0.614,0.38,0.713,0.41,0.851,0.077,0.399,0.039,0.274,0.381,0.044,0.654,0.245,0.584,0.225,0.899,0.646,0.774,0.023,0.409,0.144,0.767,0.963,0.945,0.896,0.647,0.509,0.825,0.257,0.822,0.174,0.779,0.049,0.305,0.695,0.406,0.778,0.961,0.448,0.925,0.918,0.106,0.411,0.303,0.881,0.874,0.623,0.745,0.102,0.76,0.132,0.737,0.718,0.709,0.705,0.462,0.812,0.313,0.272,0.962,0.766
70,0.954,0.373,0.434,0.623,0.724,0.377,0.849,0.727,0.001,0.233,0.317,0.722,0.286,0.009,0.562,0.424,0.15,0.058,0.564,0.665,0.771,0.58,0.767,0.911,0.226,0.719,0.335,0.447,0.289,0.605,0.901,0.974,0.944,0.19,0.574,0.493,0.861,0.158,0.837,0.864,0.729,0.827,0.58,0.766,0.057,0.215,0.127,0.451,0.499,0.657,0.575,0.13,0.418,0.484,0.343,0.179,0.8,0.065,0.062,0.871,0.281,0.006,0.554,0.96
72,0.455,0.29,0.673,0.818,0.251,0.152,0.373,0.248,0.852,0.172,0.056,0.864,0.419,0.155,0.076,0.05,0.366,0.792,0.345,0.589,0.144,0.395,0.12,0.012,0.595,0.88,0.37,0.561,0.162,0.473,0.415,0.65,0.76,0.399,0.239,0.321,0.725,0.943,0.058,0.763,0.456,0.673,0.865,0.719,0.007,0.716,0.571,0.781,0.826,0.693,0.306,0.235,0.325,0.602,0.472,0.245,0.369,0.778,0.033,0.182,0.375,0.29,0.778,0.758
74,0.334,0.362,0.679,0.244,0.083,0.831,0.484,0.269,0.396,0.021,0.1,0.932,0.787,0.988,0.349,0.69,0.524,0.401,0.594,0.433,0.14,0.307,0.443,0.442,0.678,0.967,0.006,0.124,0.658,0.173,0.861,0.185,0.23,0.479,0.887,0.934,0.314,0.312,0.18,0.356,0.745,0.951,0.279,0.409,0.569,0.662,0.501,0.189,0.509,0.11,0.788,0.395,0.201,0.851,0.326,0.566,0.657,0.052,0.969,0.976,0.297,0.704,0.272,0.272
76,0.586,0.173,0.918,0.803,0.387,0.864,0.141,0.076,0.464,0.84,0.401,0.381,0.187,0.66,0.629,0.905,0.053,0.053,0.448,0.398,0.486,0.607,0.19,0.644,0.332,0.182,0.317,0.136,0.173,0.284,0.993,0.907,0.125,0.87,0.474,0.906,0.494,0.52,0.942,0.634,0.392,0.752,0.483,0.969,0.845,0.274,0.197,0.693,0.297,0.248,0.423,0.938,0.787,0.758,0.061,0.709,0.397,0.423,0.032,0.887,0.286,0.248,0.59,0.665
78,0.655,0.986,0.588,0.751,0.573,0.984,0.591,0.52,0.746,0.278,0.926,0.903,0.967,0.181,0.358,0.168,0.621,0.478,0.653,0.589,0.356,0.184,0.798,0.726,0.727,0.573,0.096,0.162,0.481,0.968,0.456,0.404,0.923,0.668,0.77,0.655,0.269,0.988,0.887,1.0,0.812,0.338,0.807,0.032,0.586,0.495,0.895,0.61,0.051,0.775,0.117,0.943,0.508,0.903,0.301,0.417,0.525,0.87,0.319,0.161,0.126,0.09,0.981,0.536
80,0.455,0.405,0.241,0.837,0.173,0.526,0.866,0.116,0.98,0.239,0.924,0.582,0.405,0.809,0.086,0.469,0.968,0.24,0.467,0.622,0.831,0.083,0.379,0.284,0.772,0.06,0.98,0.875,0.84,0.574,0.321,0.076,0.495,0.318,0.749,0.209,0.533,0.702,0.624,0.792,0.676,0.739,0.066,0.214,0.054,0.593,0.101,0.503,0.306,0.199,0.961,0.326,0.441,0.067,0.234,0.83,0.58,0.767,0.022,0.855,0.807,0.726,0.442,0.26
82,0.811,0.083,0.315,0.067,0.226,0.073,0.988,0.473,0.162,0.314,0.749,0.118,0.165,0.585,0.407,0.245,0.089,0.134,0.554,0.132,0.495,0.73,0.512,0.404,0.413,0.1,0.661,0.89,0.02,0.586,0.502,0.858,0.136,0.185,0.699,0.267,0.185,0.157,0.788,0.152,0.579,0.573,0.173,0.003,0.49,0.625,0.46,0.344,0.792,0.683,0.216,0.716,0.776,0.55,0.876,0.974,0.093,0.109,0.118,0.802,0.479,0.667,0.88,0.153
84,0.718,0.73,0.252,0.638,0.556,0.65,0.476,0.468,0.671,0.052,0.151,0.391,0.387,0.127,0.75,0.348,0.04,0.066,0.062,0.808,0.805,0.891,0.966,0.99,0.352,0.019,0.353,0.673,0.279,0.742,0.779,0.544,0.94,0.505,0.171,0.436,0.426,0.747,0.751,0.242,0.499,0.615,0.649,0.176,0.389,0.991,0.727,0.389,0.081,0.23,0.956,0.973,0.517,0.511,0.256,0.128,0.389,0.383,0.918,0.524,0.239,0.999,0.301,0.972
86,0.028,0.016,0.484,0.434,0.836,0.461,0.404,0.686,0.119,0.128,0.826,0.482,0.561,0.615,0.117,0.762,0.642,0.419,0.729,0.551,0.027,0.744,0.954,0.949,0.444,0.654,0.99,0.433,0.009,0.911,0.108,0.413,0.638,0.021,0.458,0.379,0.191,0.022,0.285,0.637,0.705,0.715,0.347,0.48,0.289,0.334,0.439,0.218,0.75,0.149,0.116,0.845,0.691,0.4,0.123,0.176,0.196,0.053,0.251,0.546,0.704,0.933,0.657,0.8
88,0.837,0.308,0.107,0.78,0.579,0.53,0.877,0.755,0.904,0.435,0.628,0.764,0.065,0.791,0.518,0.242,0.276,0.127,0.198,0.248,0.08,0.502,0.988,0.369,0.609,0.124,0.876,0.133,0.177,0.381,0.634,0.543,0.0,0.53,0.628,0.242,0.502,0.396,0.783,0.414,0.881,0.716,0.273,0.724,0.968,0.733,0.296,0.3,0.204,0.823,0.323,0.261,0.39,0.933,0.815,0.572,0.265,0.37,0.346,0.184,0.695,0.211,0.431,0.694
90,0.736,0.865,0.328,0.558,0.162,0.128,0.117,0.508,0.979,0.07,0.054,0.225,0.257,0.173,0.096,0.655,0.852,0.443,0.06,0.377,0.586,0.072,0.785,0.608,0.745,0.733,0.712,0.257,0.767,0.738,0.672,0.826,0.848,0.359,0.729,0.472,0.204,0.921,0.793,0.315,0.36,0.934,0.069,0.179,0.458,0.677,0.465,0.981,0.962,0.16,0.133,0.931,0.133,0.289,0.781,0.598,0.887,0.522,0.481,0.03,0.689,0.913,0.117,0.99
92,0.113,0.3,0.732,0.043,0.33,0.132,0.655,0.583,0.316,0.762,0.649,0.416,0.184,0.676,0.182,0.492,0.664,0.259,0.497,0.605,0.904,0.248,0.735,0.721,0.642,0.954,0.52,0.313,0.667,0.277,0.771,0.742,0.145,0.595,0.037,0.812,0.444,0.394,0.604,0.451,0.373,0.875,0.185,0.959,0.563,0.383,0.789,0.236,0.972,0.103,0.618,0.887,0.284,0.48,0.601,0.88,0.968,0.638,0.071,0.719,0.445,0.802,0.981,0.505
94,0.097,0.782,0.075,0.326,0.575,0.276,0.05,0.021,0.567,0.276,0.065,0.218,0.916,0.978,0.817,0.61,0.034,0.859,0.506,0.871,0.794,0.781,0.248,0.599,0.327,0.17,0.93,0.016,0.035,0.752,0.607,0.144,0.72,0.06,0.825,0.691,0.673,0.194,0.213,0.521,0.522,0.116,0.352,0.653,0.2,0.813,0.033,0.562,0.691,0.553,0.889,0.045,0.799,0.51,0.09,0.809,0.62,0.671,0.11,0.297,0.054,0.734,0.308,0.758
96,0.2,0.232,0.537,0.971,0.402,0.862,0.737,0.401,0.104,0.116,0.816,0.521,0.642,0.04,0.161,0.012,0.899,0.299,0.735,0.621,0.454,0.337,0.594,0.118,0.877,0.591,0.245,0.333,0.516,0.165,0.341,0.56,0.17,0.388,0.517,0.468,0.704,0.854,0.118,0.924,0.571,0.372,0.898,0.604,0.569,0.673,0.05,0.496,0.7,0.095,0.045,0.206,0.357,0.847,0.071,0.067,0.089,0.021,0.087,0.183,0.517,0.5,0.497,0.138
98,0.445,0.239,0.522,0.039,0.765,0.474,0.247,0.049,0.107,0.982,0.472,0.415,0.405,0.654,0.625,0.945,0.262,0.313,0.926,0.184,0.157,0.384,0.785,0.9,0.681,0.045,0.366,0.752,0.009,0.732,0.613,0.05,0.001,0.284,0.887,0.659,0.764,0.38,0.191,0.334,0.128,0.868,0.969,0.794,0.821,0.205,1.0,0.125,0.403,0.702,0.99,0.76,0.865,0.187,0.992,0.317,0.825,0.984,0.52,0.124,0.423,0.07,0.247,0.42
100,0.099,0.095,0.065,0.446,0.552,0.097,0.071,0.331,0.829,0.715,0.084,0.018,0.27,0.101,0.637,0.945,0.754,0.88,0.363,0.898,0.933,0.423,0.21,0.716,0.213,0.215,0.902,0.634,0.104,0.026,0.218,0.986,0.771,0.708,0.156,0.54,0.703,0.592,0.758,0.217,0.451,0.56,0.838,0.121,0.392,0.607,0.265,0.245,0.269,0.156,0.396,0.083,0.366,0.127,0.491,0.348,0.659,0.262,0.723,0.981,0.574,0.171,0.116,0.311
102,0.637,0.067,0.011,0.13,0.06,0.511,0.524,0.426,0.445,0.982,0.779,0.747,0.558,0.308,0.872,0.447,0.977,0.346,0.355,0.159,0.021,0.46,0.42,0.527,0.158,0.124,0.004,0.209,0.284,0.473,0.526,0.614,0.336,0.409,0.209,0.887,0.793,0.824,0.618,0.886,0.734,0.129,0.698,0.22,0.342,0.562,0.353,0.534,0.179,0.774,0.846,0.224,0.365,0.186,0.833,0.912,0.698,0.847,0.899,0.121,0.46,0.909,0.469,0.896
104,0.227,0.841,0.867,0.123,0.245,0.696,0.575,0.853,0.549,0.56,0.645,0.583,0.674,0.695,0.656,0.985,0.614,0.681,0.651,0.97,0.448,0.18,0.902,0.903,0.044,0.182,0.114,0.392,0.018,0.725,0.788,0.062,0.604,0.74,0.737,0.78,0.24,0.66,0.063,0.766,0.668,0.605,0.713,0.3,0.49,0.465,0.573,0.576,0.788,0.64,0.187,0.455,0.441,0.45,0.164,0.657,0.364,0.89,0.299,0.87,0.107,0.338,0.307,0.414
106,0.804,0.106,0.484,0.633,0.411,0.022,0.928,0.641,0.36,0.763,0.066,0.305,0.003,0.98,0.402,0.52,0.6,0.458,0.118,0.332,0.477,0.544,0.444,0.768,0.677,0.063,0.62,0.228,0.249,0.167,0.208,0.46,0.502,0.167,0.49,0.873,0.129,0.196,0.608,0.806,0.299,0.959,0.424,0.336,0.51,0.632,0.569,0.478,0.611,0.106,0.078,0.137,0.162,0.755,0.549,0.8,0.857,0.335,0.617,0.56,0.432,0.024,0.644,0.254
108,0.869,0.711,0.421,0.722,0.037,0.094,1.0,0.835,0.587,0.62,0.336,0.252,0.48,0.892,0.945,0.081,0.915,0.614,0.487,0.275,0.187,0.104,0.332,0.117,0.842,0.875,0.32,0.519,0.124,0.292,0.8,0.817,0.145,0.761,0.379,0.875,0.906,0.485,0.002,0.727,0.257,0.03,0.751,0.321,0.929,0.498,0.158,0.626,0.969,0.127,0.493,0.499,0.486,0.66,0.623,0.647,0.611,0.732,0.522,0.224,0.126,0.453,0.567,0.43
110,0.901,0.96,0.341,0.495,0.513,0.735,0.902,0.215,0.611,0.932,0.288,0.621,0.499,0.458,0.789,0.502,0.323,0.598,0.54,0.825,0.046,0.758,0.362,0.181,0.791,0.737,0.026,0.483,0.083,0.014,0.444,0.901,0.605,0.443,0.908,0.032,0.526,0.794,0.734,0.873,0.615,0.817,0.775,0.752,0.794,0.387,0.085,0.521,0.913,0.865,0.801,0.513,0.453,0.919,0.176,0.426,0.236,0.039,0.884,0.554,0.535,0.337,0.15,0.294
112,0.818,0.493,0.661,0.366,0.318,0.952,0.347,0.137,0.241,0.105,0.665,0.851,0.596,0.381,0.582,0.678,0.797,0.936,0.861,0.12,0.262,0.997,0.59,0.89,0.775,0.533,0.168,0.356,0.207,0.46,0.382,0.32,0.846,0.982,0.083,0.588,0.006,0.388,0.593,0.979,0.907,0.965,0.437,0.345,0.583,0.165,0.394,0.208,0.876,0.736,0.168,0.598,0.108,0.71,0.079,0.213,0.767,0.808,0.752,0.687,0.125,0.587,0.225,0.398
114,0.816,0.75,0.723,0.621,0.801,0.303,0.872,0.773,0.569,0.606,0.454,0.034,0.166,0.49,0.858,0.473,0.049,0.4,0.113,0.401,0.133,0.32,0.338,0.171,0.356,0.212,0.677,0.142,0.353,0.549,0.217,0.099,0.016,0.837,0.067,0.27,0.539,0.091,0.654,0.954,0.319,0.639,0.449,0.245,0.539,0.991,0.281,0.015,0.067,0.161,0.953,0.059,0.698,0.44,0.781,0.472,0.573,0.912,0.892,0.51,0.935,0.862,0.77,0.435
116,0.549,0.759,0.202,0.492,0.309,0.856,0.861,0.901,0.276,0.772,0.028,0.012,0.338,0.929,0.697,0.735,0.365,0.874,0.594,0.533,0.123,0.619,0.564,0.022,0.045,0.86,0.185,0.713,0.784,0.771,0.522,0.191,0.917,0.734,0.795,0.632,0.443,0.015,0.602,0.393,0.426,0.152,0.345,0.921,0.719,0.252,0.948,0.477,0.676,0.682,0.979,0.923,0.89,0.72,0.198,0.239,0.911,0.539,0.238,0.946,0.335,0.182,0.351,0.421
118,0.283,0.3,0.298,0.114,0.428,0.579,0.717,0.05,0.874,0.165,0.667,0.576,0.353,0.87,0.063,0.724,0.776,0.003,0.596,0.407,0.03,0.673,0.527,0.808,0.344,0.184,0.791,0.083,0.847,0.273,0.569,0.048,0.892,0.81,0.805,0.364,0.347,0.721,0.526,0.698,0.061,0.666,0.828,0.925,0.516,0.208,0.983,0.01,0.832,0.319,0.879,0.077,0.32,0.534,0.824,0.199,0.394,0.273,0.256,0.681,0.699,0.722,0.979,0.115
120,0.202,0.319,0.018,0.554,0.082,0.194,0.738,0.326,0.486,0.992,0.668,0.149,0.502,0.028,0.441,0.702,0.116,0.848,0.951,0.105,0.453,0.268,0.451,0.969,0.656,0.959,0.466,0.036,0.062,0.606,0.07,0.956,0.173,0.474,0.29,0.187,0.062,0.576,0.505,0.209,0.871,0.432,0.703,0.824,0.097,0.387,0.305,0.932,0.056,0.06,0.257,0.184,0.649,0.148,0.489,0.386,0.438,0.725,0.793,0.338,0.626,0.626,0.977,0.348
122,0.578,0.706,0.688,0.317,0.772,0.703,0.468,0.482,0.473,0.366,0.337,0.827,0.603,0.47,0.202,0.529,0.54,0.284,0.753,0.175,0.09,0.709,0.773,0.91,0.558,0.591,0.54,0.537,0.965,0.671,0.098,0.167,0.414,0.027,0.931,0.885,0.859,0.214,0.103,0.236,0.204,0.172,0.17,0.249,0.401,0.051,0.011,0.926,0.165,0.663,0.675,0.041,0.456,0.982,0.72,0.527,0.671,0.67,0.86,0.388,0.736,0.762,0.217,0.612
124,0.766,0.292,0.65,0.087,0.173,0.423,0.497,0.236,0.336,0.418,0.524,0.816,0.361,0.696,0.106,0.207,0.59,0.434,0.66,0.962,0.05,0.666,0.012,0.335,0.261,0.03,0.213,0.913,0.574,0.228,0.072,0.641,0.729,0.845,0.3,0.503,0.873,0.696,0.055,0.04,0.58,0.317,0.824,0.5,0.539,0.23,0.095,0.162,0.598,0.775,0.946,0.725,0.936,0.009,0.139,0.093,0.428,0.751,0.594,0.519,0.883,0.234,0.851,0.613
126,0.503,0.004,0.69,0.237,0.721,0.488,0.586,0.093,0.374,0.379,0.572,0.785,0.11,0.025,0.332,0.762,0.553,0.792,0.608,0.877,0.72,0.824,0.782,0.942,0.333,0.798,0.493,0.337,0.906,0.878,0.515,0.372,0.311,0.315,0.613,0.418,0.243,0.768,0.234,0.171,0.849,0.041,0.669,0.111,0.652,0.233,0.755,0.587,0.523,0.83,0.617,0.006,0.965,0.087,0.968,0.25,0.214,0.493,0.719,0.11,0.525,0.116,0.934,0.076
128,0.199,0.662,0.337,0.371,0.62,0.179,0.42,0.219,0.561,0.304,0.702,0.582,0.01,0.839,0.57,0.312,0.61,0.526,0.561,0.943,0.627,0.528,0.494,0.596,0.21,0.164,0.186,0.84,0.652,0.619,0.914,0.986,0.388,0.844,0.548,0.837,0.691,0.501,0.155,0.122,0.704,0.29,0.222,0.393,0.905,0.031,0.568,0.025,0.549,0.138,0.978,0.947,0.88,0.669,0.44,0.876,0.992,0.001,0.349,0.323,0.395,0.854,0.021,0.552
130,0.259,0.621,0.967,0.918,0.807,0.981,0.083,0.612,0.512,0.253,0.283,0.027,0.568,0.215,0.285,0.99,0.359,0.2,0.264,0.088,0.597,0.911,0.042,0.108,0.475,0.92,0.732,0.451,0.705,0.332,0.537,0.143,0.421,0.808,0.649,0.721,0.254,0.869,0.139,0.648,0.95,0.27,0.815,0.791,0.845,0.873,0.374,0.941,0.1,0.292,0.31,0.141,0.317,0.836,0.99,0.88,0.569,0.828,0.469,0.019,0.878,0.182,0.082,0.406
132,0.019,0.45,0.397,0.378,0.826,0.5,0.097,0.78,0.429,0.848,0.652,0.95,0.172,0.69,0.575,0.047,0.597,0.834,0.765,0.657,0.634,0.8,0.656,0.869,0.296,0.8,0.279,0.045,0.495,0.929,0.15,0.818,0.673,0.519,0.919,0.684,0.315,0.472,0.672,0.963,0.054,0.032,0.87,0.697,0.934,0.231,0.512,0.936,0.417,0.82,0.091,0.255,0.883,0.754,0.19,0.509,0.005,0.934,0.64,0.245,0.955,0.011,0.216,0.584
134,0.944,0.656,0.428,0.395,0.891,0.13,0.834,0.881,0.698,0.173,0.462,0.705,0.118,0.896,0.626,0.207,0.067,0.696,0.212,0.89,0.365,0.417,0.773,0.795,0.632,0.157,0.676,0.542,0.345,0.785,0.961,0.742,0.814,0.657,0.304,0.701,0.743,0.839,0.563,0.214,0.808,0.747,0.004,0.08,0.129,0.311,0.253,0.574,0.973,0.983,0.969,0.87,0.728,0.825,0.004,0.592,0.913,0.503,0.885,0.337,0.296,0.067,0.243,0.39
136,0.599,0.892,0.949,0.084,0.286,0.827,0.007,0.102,0.246,0.82,0.544,0.592,0.202,0.991,0.591,0.557,0.769,0.065,0.127,0.473,0.963,0.849,0.119,0.619,0.668,0.157,0.946,0.488,0.93,0.773,0.472,0.381,0.712,0.17,0.007,0.232,0.262,0.371,0.222,0.231,0.712,0.666,0.119,0.467,0.608,0.222,0.789,0.093,0.037,0.34,0.43,0.152,0.955,0.453,0.717,0.577,0.142,0.237,0.813,0.482,0.129,0.7,0.411,0.236
138,0.716,0.198,0.882,0.525,0.582,0.131,0.924,0.552,0.635,0.856,0.021,0.379,0.517,0.842,0.543,0.083,0.533,0.193,0.447,0.404,0.71,0.625,0.928,0.875,0.846,0.34,0.02,0.192,0.051,0.013,0.076,0.195,0.259,0.8,0.552,0.629,0.683,0.535,0.315,0.65,0.29,0.749,0.855,0.796,0.847,0.462,0.584,0.545,0.213,0.202,0.941,0.911,0.695,0.891,0.139,0.05,0.362,0.887,0.227,0.547,0.813,0.423,0.262,0.459
140,0.241,0.49,0.64,0.745,0.775,0.935,0.027,0.741,0.472,0.734,0.887,0.183,0.704,0.582,0.021,0.849,0.909,0.081,0.876,0.779,0.34,0.64,0.991,0.788,0.739,0.693,0.221,0.685,0.5,0.552,0.046,0.772,0.055,0.658,0.553,0.94,0.405,0.166,0.972,0.938,0.806,0.803,0.694,0.859,0.712,0.742,0.105,0.528,0.201,0.92,0.336,0.701,0.249,0.468,0.916,0.036,0.364,0.669,0.679,0.769,0.162,0.269,0.615,0.832
142,0.463,0.091,0.659,0.151,0.028,0.202,0.664,0.663,0.755,0.519,0.676,0.272,0.581,0.72,0.086,0.112,0.165,0.739,0.148,0.878,0.002,0.825,0.724,0.53,0.084,0.232,0.332,0.622,0.243,0.041,0.847,0.463,0.887,0.789,0.583,0.836,0.575,0.642,0.812,0.546,0.897,0.304,0.736,0.033,0.63,0.749,0.072,0.376,0.36,0.57,0.519,0.902,0.416,0.694,0.63,0.097,0.179,0.561,0.732,0.72,0.857,0.719,0.549,0.077
144,0.195,0.493,0.039,0.224,0.635,0.75,0.143,0.168,0.739,0.697,0.237,0.477,0.661,0.538,0.416,0.349,0.908,0.337,0.191,0.784,0.405,0.441,0.776,0.815,0.921,0.511,0.23,0.813,0.421,0.396,0.718,0.002,0.158,0.317,0.909,0.283,0.804,0.692,0.47,0.828,0.287,0.355,0.943,0.183,0.882,0.246,0.202,0.459,0.066,0.231,0.941,0.245,0.678,0.655,0.959,0.032,0.382,0.205,0.63,0.02,0.685,0.581,0.28,0.021
146,0.118,0.756,0.909,0.45,0.622,0.001,0.537,0.677,0.886,0.867,0.28,0.539,0.648,0.435,0.858,0.009,0.042,0.636,0.985,0.904,0.94,0.545,0.225,0.883,0.407,0.337,0.118,0.972,0.89,0.831,0.709,0.001,0.667,0.278,0.875,0.867,0.24,0.311,0.512,0.732,0.363,0.7,1.0,0.717,0.869,0.44,0.856,0.603,0.101,0.251,0.768,0.665,0.205,0.341,0.414,0.378,0.06,0.031,0.543,0.945,0.421,0.962,0.679,0.136
148,0.876,0.095,0.566,0.244,0.84,0.499,0.785,0.669,0.62,0.221,0.496,0.835,0.935,0.397,0.34,0.521,0.872,0.754,0.896,0.888,0.17,0.473,0.49,0.448,0.019,0.5,0.036,0.245,0.495,0.965,0.035,0.336,0.44,0.069,0.395,0.064,0.775,0.503,0.915,0.456,0.98,0.614,0.629,0.732,0.576,0.334,0.81,0.456,0.294,0.615,0.781,0.016,0.954,0.304,0.333,0.381,0.69,0.703,0.831,0.552,0.188,0.331,0.512,0.385
150,0.299,0.884,0.922,0.35,0.716,0.794,0.461,0.949,0.175,0.251,0.848,0.056,0.862,0.664,0.668,0.734,0.746,0.321,0.189,0.878,0.653,0.048,0.718,0.275,0.772,0.951,0.84,0.04,0.025,0.648,0.554,0.176,0.524,0.26,0.963,0.689,0.142,0.431,0.341,0.607,0.923,0.075,0.55,0.193,0.836,0.639,0.477,0.116,0.711,0.128,0.157,0.881,0.863,0.845,0.908,0.227,0.592,0.459,0.573,0.5,0.761,0.156,0.408,0.505
152,0.074,0.363,0.449,0.923,0.306,0.406,0.303,0.616,0.287,0.865,0.619,0.366,0.597,0.497,0.984,0.162,0.698,0.721,0.598,0.286,0.327,0.527,0.193,0.453,0.414,0.869,0.615,0.105,0.93,0.967,0.789,0.737,0.048,0.465,0.329,0.925,0.46,0.124,0.781,0.053,0.505,0.724,0.982,0.7,0.256,0.695,0.49,0.82,0.71,0.494,0.679,0.544,0.722,0.009,0.082,0.421,0.18,0.23,0.373,0.883,0.693,0.357,0.661,0.77
154,0.718,0.306,0.926,0.501,0.04,0.526,0.389,0.52,0.398,0.477,0.904,0.734,0.295,0.975,0.977,0.461,0.617,0.164,0.419,0.088,0.591,0.277,0.27,0.415,0.891,0.373,0.706,0.586,0.693,0.512,0.957,0.298,0.047,0.058,0.088,0.568,0.388,0.58,0.833,0.985,0.573,0.58,0.858,0.319,0.239,0.828,0.155,0.089,0.181,0.435,0.431,0.632,0.549,0.327,0.929,0.86,0.439,0.124,0.28,0.28,0.667,0.204,0.576,0.609
156,0.283,0.609,0.655,0.593,0.99,0.78,0.181,0.027,0.52,0.863,0.304,0.375,0.501,0.493,0.964,0.472,0.315,0.593,0.14,0.77,0.991,0.467,0.025,0.218,0.248,0.782,0.858,0.472,0.044,0.057,0.411,0.4,0.284,0.246,0.076,0.102,0.831,0.854,0.911,0.937,0.82,0.231,0.736,0.602,0.455,0.649,0.288,0.962,0.203,0.693,0.566,0.373,0.595,0.897,0.001,0.77,0.434,0.244,0.953,0.474,0.349,0.313,0.55,0.741
158,0.36,0.283,0.318,0.428,0.724,0.907,0.637,0.206,0.216,0.66,0.318,0.052,0.253,0.728,0.559,0.334,0.223,0.557,0.36,0.711,0.898,0.525,0.564,0.332,0.845,0.043,0.413,0.141,0.633,0.223,0.029,0.284,0.853,0.392,0.053,0.742,0.625,0.937,0.405,0.759,0.443,0.681,0.337,0.684,0.559,0.002,0.114,0.25,0.064,0.345,0.959,0.107,0.129,0.101,0.646,0.42,0.033,0.828,0.688,0.808,0.635,0.671,0.41,0.32
160,0.212,0.221,0.172,0.441,0.819,0.045,0.609,0.612,0.186,0.611,0.654,0.955,0.819,0.147,0.262,0.897,0.928,0.447,0.819,0.693,0.978,0.583,0.456,0.09,0.824,0.543,0.575,0.146,0.624,0.505,0.273,0.554,0.452,0.531,0.772,0.491,0.974,0.135,0.134,0.34,0.974,0.436,0.34,0.15,0.782,0.882,0.288,0.242,0.376,0.631,0.215,0.483,0.053,0.615,0.465,0.264,0.813,0.365,0.113,0.521,0.221,0.699,0.516,0.274
162,0.539,0.127,0.872,0.644,0.487,0.834,0.136,0.537,0.572,0.092,0.964,0.338,0.626,0.194,0.053,0.219,0.693,0.434,0.415,0.042,0.731,0.732,0.927,0.643,0.654,0.65,0.995,0.326,0.665,0.331,0.281,0.067,0.03,0.703,0.595,0.363,0.803,0.284,0.873,0.871,0.202,0.812,0.512,0.293,0.193,0.496,0.499,0.42,0.293,0.927,0.601,0.969,0.669,0.878,0.6,0.813,0.488,0.149,0.35,0.644,0.034,0.999,0.357,0.478
164,0.989,0.08,0.814,0.391,0.067,0.995,0.752,0.17,0.039,0.478,0.099,0.133,0.347,0.002,0.157,0.163,0.32,0.755,0.985,0.824,0.488,0.498,0.898,0.77,0.277,0.655,0.622,0.33,0.598,0.126,0.872,0.335,0.545,0.22,0.331,0.98,0.335,0.318,0.593,0.34,0.367,0.924,0.288,0.03,0.937,0.876,0.013,0.078,0.498,0.35,0.492,0.912,0.342,0.163,0.786,0.611,0.303,0.312,0.422,0.367,0.144,0.613,0.155,0.315
166,0.16,0.676,0.225,0.825,0.106,0.281,0.887,0.915,0.386,0.028,0.826,0.921,0.195,0.5,0.867,0.228,0.606,0.78,0.284,0.363,0.787,0.344,0.222,0.327,0.697,0.407,0.666,0.325,0.396,0.316,0.677,0.771,0.238,0.948,0.358,0.089,0.506,0.255,0.088,0.357,0.272,0.6,0.877,0.819,0.911,0.464,0.835,0.169,0.529,0.937,0.862,0.252,0.604,0.626,0.62,0.514,0.523,0.422,0.597,0.672,0.688,0.908,0.092,0.906
168,0.513,0.14,0.454,0.164,0.451,0.684,0.508,0.698,0.727,0.63,0.353,0.055,0.515,0.845,0.627,0.402,0.043,0.776,0.593,0.292,0.695,0.349,0.67,0.974,0.755,0.797,0.052,0.929,0.7,0.082,0.476,0.282,0.593,0.599,0.673,0.536,0.254,0.69,0.793,0.236,0.232,0.573,0.366,0.667,0.349,0.657,0.368,0.07,0.664,0.692,0.19,0.931,0.588,0.118,0.639,0.755,0.451,0.482,0.794,0.743,0.59,0.66,0.45,0.79
170,0.78,0.188,0.545,0.01,0.855,0.777,0.01,0.55,0.017,0.521,0.186,0.351,0.349,0.957,0.191,0.942,0.843,0.514,0.678,0.73,0.517,0.135,0.503,0.52,0.413,0.211,0.729,0.631,0.219,0.384,0.718,0.826,0.806,0.351,0.653,0.428,0.454,0.607,0.091,0.637,0.14,0.604,0.359,0.309,0.34,0.589,0.674,0.954,0.678,0.129,0.484,0.32,0.652,0.04,0.417,0.869,0.848,0.491,0.233,0.963,0.397,0.681,0.548,0.698
172,0.478,0.65,0.63,0.089,0.288,0.292,0.33,0.388,0.75,0.978,0.178,0.879,0.682,0.207,0.767,0.2,0.947,0.057,0.241,0.343,0.89,0.886,0.535,0.501,0.966,0.154,0.139,0.907,0.088,0.423,0.325,0.014,0.293,0.653,0.255,0.643,0.166,0.669,0.711,0.97,0.017,0.487,0.262,0.713,0.951,0.552,0.178,0.958,0.319,0.012,0.231,0.535,0.188,0.105,0.736,0.983,0.868,0.945,0.011,0.655,0.999,0.755,0.979,0.002
174,0.074,0.959,0.226,0.308,0.062,0.188,0.383,0.941,0.437,0.861,0.019,0.77,0.81,0.241,0.143,0.462,0.077,0.28,0.051,0.119,0.312,0.936,0.345,0.159,0.789,0.85,0.676,0.586,0.559,0.098,0.126,0.238,0.854,0.096,0.524,0.492,0.689,0.018,0.019,0.173,0.176,0.759,0.715,0.805,0.251,0.629,0.067,0.676,0.833,0.632,0.502,0.604,0.15,0.941,0.481,0.755,0.879,0.765,0.578,0.388,0.34,0.691,0.413,0.707
176,0.301,0.055,0.702,0.436,0.121,0.849,0.374,0.002,0.63,0.695,0.275,0.928,0.853,0.316,0.991,0.092,0.071,0.126,0.752,0.118,0.994,0.702,0.93,0.175,0.215,0.786,0.187,0.757,0.096,0.105,0.802,0.098,0.187,0.11,0.938,0.468,0.924,0.443,0.77,0.515,0.108,0.151,0.404,0.935,0.084,0.488,0.006,0.142,0.215,0.88,0.068,0.435,0.841,0.109,0.443,0.522,0.361,0.93,0.449,0.929,0.65,0.888,0.504,0.166
178,0.9,0.09,0.35,0.048,0.712,0.295,0.804,0.744,0.727,0.055,0.865,0.349,0.234,0.608,0.681,0.155,0.996,0.445,0.765,0.507,0.381,0.827,0.927,0.11,0.255,0.849,0.347,0.37,0.227,0.791,0.033,0.044,0.001,0.205,0.427,0.982,0.19,0.933,0.466,0.049,0.517,0.768,0.956,0.455,0.836,0.158,0.235,0.606,0.986,0.289,0.262,0.314,0.102,0.521,0.265,0.28,0.661,0.587,0.05,0.917,0.316,0.777,0.244,0.129
180,0.644,0.045,0.377,0.52,0.813,0.983,0.027,0.625,0.156,0.508,0.143,0.732,0.611,0.339,0.533,0.696,0.28,0.15,0.142,0.226,0.766,0.954,0.158,0.113,0.246,0.53,0.132,0.642,0.095,0.669,0.088,0.649,0.257,0.317,0.561,0.708,0.815,0.148,0.358,0.104,0.247,0.884,0.694,0.154,0.323,0.599,0.481,0.773,0.384,0.449,0.09,0.977,0.86,0.097,0.089,0.911,0.344,0.402,0.394,0.258,0.642,0.805,0.076,0.959
182,0.249,0.5,0.196,0.795,0.237,0.35,0.951,0.972,0.487,0.324,0.421,0.952,0.156,0.816,0.954,0.495,0.979,0.219,0.617,0.329,0.476,0.901,0.193,0.607,0.041,0.491,0.008,0.361,0.985,0.903,0.256,0.737,0.02,0.258,0.433,0.787,0.69,0.233,0.028,0.016,0.639,0.596,0.295,0.706,0.5,0.886,0.73,0.334,0.912,0.766,0.617,0.416,0.518,0.435,0.967,0.016,0.238,0.098,0.314,0.021,0.394,0.392,0.319,0.325
184,0.984,0.772,0.167,0.257,0.361,0.292,0.382,0.947,0.873,0.999,0.296,0.168,0.071,0.2,0.237,0.09,0.218,0.531,0.442,0.879,0.414,0.785,0.72,0.322,0.21,0.931,0.67,0.042,0.562,0.469,0.34,0.72,0.079,0.357,0.411,0.008,0.462,0.301,0.291,0.709,0.801,0.619,0.481,0.319,0.342,0.127,0.248,0.007,0.82,0.905,0.935,0.976,0.719,0.075,0.603,0.226,0.085,0.184,0.65,0.178,0.611,0.375,0.153,0.593
186,0.573,0.367,0.863,0.674,0.434,0.565,0.923,0.551,0.503,0.954,0.362,0.697,0.993,0.851,0.644,0.62,0.11,0.035,0.362,0.784,0.376,0.87,0.948,0.911,0.137,0.757,0.807,0.317,0.45,0.848,0.659,0.178,0.084,0.984,0.62,0.997,0.724,0.195,0.969,0.274,0.601,0.078,0.896,0.674,0.28,0.759,0.414,0.283,0.631,0.654,0.193,0.175,0.511,0.866,0.315,0.592,0.28,0.526,0.422,0.448,0.646,0.156,0.272,0.519
188,0.658,0.922,0.307,0.395,0.446,0.072,0.04,0.208,0.09,0.447,0.025,0.212,0.371,0.576,0.493,0.327,0.52,0.561,0.789,0.503,0.18,0.912,0.788,0.224,0.144,0.054,0.281,0.477,0.69,0.914,0.945,0.45,0.855,0.152,0.207,0.767,0.469,0.244,0.973,0.617,0.941,0.679,0.114,0.439,0.976,0.535,0.3,0.874,0.151,0.468,0.421,0.746,0.096,0.083,0.052,0.132,0.077,0.818,0.967,0.555,0.452,0.174,0.736,0.483
190,0.419,0.814,0.339,0.444,0.681,0.105,0.17,0.099,0.252,0.097,0.088,0.026,0.463,0.812,0.942,0.396,0.407,0.454,0.134,0.059,0.926,0.493,0.324,0.544,0.37,0.821,0.252,0.358,0.633,0.03,0.263,0.51,0.232,0.698,0.903,0.237,0.124,0.553,0.743,0.274,0.383,0.167,0.582,0.524,0.991,0.47,0.579,0.249,0.856,0.305,0.235,0.591,0.096,0.128,0.883,0.216,0.946,0.68,0.094,0.291,0.532,0.421,0.049,0.068
192,0.559,0.602,0.201,0.863,0.755,0.926,0.192,0.157,0.13,0.685,0.472,0.724,0.978,0.296,0.314,0.403,0.759,0.214,0.472,0.834,0.905,0.414,0.421,0.035,0.985,0.045,0.27,0.899,0.104,0.589,0.844,0.374,0.801,0.752,0.007,0.407,0.266,0.998,0.533,0.108,0.745,0.212,0.484,0.225,0.234,0.105,0.821,0.74,0.887,0.711,0.013,0.309,0.771,0.178,0.754,0.531,0.327,0.112,0.255,0.356,0.688,0.04,0.828,0.083
194,0.681,0.693,0.658,0.851,0.773,0.571,0.584,0.155,0.433,0.501,0.174,0.78,0.543,0.611,0.77,0.284,0.025,0.593,0.468,0.795,0.221,0.565,0.42,0.062,0.703,0.654,0.264,0.873,0.908,0.247,0.04,0.382,0.407,0.198,0.057,0.489,0.197,0.143,0.38,0.842,0.312,0.951,0.612,0.408,0.796,0.588,0.166,0.748,0.79,0.648,0.588,0.388,0.935,0.939,0.077,0.136,0.749,0.67,0.156,0.673,0.997,0.138,0.146,0.678
196,0.8,0.309,0.888,0.793,0.184,0.66,0.649,0.511,0.764,0.071,0.363,0.953,0.795,0.44,0.735,0.761,0.677,0.123,0.175,0.469,0.796,0.789,0.558,0.95,0.054,0.223,0.032,0.292,0.985,0.66,0.089,0.799,0.395,0.467,0.082,0.769,0.055,0.942,0.981,0.495,0.58,0.667,0.501,0.44,0.198,0.419,0.642,0.722,0.724,0.013,0.618,0.874,0.037,0.411,0.711,0.653,0.784,0.195,0.561,0.761,0.105,0.897,0.23,0.848
198,0.124,0.994,0.413,0.888,0.09,0.219,0.937,0.14,0.297,0.295,0.444,0.512,0.597,0.049,0.946,0.532,0.16,0.403,0.322,0.191,0.678,0.704,0.274,0.049,0.442,0.1,0.868,0.175,0.755,0.546,0.811,0.67,0.113,0.498,0.217,0.934,0.709,0.432,0.076,0.304,0.901,0.247,0.717,0.451,0.413,0.017,0.682,0.602,0.917,0.562,0.569,0.626,0.743,0.741,0.672,0.079,0.252,0.122,0.102,0.208,0.952,0.755,0.335,0.193
200,0.567,0.335,0.458,0.196,0.36,0.879,0.518,0.669,0.351,0.383,0.804,0.918,0.461,0.298,0.784,0.45,0.212,0.587,0.32,0.675,0.498,0.501,0.321,0.934,0.754,0.858,0.306,0.924,0.485,0.142,0.61,0.4,0.691,0.463,0.694,0.378,0.822,0.374,0.524,0.062,0.513,0.752,0.171,0.907,0.534,0.429,0.256,0.13,0.687,0.787,0.065,0.681,0.7,0.173,0.37,0.373,0.557,0.377,0.13,0.42,0.997,0.843,0.039,0.531
202,0.253,0.686,0.479,0.717,0.286,0.257,0.272,0.95,0.093,0.371,0.287,0.343,0.426,0.335,0.945,0.206,0.108,0.073,0.686,0.555,0.931,0.324,0.478,0.449,0.378,0.166,0.46,0.26,0.458,0.2,0.181,0.607,0.391,0.49,0.065,0.601,0.063,0.146,0.18,0.561,0.538,0.067,0.327,0.963,0.79,0.781,0.716,0.789,0.808,0.553,0.577,0.403,0.537,0.913,0.202,0.726,0.387,0.553,0.395,0.416,0.913,0.544,0.91,0.681
204,0.309,0.347,0.225,0.25,0.325,0.979,0.238,0.65,0.355,0.059,0.588,0.02,0.784,0.125,0.63,0.871,0.272,0.894,0.279,0.622,0.561,0.978,0.886,0.913,0.336,0.656,0.587,0.527,0.629,0.412,0.787,0.081,0.625,0.718,0.122,0.549,0.362,0.592,0.658,0.09,0.165,0.106,0.288,0.551,0.294,0.588,0.772,0.32,0.883,0.472,0.454,0.443,0.326,0.389,0.622,0.726,0.027,0.312,0.474,0.445,0.67,0.023,0.087,0.987
206,0.756,0.78,0.561,0.449,0.747,0.582,0.72,0.375,0.691,0.154,0.681,0.627,0.159,0.717,0.812,0.783,0.369,0.127,0.766,0.276,0.416,0.959,0.14,0.584,0.138,0.34,0.095,0.214,0.436,0.469,0.551,0.858,0.544,0.518,0.08,0.842,0.554,0.594,0.422,0.283,0.86,0.104,0.27,0.212,0.191,0.979,0.114,0.141,0.977,0.804,0.932,0.982,0.635,0.487,0.13,0.615,0.226,0.214,0.09,0.802,0.29,0.101,0.814,0.651
208,0.928,0.632,0.568,0.558,0.463,0.807,0.546,0.174,0.374,0.028,0.104,0.346,0.082,0.843,0.623,0.526,0.969,0.98,0.779,0.527,0.224,0.129,0.265,0.895,0.316,0.958,0.457,0.342,0.574,0.137,0.139,0.746,0.046,0.835,0.198,0.557,0.653,0.655,0.865,0.133,0.001,0.755,0.23,0.685,0.631,0.982,0.506,0.5,0.693,0.501,0.438,0.321,0.712,0.571,0.046,0.948,0.821,0.183,0.933,0.226,0.337,0.555,0.552,0.546
210,0.658,0.476,0.745,0.574,0.179,0.071,0.323,0.473,0.91,0.843,0.169,0.614,0.874,0.656,0.694,0.543,0.558,0.324,0.957,0.756,0.959,0.757,0.617,0.4,0.167,0.076,0.48,0.855,0.263,0.277,0.844,0.947,0.544,0.901,0.649,0.812,0.23,0.36,0.882,0.181,0.372,0.418,0.898,0.437,0.076,0.623,0.45,0.298,0.509,0.088,0.92,0.87,0.188,0.695,0.768,0.286,0.019,0.177,0.67,0.072,0.24,0.971,0.601,0.739
212,0.368,0.668,0.974,0.682,0.213,0.24,0.27,0.95,0.129,0.579,0.763,0.426,0.348,0.905,0.631,0.937,0.813,0.818,0.828,0.73,0.218,0.162,0.187,0.285,0.652,0.745,0.714,0.376,0.847,0.872,0.376,0.762,0.138,0.74,0.895,0.787,0.41,0.3,0.343,0.723,0.59,0.727,0.64,0.234,0.41,0.672,0.335,0.708,0.103,0.71,0.25,0.067,0.896,0.448,0.78,0.987,0.929,0.153,0.262,0.244,0.523,0.111,0.314,0.921
214,0.105,0.432,0.228,0.437,0.608,0.847,0.745,0.703,0.719,0.134,0.74,0.912,0.211,0.817,0.173,0.088,0.087,0.655,0.864,0.906,0.626,0.036,0.298,0.767,0.497,0.145,0.782,0.268,0.751,0.977,0.88,0.874,0.604,0.971,0.353,0.329,0.904,0.088,0.473,0.654,0.159,0.129,0.157,0.802,0.121,0.944,0.209,0.143,0.761,0.63,0.836,0.702,0.043,0.445,0.788,0.583,0.526,0.605,0.625,0.228,0.745,0.54,0.779,0.014
216,0.649,0.726,0.09,0.251,0.306,0.796,0.191,0.749,0.347,0.004,0.503,0.509,0.781,0.818,0.788,0.004,0.82,0.569,0.122,0.493,0.374,0.1,0.731,0.907,0.442,0.183,0.241,0.861,0.005,0.291,0.373,0.566,0.968,0.015,0.68,0.374,0.795,0.163,0.375,0.167,0.093,0.196,0.037,0.52,0.788,0.412,0.034,0.436,0.074,0.496,0.956,0.181,0.51,0.023,0.377,0.5,0.396,0.891,0.211,0.901,0.494,0.858,0.173,0.636
218,0.223,0.254,0.982,0.593,0.18,0.819,0.032,0.123,0.057,0.762,0.759,0.429,0.931,0.857,0.058,0.151,0.9,0.381,0.706,0.136,0.251,0.066,0.291,0.196,0.24,0.914,0.154,0.859,0.836,0.892,0.238,0.335,0.434,0.246,0.581,0.544,0.016,0.294,0.019,0.202,0.143,0.38,0.447,0.973,0.345,0.286,0.663,0.212,0.29,0.557,0.08,0.295,0.137,0.015,0.535,0.906,0.718,0.881,0.187,0.615,0.737,0.161,0.494,0.501
220,0.239,0.248,0.103,0.652,0.839,0.668,0.585,0.668,0.304,0.283,0.704,0.97,0.248,0.105,0.858,0.619,0.059,0.177,0.657,0.56,0.185,0.911,0.663,0.242,0.911,0.487,0.03,0.64,0.641,0.247,0.541,0.619,0.183,0.804,0.107,0.749,0.547,0.367,0.022,0.355,0.276,0.998,0.587,0.137,0.459,0.752,0.004,0.826,0.296,0.361,0.42,0.376,0.347,0.842,0.589,0.892,0.588,0.886,0.282,0.172,0.636,0.323,0.109,0.251
222,0.416,0.806,0.35,0.145,0.852,0.487,0.763,0.161,0.066,0.09,0.284,0.498,0.834,0.511,0.75,0.907,0.549,0.117,0.182,0.535,0.722,0.339,0.289,0.458,0.643,0.993,0.11,0.955,0.898,0.954,0.577,0.417,0.212,0.428,0.902,0.492,0.689,0.07,0.095,0.352,0.635,0.393,0.652,0.095,0.816,0.907,0.899,0.035,0.709,0.88,0.669,0.226,0.336,0.509,0.073,0.953,0.133,0.129,0.916,0.009,0.412,0.53,0.993,0.992
224,0.108,0.037,0.23,0.791,0.366,0.978,0.965,0.406,0.052,0.649,0.126,0.548,0.003,0.685,0.296,0.327,0.649,0.017,0.417,0.386,0.551,0.349,0.517,0.916,0.939,0.33,0.254,0.895,0.519,0.562,0.223,0.028,0.303,0.053,0.342,0.237,0.646,0.794,0.621,0.263,0.148,0.945,0.171,0.066,0.326,0.013,0.714,0.056,0.41,0.206,0.994,0.231,0.868,0.116,0.156,0.739,0.297,0.204,0.556,0.42,0.369,0.323,0.604,0.349
226,0.784,0.683,0.582,0.295,0.257,0.046,0.627,0.971,0.386,0.39,0.049,0.665,0.319,0.849,0.091,0.098,0.315,0.432,0.535,0.957,0.417,0.873,0.274,0.842,0.598,0.947,0.014,0.735,0.279,0.564,0.231,0.432,0.434,0.059,0.051,0.282,0.326,0.324,0.368,0.157,0.254,0.667,0.088,0.237,0.037,0.14,0.809,0.533,0.303,0.2,0.698,0.876,0.469,0.679,0.627,0.86,0.708,0.832,0.148,0.435,0.677,0.87,0.179,0.447
228,0.627,0.673,0.998,0.568,0.256,0.109,0.54,0.275,0.099,0.822,0.358,0.023,0.642,0.504,0.922,0.997,0.34,0.577,0.156,0.272,0.317,0.819,0.712,0.611,0.837,0.284,0.612,0.67,0.862,0.93,0.24,0.238,0.816,0.963,0.979,0.115,0.196,0.702,0.229,0.073,0.394,0.793,0.8,0.086,0.261,0.476,0.476,0.024,0.291,0.692,0.571,0.467,0.165,0.548,0.009,0.728,0.293,0.811,0.374,0.354,0.135,0.294,0.028,0.76
230,0.265,0.433,0.051,0.084,0.994,0.857,0.672,0.005,0.239,0.539,0.682,0.635,0.942,0.801,0.206,0.468,0.746,0.291,0.783,0.273,0.438,0.704,0.563,0.599,0.568,0.136,0.406,0.931,0.09,0.58,0.017,0.614,0.917,0.96,0.707,0.25,0.163,0.591,0.443,0.952,0.313,0.746,0.613,0.795,0.065,0.969,0.758,0.602,0.192,0.142,0.589,0.03,0.678,0.072,0.443,0.702,0.588,0.769,0.22,0.198,0.214,0.495,0.234,0.746
232,0.316,0.032,0.74,0.53,0.824,0.897,0.297,0.338,0.934,0.105,0.681,0.741,0.002,0.028,0.246,0.66,0.02,0.088,0.044,0.829,0.268,0.06,0.219,0.994,0.628,0.936,0.923,0.588,0.715,0.522,0.008,0.535,0.779,0.506,0.609,0.316,0.092,0.763,0.415,0.077,0.122,0.298,0.208,0.538,0.15,0.8,0.284,0.255,0.765,0.819,0.482,0.422,0.986,0.807,0.856,0.234,0.012,0.828,0.566,0.385,0.517,0.177,0.347,0.777
234,0.873,0.566,0.359,0.367,0.618,0.293,0.63,0.111,0.224,0.383,0.473,0.959,0.666,0.895,0.131,0.221,0.023,0.728,0.126,0.638,0.746,0.294,0.099,0.523,0.037,0.256,0.703,0.324,0.944,0.673,0.058,0.794,0.32,0.696,0.903,0.776,0.165,0.096,0.856,0.278,0.443,0.127,0.324,0.689,0.147,0.211,0.872,0.931,0.891,0.484,0.044,0.054,0.933,0.415,0.34,0.97,0.946,0.11,0.958,0.53,0.8,0.313,0.033,0.765
236,0.608,0.242,0.167,0.639,0.827,0.187,0.937,0.632,0.476,0.496,0.064,0.089,0.171,0.74,0.491,0.675,0.98,0.926,0.835,0.132,0.126,0.674,0.061,0.972,0.856,0.489,0.476,0.956,0.151,0.598,0.15,0.85,0.262,0.372,0.859,0.471,0.815,0.914,0.866,0.877,0.35,0.071,0.499,0.792,0.598,0.95,0.223,0.225,0.052,0.982,0.07,0.064,0.378,0.644,0.802,0.209,0.092,0.93,0.603,0.72,0.833,0.809,0.281,0.73
238,0.672,0.145,0.21,0.46,0.603,0.066,0.327,0.529,0.448,0.472,0.28,0.59,0.973,0.88,0.487,0.385,0.871,0.444,0.993,0.858,0.806,0.95,0.927,0.994,0.984,0.132,0.015,0.194,0.265,0.476,0.516,0.823,0.992,0.587,0.512,0.607,0.87,0.213,0.912,0.337,0.998,0.136,0.907,0.445,0.373,0.359,0.992,0.416,0.938,0.567,0.317,0.531,0.593,0.714,0.81,0.693,0.832,0.2,0.477,0.148,0.052,0.193,0.931,0.746
240,0.738,0.041,0.443,0.154,0.619,0.454,0.419,0.231,0.907,0.112,0.224,0.721,0.067,0.028,0.492,0.876,0.4,0.704,0.372,0.28,0.938,0.635,0.81,0.89,0.312,0.311,0.821,0.041,0.285,0.863,0.859,0.279,0.526,0.548,0.28,0.211,0.153,0.552,0.894,0.935,0.08,0.851,0.597,0.176,0.494,0.302,0.622,0.484,0.429,0.853,0.107,0.688,0.517,0.901,0.759,0.792,0.413,0.365,0.335,0.2,0.9,0.633,0.049,0.17
242,0.339,0.332,0.996,0.067,0.559,0.025,0.455,0.629,0.519,0.417,0.602,0.123,0.631,0.735,0.477,0.685,0.257,0.019,0.528,0.553,0.486,0.731,0.225,0.843,0.826,0.744,0.486,0.989,0.249,0.193,0.916,0.702,0.65,0.084,0.702,0.942,0.782,0.621,0.131,0.478,0.247,0.593,0.066,0.635,0.198,0.077,0.522,0.931,0.248,0.02,0.7,0.043,0.354,0.659,0.454,0.631,0.75,0.133,0.708,0.456,0.149,0.135,0.068,0.923
244,0.283,0.776,0.667,0.86,0.287,0.492,0.372,0.743,0.579,0.453,0.798,0.439,0.142,0.922,0.818,0.089,0.385,0.952,0.208,0.85,0.064,0.312,0.209,0.728,0.831,0.473,0.49,0.049,0.587,0.279,0.465,0.016,0.34,0.827,0.351,0.212,0.819,0.213,0.16,0.775,0.156,0.499,0.273,0.425,0.062,0.597,0.136,0.51,0.961,0.254,0.396,0.24,0.091,0.148,0.712,0.533,0.64,0.417,0.822,0.287,0.901,0.956,0.447,0.169
246,0.228,0.896,0.495,0.665,0.384,0.392,0.703,0.967,0.292,0.805,0.654,0.792,0.222,0.942,0.928,0.14,0.456,0.48,0.747,0.744,0.541,0.127,0.141,0.934,0.799,0.357,0.099,0.854,0.849,0.227,0.813,0.812,0.64,0.236,0.487,0.272,0.485,0.22,0.699,0.553,0.03,0.12,0.631,0.497,0.12,0.753,0.503,0.491,0.522,0.255,0.941,0.113,0.8,0.313,0.116,0.921,0.916,0.683,0.445,0.308,0.818,0.449,0.701,0.207
248,0.72,0.689,0.55,0.059,0.811,0.744,0.545,0.195,0.099,0.651,0.438,0.194,0.559,0.097,0.053,0.471,0.587,0.415,0.35,0.838,0.688,0.671,0.361,0.938,0.772,0.819,0.849,0.108,0.709,0.758,0.634,0.941,0.49,0.294,0.213,0.952,0.258,0.156,0.628,0.769,0.509,0.233,0.286,0.331,0.373,0.576,0.185,0.33,0.323,0.419,0.407,0.556,0.636,0.126,0.084,0.827,0.581,0.903,0.965,0.7,0.34,0.616,0.372,0.58
250,0.189,0.179,0.959,0.238,0.999,0.818,0.512,0.048,0.628,0.299,0.892,0.35,0.362,0.198,0.832,0.927,0.565,0.106,0.898,0.459,0.926,0.221,0.523,0.857,0.743,0.605,0.029,0.837,0.67,0.543,0.503,0.906,0.727,0.778,0.977,0.207,0.533,0.066,0.319,0.531,0.017,0.529,0.586,0.654,0.82,0.249,0.094,0.139,0.689,0.753,0.367,0.049,0.47,0.972,0.463,0.685,0.762,0.595,0.857,0.463,0.021,0.072,0.0,0.83
252,0.579,0.502,0.13,0.138,0.417,0.7,0.441,0.208,0.648,0.167,0.466,0.36,0.152,0.735,0.181,0.446,0.532,0.929,0.857,0.924,0.141,0.109,0.469,0.717,0.769,0.2,0.773,0.692,0.955,0.755,0.387,0.843,0.237,0.413,0.389,0.143,0.219,0.649,0.247,0.893,0.877,0.878,0.765,0.161,0.937,0.021,0.149,0.749,0.653,0.057,0.501,0.609,0.768,0.367,0.399,0.847,0.524,0.335,0.257,0.897,0.54,0.22,0.006,0.687
254,0.412,0.958,0.248,0.811,0.248,0.253,0.278,0.312,0.409,0.702,0.344,0.486,0.162,0.958,0.471,0.414,0.511,0.824,0.837,0.488,0.421,0.523,0.974,0.321,0.592,0.257,0.249,0.8,0.295,0.236,0.328,0.092,0.523,0.294,0.708,0.096,0.979,0.352,0.385,0.651,0.805,0.939,0.277,0.668,0.359,0.972,0.319,0.96,0.481,0.263,0.333,0.004,0.262,0.357,0.46,0.687,0.57,0.143,0.57,0.089,0.942,0.019,0.035,0.282
256,0.037,0.317,0.599,0.353,0.607,0.719,0.132,0.503,0.819,0.615,0.487,0.16,0.484,0.482,0.446,0.741,0.133,0.738,0.543,0.811,0.452,0.121,0.413,0.05,0.379,0.429,0.309,0.351,0.074,0.518,0.31,0.813,0.125,0.016,0.627,0.163,0.563,0.309,0.931,0.511,0.087,0.371,0.891,0.308,0.942,0.023,0.109,0.731,0.075,0.775,0.241,0.445,0.238,0.684,0.641,0.337,0.11,0.47,0.629,0.723,0.475,0.999,0.507,0.296
258,0.501,0.359,0.386,0.22,0.653,0.367,0.343,0.292,0.526,0.078,0.685,0.963,0.446,0.767,0.366,0.277,0.386,0.277,0.457,0.717,0.474,0.248,0.839,0.236,0.108,0.393,0.567,0.716,0.633,0.491,0.204,0.419,0.358,0.407,0.673,0.45,0.349,0.769,0.631,0.624,0.91,0.303,0.846,0.391,0.624,0.592,0.139,0.211,0.245,0.425,0.854,0.651,0.094,0.307,0.971,0.414,0.779,0.222,0.528,0.09,0.622,0.081,0.765,0.469
260,0.088,0.514,0.174,0.728,0.658,0.096,0.832,0.867,0.724,0.537,0.851,0.683,0.016,0.468,0.297,0.855,0.096,0.077,0.589,0.021,0.453,0.632,0.495,0.334,0.518,0.584,0.699,0.249,0.192,0.705,0.652,0.893,0.076,0.688,0.75,0.729,0.013,0.594,0.135,0.7,0.605,0.255,0.727,0.749,0.147,0.486,0.925,0.881,0.549,0.175,0.834,0.901,0.999,0.226,0.352,0.304,0.885,0.553,0.475,0.815,0.173,0.088,0.754,0.085
262,0.498,0.284,0.835,0.358,0.076,0.549,0.999,0.878,0.037,0.206,0.833,0.971,0.643,0.029,0.162,0.569,0.016,0.481,0.041,0.404,0.36,0.432,0.815,0.437,0.744,0.22,0.219,0.122,0.35,0.715,0.59,0.78,0.935,0.516,0.273,0.343,0.886,0.585,0.383,0.847,0.281,0.513,0.452,0.019,0.237,0.623,0.741,0.543,0.322,0.616,0.321,0.517,0.924,0.507,0.497,0.324,0.583,0.72,0.232,0.375,0.185,0.523,0.566,0.477
264,0.864,0.504,0.86,0.462,0.381,0.471,0.34,0.684,0.831,0.569,0.522,0.931,0.97,0.652,0.031,0.28,0.147,0.904,0.506,0.58,0.973,0.187,0.41,0.407,0.591,0.058,0.035,0.038,0.621,0.79,0.424,0.507,0.954,0.996,0.142,0.089,0.884,0.912,0.945,0.205,0.588,0.102,0.081,0.932,0.626,0.802,0.868,0.858,0.009,0.662,0.198,0.033,0.524,0.835,0.164,0.146,0.339,0.347,0.185,0.861,0.113,0.973,0.15,0.727
266,0.003,0.066,0.584,0.351,0.714,0.167,0.804,0.389,0.015,0.974,0.537,0.655,0.239,0.142,0.63,0.989,0.033,0.68,0.176,0.014,0.005,0.775,0.597,0.164,0.472,0.238,0.656,0.879,0.63,0.612,0.974,0.259,0.03,0.619,0.19,0.79,0.703,0.691,0.599,0.897,0.474,0.237,0.915,0.312,0.455,0.082,0.03,0.753,0.54,0.176,0.573,0.331,0.447,0.29,0.187,0.47,0.371,0.565,0.061,0.526,0.155,0.066,0.589,0.411
268,0.551,0.096,0.019,0.594,0.838,0.664,0.259,0.283,0.964,0.169,0.323,0.727,0.19,0.788,0.256,0.443,0.254,0.342,0.75,0.902,0.796,0.732,0.06,0.183,0.544,0.892,0.644,0.232,0.269,0.609,0.545,0.516,0.988,0.332,0.502,0.621,0.813,0.278,0.343,0.441,0.548,0.146,0.759,0.704,0.805,0.147,0.654,0.123,0.426,0.239,0.82,0.352,0.845,0.017,0.157,0.297,0.024,0.213,0.012,0.313,0.274,0.708,0.791,0.363
270,0.169,0.102,0.787,0.504,0.811,0.421,0.263,0.707,0.548,0.935,0.672,0.65,0.658,0.805,0.624,0.805,0.628,0.237,0.055,0.108,0.624,0.527,0.407,0.617,0.672,0.359,0.61,0.45,0.275,0.279,0.107,0.744,0.21,0.333,0.193,0.728,0.972,0.944,0.625,0.419,0.214,0.713,0.681,0.529,0.494,0.138,0.254,0.614,0.933,0.725,0.443,0.836,0.258,0.531,0.324,0.094,0.3,0.365,0.054,0.083,0.138,0.652,0.533,0.05
272,0.933,0.722,0.03,0.964,0.076,0.353,0.721,0.674,0.667,0.947,0.914,0.429,0.575,0.676,0.511,0.361,0.05,0.703,0.203,0.973,0.809,0.907,0.347,0.429,0.522,0.603,0.679,0.34,0.921,0.691,0.034,0.694,0.514,0.334,0.099,0.278,0.852,0.568,0.359,0.951,0.118,0.481,0.93,0.359,0.568,0.04,0.492,0.873,0.009,0.795,0.98,0.32,0.259,0.849,0.499,0.76,0.703,0.831,0.605,0.307,0.539,0.31,0.148,0.791
274,0.283,0.039,0.912,0.527,0.877,0.913,0.759,0.3,0.322,0.263,0.92,0.644,0.824,0.086,0.731,0.499,0.136,0.778,0.368,0.637,0.889,0.24,0.372,0.783,0.913,0.71,0.629,0.479,0.918,0.612,0.713,0.643,0.616,0.64,0.151,0.989,0.27,0.185,0.365,0.461,0.862,0.072,0.694,0.617,0.013,0.73,0.143,0.0,0.586,0.047,0.791,0.953,0.905,0.958,0.11,0.255,0.298,0.86,0.693,0.367,0.049,0.257,0.605,0.359
276,0.111,0.771,0.368,0.393,0.497,0.941,0.744,0.928,0.086,0.597,0.305,0.042,0.853,0.737,0.715,0.183,0.085,0.499,0.288,0.056,0.981,0.145,0.574,0.851,0.287,0.865,0.02,0.608,0.494,0.608,0.84,0.998,0.055,0.222,0.402,0.885,0.403,0.893,0.037,0.405,0.436,0.664,0.051,0.495,0.619,0.678,0.277,0.14,0.578,0.382,0.48,0.651,0.19,0.81,0.706,0.784,0.751,0.471,0.175,0.8,0.713,0.007,0.208,0.83
278,0.353,0.333,0.914,0.561,0.526,0.666,0.101,0.575,0.599,0.906,0.724,0.657,0.123,0.252,0.378,0.103,0.406,0.473,0.273,0.447,0.997,0.319,0.71,0.058,0.972,0.244,0.321,0.963,0.723,0.167,0.662,0.41,0.145,0.304,0.202,0.425,0.382,0.612,0.764,0.556,0.157,0.191,0.307,0.349,0.875,0.136,0.414,0.16,0.601,0.552,0.595,0.359,0.172,0.736,0.703,0.365,0.776,0.395,0.837,0.023,0.143,0.455,0.535,0.314
280,0.48,0.112,0.898,0.937,0.578,0.356,0.55,0.591,0.443,0.271,0.553,0.291,0.178,0.148,0.411,0.493,0.246,0.107,0.049,0.853,0.877,0.986,0.705,0.934,0.328,0.979,0.736,0.346,0.439,0.611,0.561,0.81,0.061,0.552,0.188,0.648,0.017,0.61,0.286,0.98,0.91,0.564,0.03,0.249,0.137,0.233,0.004,0.033,0.541,0.144,0.264,0.565,0.736,0.047,0.177,0.135,0.375,0.074,0.619,0.611,0.755,0.965,0.747,0.87
282,0.728,0.962,0.328,0.105,0.412,0.851,0.279,0.502,0.683,0.238,0.368,0.854,0.383,0.547,0.487,0.006,0.239,0.003,0.824,0.835,0.534,0.495,0.266,0.881,0.455,0.607,0.881,0.086,0.192,0.99,0.83,0.351,0.549,0.214,0.351,0.158,0.152,0.505,0.342,0.208,0.991,0.242,0.106,0.892,0.389,0.593,0.1,0.001,0.114,0.233,0.903,0.609,0.473,0.53,0.769,0.872,0.937,0.324,0.497,0.706,0.009,0.992,0.417,0.745
284,0.727,0.622,0.228,0.038,0.921,0.339,0.032,0.527,0.691,0.006,0.523,0.436,0.516,0.738,0.247,0.053,0.122,0.954,0.984,0.862,0.811,0.337,0.014,0.346,0.85,0.778,0.482,0.965,0.279,0.314,0.988,0.854,0.325,0.185,0.688,0.167,0.369,0.819,0.426,0.11,0.269,0.241,0.493,0.768,0.585,0.658,0.839,0.319,0.823,0.865,0.551,0.654,0.413,0.577,0.9,0.28,0.63,0.862,0.817,0.766,0.922,0.684,0.132,0.915
286,0.017,0.957,0.647,0.109,0.984,0.203,0.253,0.079,0.227,0.64,0.521,0.615,0.363,0.157,0.34,0.129,0.979,0.532,0.413,0.03,0.963,0.078,0.047,0.624,0.901,0.715,0.739,0.284,0.051,0.175,0.385,0.504,0.072,0.901,0.641,0.6,0.742,0.579,0.094,0.634,0.297,0.366,0.925,0.249,0.728,0.122,0.182,0.182,0.429,0.248,0.442,0.487,0.201,0.263,0.548,0.225,0.216,0.51,0.321,0.527,0.393,0.072,0.309,0.497
288,0.742,0.963,0.979,0.602,0.49,0.987,0.365,0.356,0.799,0.787,0.645,0.904,0.839,0.656,0.999,0.821,0.646,0.234,0.304,0.961,0.172,0.44,0.119,0.281,0.37,0.986,0.277,0.634,0.097,0.134,0.282,0.046,0.342,0.584,0.203,0.628,0.887,0.89,0.877,0.212,0.823,0.731,0.254,0.142,0.287,0.231,0.151,0.884,0.02,0.807,0.411,0.152,0.587,0.622,0.872,0.118,0.424,0.857,0.919,0.063,0.974,0.878,0.673,0.452
290,0.247,0.761,0.514,0.468,0.27,0.638,0.516,0.996,0.817,0.768,0.374,0.735,0.592,0.773,0.848,0.661,0.22,0.451,0.676,0.78,0.852,0.762,0.688,0.162,0.482,0.088,0.621,0.579,0.629,0.633,0.347,0.195,0.124,0.963,0.993,0.368,0.066,0.571,0.008,0.981,0.142,0.959,0.764,0.549,0.326,0.886,0.803,0.569,0.25,0.67,0.566,0.115,0.458,0.179,0.802,0.101,0.835,0.593,0.547,0.959,0.033,0.331,0.284,0.865
292,0.614,0.391,0.902,0.983,0.642,0.944,0.671,0.531,0.823,0.586,0.424,0.97,0.755,0.323,0.522,0.225,0.331,0.554,0.863,0.02,0.762,0.337,0.425,0.384,0.941,0.015,0.547,0.593,0.583,0.272,0.178,0.989,0.698,0.746,0.16,0.019,0.276,0.065,0.292,0.352,0.056,0.99,0.042,0.003,0.41,0.836,0.778,0.542,0.065,0.227,0.103,0.174,0.938,0.529,0.485,0.43,0.041,0.198,0.923,0.998,0.709,0.213,0.363,0.93
294,0.197,0.459,0.439,0.74,0.743,0.25,0.133,0.929,0.04,0.33,0.92,0.58,0.37,0.485,0.025,0.453,0.14,0.331,0.889,0.598,0.827,0.456,0.24,0.967,0.276,0.75,0.139,0.843,0.106,0.41,0.82,0.911,0.156,0.806,0.607,0.083,0.347,0.093,0.936,0.775,0.041,0.767,0.826,0.521,0.026,0.217,0.884,0.896,0.871,0.972,0.963,0.254,0.343,0.105,0.317,0.853,0.801,0.719,0.909,0.478,0.725,0.279,0.631,0.807
296,0.284,0.309,0.4,0.081,0.077,0.828,0.497,0.8,0.064,0.254,0.14,0.567,0.57,0.096,0.067,0.061,0.084,0.302,0.186,0.105,0.563,0.724,0.146,0.119,0.132,0.41,0.177,0.462,0.289,0.805,0.487,0.113,0.4,0.023,0.997,0.935,0.496,0.947,0.985,0.64,0.469,0.035,0.859,0.284,0.254,0.401,0.329,0.419,0.977,0.055,0.912,0.066,0.842,0.167,0.025,0.487,0.181,0.915,0.456,0.322,0.228,0.542,0.946,0.482
298,0.999,0.132,0.163,0.033,0.695,0.073,0.506,0.917,0.33,0.48,0.3,0.318,0.839,0.352,0.694,0.905,0.577,0.25,0.881,0.278,0.641,0.173,0.552,0.586,0.363,0.373,0.897,0.195,0.352,0.859,0.093,0.073,0.583,0.346,0.463,0.107,0.109,0.113,0.239,0.42,0.031,0.55,0.508,0.843,0.03,0.931,0.986,0.661,0.625,0.764,0.496,0.684,0.369,0.126,0.897,0.736,0.155,0.099,0.597,0.674,0.169,0.043,0.142,0.198
300,0.071,0.43,0.715,0.158,0.28,0.108,0.239,0.093,0.931,0.656,0.901,0.32,0.266,0.533,0.8,0.086,0.274,0.77,0.15,0.179,0.187,0.409,0.372,0.095,0.48,0.699,0.39,0.202,0.31,0.146,0.371,0.143,0.39,0.235,0.913,0.619,0.487,0.419,0.277,0.902,0.125,0.123,0.761,0.228,0.162,0.478,0.033,0.83,0.81,0.287,0.6,0.507,0.213,0.587,0.496,0.447,0.742,0.827,0.667,0.4,0.284,0.545,0.403,0.626
302,0.845,0.735,0.824,0.02,0.907,0.182,0.615,0.787,0.74,0.73,0.818,0.08,0.785,0.597,0.508,0.329,0.162,0.053,0.994,0.904,0.623,0.75,0.649,0.752,0.121,0.093,0.756,0.966,0.0,0.61,0.808,0.712,0.81,0.034,0.118,0.048,0.453,0.718,0.747,0.961,0.787,0.281,0.888,0.056,0.842,0.438,0.678,0.358,0.421,0.327,0.17,0.718,0.077,0.81,0.408,0.313,0.109,0.546,0.567,0.637,0.471,0.71,0.177,0.863
304,0.076,0.038,0.606,0.766,0.427,0.325,0.996,0.649,0.201,0.357,0.63,0.117,0.91,0.97,0.717,0.437,0.532,0.633,0.735,0.145,0.563,0.156,0.479,0.49,0.571,0.257,0.885,0.22,0.905,0.891,0.749,0.472,0.571,0.951,0.163,0.874,0.272,0.965,0.637,0.192,0.331,0.419,0.687,0.443,0.419,0.901,0.378,0.674,0.98,0.249,0.314,0.244,0.318,0.282,0.239,0.083,0.466,0.833,0.446,0.455,0.062,0.208,0.69,0.038
306,0.149,0.212,0.805,0.282,0.896,0.236,0.519,0.569,0.549,0.683,0.466,0.882,0.827,0.013,0.942,0.565,0.944,0.804,0.9,0.61,0.74,0.631,0.179,0.181,0.376,0.362,0.823,0.781,0.772,0.488,0.364,0.338,0.304,0.561,0.544,0.043,0.621,0.505,0.401,0.215,0.192,0.518,0.975,0.144,0.666,0.343,0.801,0.134,0.813,0.798,0.809,0.731,0.427,0.642,0.38,0.543,0.395,0.081,0.296,0.009,0.501,0.816,0.025,0.923
308,0.2,0.624,0.843,0.746,0.684,0.166,0.172,0.857,0.262,0.019,0.242,0.614,0.631,0.089,0.674,0.605,0.412,0.521,0.997,0.469,0.554,0.598,0.572,0.738,0.4,0.378,0.697,0.076,0.693,0.595,0.839,0.433,0.254,0.352,0.967,0.041,0.482,0.08,0.479,0.224,0.319,0.109,0.234,0.422,0.516,0.264,0.833,0.372,0.388,0.366,0.104,0.607,0.953,0.667,0.714,0.507,0.574,0.595,0.908,0.108,0.397,0.895,0.304,0.581
310,0.091,0.009,0.097,0.743,0.262,0.199,0.464,0.617,0.652,0.541,0.173,0.6,0.326,0.96,0.286,0.638,0.451,0.906,0.044,0.836,0.007,0.701,0.244,0.002,0.349,0.329,0.585,0.936,0.58,0.46,0.558,0.033,0.784,0.085,0.061,0.458,0.978,0.922,0.597,0.935,0.824,0.086,0.908,0.026,0.875,0.953,0.879,0.852,0.578,0.319,0.508,0.314,0.743,0.226,0.371,0.169,0.992,0.46,0.412,0.064,0.063,0.615,0.67,0.016
312,0.245,0.364,0.412,0.422,0.94,0.807,0.358,0.993,0.035,0.878,0.412,0.243,0.298,0.184,0.681,0.2,0.018,0.324,0.671,0.691,0.879,0.568,0.582,0.337,0.793,0.026,0.021,0.563,0.63,0.058,0.221,0.741,0.59,0.637,0.769,0.948,0.519,0.772,0.332,0.989,0.085,0.008,0.413,0.19,0.501,0.418,0.121,0.495,0.67,0.579,0.572,0.931,0.427,0.621,0.792,0.261,0.177,0.045,0.112,0.769,0.378,0.441,0.084,0.651
314,0.976,0.549,0.797,0.252,0.018,0.124,0.173,0.981,0.141,0.736,0.37,0.55,0.624,0.204,0.031,0.629,0.601,0.526,0.133,0.53,0.814,0.932,0.097,0.168,0.694,0.685,0.259,0.732,0.654,0.665,0.879,0.306,0.82,0.535,0.827,0.983,0.869,0.477,0.447,0.358,0.844,0.648,0.323,0.291,0.698,0.521,0.39,0.715,0.384,0.012,0.901,0.447,0.231,0.913,0.996,0.27,0.129,0.327,0.487,0.906,0.774,0.93,0.204,0.812
316,0.195,0.154,0.036,0.314,0.549,0.048,0.924,0.331,0.401,0.014,0.197,0.723,0.051,0.61,0.641,0.289,0.746,0.237,0.408,0.684,0.831,0.658,0.283,0.015,0.857,0.884,0.125,0.98,0.991,0.074,0.856,0.782,0.855,0.605,0.238,0.785,0.19,0.913,0.591,0.497,0.268,0.487,0.479,0.105,0.332,0.773,0.692,0.779,0.897,0.245,0.917,0.305,0.454,0.238,0.506,0.62,0.792,0.03,0.467,0.908,0.772,0.265,0.322,0.258
318,0.443,0.666,0.674,0.54,0.249,0.401,0.153,0.368,0.484,0.365,0.749,0.303,0.263,0.233,0.991,0.643,0.717,0.212,0.936,0.632,0.759,0.269,0.111,0.677,0.162,0.671,0.653,0.651,0.618,0.6,0.558,0.125,0.364,0.0,0.279,0.685,0.16,0.891,0.594,0.916,0.138,0.941,0.651,0.622,0.468,0.811,0.364,0.519,0.021,0.96,0.841,0.545,0.707,0.377,0.083,0.027,0.215,0.266,0.456,0.344,0.837,0.64,0.746,0.551
320,0.606,0.431,0.343,0.164,0.895,0.408,0.766,0.026,0.672,0.388,0.911,0.059,0.187,0.797,0.606,0.789,0.43,0.679,0.321,0.529,0.52,0.531,0.712,0.763,0.593,0.162,0.587,0.781,0.754,0.77,0.416,0.067,0.584,0.49,0.994,0.053,0.525,0.753,0.925,0.27,0.818,0.082,0.609,0.985,0.621,0.414,0.591,0.042,0.167,0.405,0.595,0.299,0.239,0.172,0.057,0.219,0.686,0.34,0.801,0.337,0.152,0.732,0.03,0.647
322,0.93,0.701,0.411,0.504,0.403,0.464,0.821,0.392,0.283,0.178,0.732,0.103,0.389,0.8,0.861,0.466,0.457,0.042,0.557,0.33,0.476,0.526,0.167,0.264,0.706,0.941,0.325,0.941,0.438,0.986,0.838,0.723,0.384,0.053,0.302,0.851,0.156,0.305,0.468,0.123,0.814,0.563,0.619,0.81,0.811,0.048,0.854,0.792,0.483,0.397,0.086,0.737,0.437,0.408,0.41,0.3,0.945,0.521,0.138,0.002,0.919,0.264,0.907,0.146
324,0.588,0.838,0.475,0.435,0.678,0.902,0.738,0.494,0.598,0.629,0.184,0.826,0.15,0.087,0.528,0.414,0.167,0.843,0.702,0.247,0.458,0.695,0.228,0.278,0.202,0.752,0.731,0.594,0.007,0.189,0.559,0.119,0.541,0.158,0.489,0.749,0.932,0.084,0.055,0.438,0.201,0.391,0.909,0.663,0.257,0.831,0.152,0.114,0.619,0.399,0.701,0.483,0.49,0.097,0.931,0.739,0.098,0.618,0.954,0.118,0.749,0.885,0.215,0.187
326,0.952,0.736,0.497,0.679,0.222,0.494,0.868,0.436,0.871,0.978,0.071,0.938,0.171,0.313,0.779,0.459,0.968,0.628,0.898,0.592,0.601,0.183,0.351,0.798,0.745,0.031,0.962,0.758,0.878,0.8,0.159,0.08,0.532,0.6,0.87,0.34,0.97,0.598,0.178,0.422,0.943,0.141,0.139,0.15,0.306,0.446,0.266,0.508,0.988,0.143,0.054,0.46,0.33,0.62,0.026,0.688,0.671,0.89,0.367,0.245,0.521,0.552,0.913,0.066
328,0.581,0.152,0.5,0.758,0.145,0.564,0.476,0.292,0.402,0.52,0.804,0.769,0.784,0.568,0.222,0.578,0.801,0.403,0.759,0.082,0.986,0.437,0.941,0.125,0.789,0.871,0.378,0.922,0.292,0.266,0.789,0.838,0.237,0.227,0.926,0.196,0.292,0.471,0.074,0.67,0.656,0.799,0.859,0.936,0.684,0.657,0.185,0.77,0.745,0.082,0.259,0.773,0.088,0.212,0.013,0.011,0.454,0.442,0.005,0.724,0.801,0.231,0.654,0.568
330,0.046,0.969,0.562,0.817,0.89,0.893,0.01,0.308,0.548,0.596,0.878,0.788,0.438,0.136,0.514,0.474,0.736,0.735,0.084,0.633,0.737,0.705,0.98,0.402,0.577,0.242,0.946,0.999,0.059,0.668,0.334,0.301,0.284,0.303,0.53,0.498,0.712,0.257,0.442,0.309,0.748,0.071,0.453,0.272,0.426,0.81,0.022,0.588,0.169,0.294,0.058,0.019,0.823,0.796,0.218,0.674,0.886,0.917,0.424,0.248,0.193,0.983,0.8,0.929
332,0.709,0.931,0.065,0.898,0.72,0.187,0.5,0.26,0.024,0.812,0.964,0.771,0.411,0.831,0.443,0.727,0.106,0.933,0.259,0.739,0.847,0.766,0.56,0.683,0.736,0.398,0.247,0.641,0.653,0.161,0.965,0.269,0.091,0.687,0.596,0.834,0.468,0.686,0.984,0.262,0.069,0.326,0.646,0.502,0.172,0.426,0.407,0.671,0.855,0.973,0.828,0.674,0.531,0.979,0.094,0.452,0.913,0.151,0.204,0.171,0.811,0.503,0.347,0.974
334,0.248,0.236,0.762,0.508,0.103,0.272,0.112,0.682,0.222,0.509,0.055,0.428,0.729,0.76,0.394,0.894,0.388,0.91,0.935,0.034,0.612,0.658,0.506,0.602,0.278,0.613,0.778,0.078,0.411,0.155,0.633,0.074,0.122,0.789,0.838,0.422,0.194,0.265,0.03,0.908,0.851,0.506,0.776,0.839,0.036,0.097,0.798,0.086,0.402,0.714,0.692,0.639,0.153,0.511,0.987,0.572,0.212,0.08,0.303,0.501,0.279,0.653,0.521,0.753
336,0.67,0.104,0.611,0.244,0.472,0.015,0.154,0.582,0.076,0.046,0.285,0.347,0.82,0.5,0.392,0.581,0.685,0.416,0.399,0.833,0.67,0.132,0.543,0.356,0.621,0.184,0.817,0.26,0.465,0.896,0.892,0.8,0.219,0.986,0.899,0.218,0.775,0.218,0.032,0.031,0.584,0.068,0.013,0.149,0.343,0.2,0.968,0.226,0.95,0.348,0.817,0.374,0.043,0.884,0.004,0.925,0.438,0.387,0.367,0.563,0.243,0.16,0.398,0.718
338,0.722,0.447,0.672,0.645,0.238,0.222,0.497,0.245,0.288,0.435,0.759,0.16,0.836,0.673,0.702,0.02,0.976,0.723,0.58,0.305,0.352,0.498,0.173,0.423,0.233,0.097,0.803,0.955,0.561,0.802,0.627,0.7,0.027,0.898,0.288,0.557,0.01,0.911,0.351,0.845,0.234,0.249,0.518,0.04,0.784,0.037,0.149,0.813,0.641,0.1,0.976,0.027,0.786,0.127,0.59,0.728,0.343,0.47,0.521,0.286,0.342,0.548,0.825,0.198
340,0.477,0.893,0.929,0.629,0.832,0.713,0.403,0.707,0.944,0.103,0.709,0.951,0.187,0.893,0.273,0.629,0.183,0.582,0.392,0.47,0.272,0.312,0.874,0.015,0.901,0.521,0.099,0.084,0.432,0.812,0.228,0.234,0.101,0.619,0.353,0.67,0.859,0.633,0.403,0.306,0.453,0.967,0.476,0.495,0.254,0.821,0.454,0.058,0.026,0.287,0.321,1.0,0.557,0.934,0.421,0.775,0.222,0.455,0.917,0.227,0.667,0.362,0.474,0.635
342,0.688,0.227,0.78,0.123,0.603,0.814,0.42,0.474,0.192,0.743,0.631,0.514,0.892,0.967,0.287,0.538,0.15,0.492,0.753,0.845,0.381,0.443,0.039,0.482,0.113,0.236,0.19,0.261,0.066,0.428,0.547,0.139,0.213,0.328,0.74,0.138,0.175,0.029,0.256,0.722,0.723,0.914,0.925,0.954,0.241,0.542,0.765,0.278,0.973,0.116,0.677,0.667,0.494,0.27,0.276,0.155,0.926,0.118,0.142,0.599,0.99,0.028,0.73,0.357
344,0.61,0.122,0.04,0.341,0.448,0.542,0.776,0.96,0.801,0.198,0.675,0.82,0.226,0.566,0.521,0.959,0.051,0.836,0.777,0.082,0.405,0.52,0.871,0.651,0.525,0.017,0.019,0.371,0.438,0.165,0.087,0.562,0.547,0.258,0.4,0.49,0.71,0.22,0.896,0.447,0.4,0.385,0.592,0.447,0.346,0.384,0.207,0.672,0.98,0.191,0.823,0.645,0.637,0.295,0.145,0.197,0.563,0.257,0.43,0.814,0.773,0.605,0.475,0.557
346,0.602,0.211,0.616,0.834,0.04,0.53,0.882,0.959,0.593,0.614,0.123,0.971,0.248,0.003,0.132,0.35,0.744,0.441,0.485,0.157,0.661,0.831,0.69,0.454,0.772,0.681,0.053,0.792,0.526,0.307,0.722,0.096,0.528,0.854,0.768,0.541,0.78,0.059,0.458,0.014,0.875,0.629,0.075,0.267,0.216,0.061,0.788,0.874,0.125,0.478,0.869,0.463,0.015,0.597,0.799,0.818,0.646,0.299,0.047,0.488,0.449,0.621,0.846,0.217
348,0.354,0.769,0.594,0.076,0.534,0.682,0.177,0.913,0.62,0.421,0.635,0.863,0.827,0.429,0.312,0.485,0.278,0.478,0.298,0.436,0.142,0.215,0.112,0.034,0.528,0.478,0.289,0.526,0.223,0.496,0.359,0.478,0.808,0.318,0.25,0.622,0.12,0.578,0.518,0.027,0.11,0.709,0.113,0.291,0.6,0.428,0.026,0.706,0.95,0.449,0.973,0.836,0.234,0.176,0.57,0.618,0.279,0.446,0.458,0.885,0.227,0.854,0.495,0.564
350,0.997,0.695,0.417,0.535,0.959,0.56,0.857,0.037,0.436,0.829,0.156,0.109,0.77,0.545,0.173,0.41,0.756,0.279,0.039,0.96,0.546,0.239,0.975,0.077,0.991,0.34,0.065,0.966,0.822,0.765,0.461,0.015,0.223,0.249,0.393,0.862,0.867,0.218,0.87,0.045,0.839,0.17,0.022,0.159,0.939,0.505,0.811,0.819,0.647,0.353,0.181,0.067,0.292,0.745,0.567,0.674,0.57,0.803,0.294,0.644,0.046,0.079,0.212,0.977
352,0.418,0.111,0.559,0.936,0.487,0.363,0.655,0.343,0.61,0.71,0.93,0.527,0.635,0.183,0.569,0.006,0.829,0.611,0.907,0.181,0.039,0.786,0.733,0.655,0.47,0.641,0.07,0.133,0.048,0.504,0.77,0.152,0.46,0.739,0.237,0.234,0.786,0.838,0.64,0.093,0.858,0.528,0.22,0.307,0.104,0.862,0.462,0.705,0.71,0.169,0.451,0.813,0.876,0.264,0.65,0.316,0.218,0.987,0.082,0.704,0.081,0.692,0.779,0.836
354,0.398,0.774,0.266,0.574,0.465,0.041,0.827,0.512,0.901,0.462,0.869,0.468,0.2,0.747,0.698,0.815,0.727,0.102,0.803,0.306,0.189,0.991,0.975,0.393,0.05,0.889,0.619,0.684,0.129,0.169,0.051,0.873,0.364,0.474,0.855,0.885,0.042,0.078,0.806,0.226,0.62,0.013,0.969,0.852,0.111,0.763,0.276,0.301,0.77,0.957,0.801,0.39,0.65,0.289,0.324,0.335,0.382,0.883,0.373,0.775,0.832,0.735,0.92,0.212
356,0.787,0.557,0.826,0.7,0.45,0.164,0.448,0.395,0.621,0.829,0.662,0.542,0.866,0.891,0.866,0.117,0.667,0.379,0.288,0.178,0.015,0.974,0.849,0.552,0.814,0.562,0.44,0.301,0.962,0.228,0.4,0.912,0.409,0.788,0.186,0.796,0.879,0.773,0.283,0.613,0.848,0.419,0.289,0.92,0.738,0.348,0.539,0.25,0.006,0.889,0.697,0.191,0.803,0.382,0.44,0.115,0.995,0.77,0.685,0.304,0.296,0.624,0.409,0.987
358,0.734,0.691,0.932,0.504,0.837,0.324,0.806,0.722,0.296,0.823,0.524,0.067,0.649,0.755,0.612,0.138,0.637,0.617,0.405,0.975,0.965,0.949,0.828,0.85,0.008,0.451,0.963,0.829,0.961,0.443,0.793,0.71,0.858,0.116,0.256,0.406,0.649,0.585,0.246,0.472,0.709,0.68,0.48,0.845,0.24,0.717,0.596,0.675,0.96,0.114,0.98,0.993,0.399,0.141,0.232,0.04,0.39,0.923,0.434,0.354,0.468,0.754,0.806,0.378
360,0.996,0.071,0.697,0.224,0.325,0.246,0.901,0.966,0.023,0.96,0.509,0.413,0.96,0.64,0.315,0.099,0.136,0.334,0.488,0.097,0.212,0.203,0.625,0.344,0.647,0.383,0.033,0.029,0.005,0.674,0.438,0.411,0.677,0.259,0.412,0.762,0.845,0.838,0.002,0.295,0.682,0.028,0.983,0.959,0.352,0.75,0.842,0.072,0.724,0.461,0.392,0.604,0.394,0.047,0.345,0.695,0.786,0.507,0.403,0.318,0.006,0.906,0.927,0.42
362,0.926,0.137,0.262,0.858,0.336,0.188,0.743,0.503,0.207,0.5,0.388,0.91,0.894,0.275,0.455,0.928,0.179,0.928,0.896,0.111,0.251,0.656,0.295,0.505,0.453,0.6,0.209,0.843,0.906,0.224,0.089,0.796,0.353,0.306,0.056,0.725,0.943,0.239,0.511,0.862,0.309,0.224,0.025,0.634,0.927,0.101,0.36,0.629,0.501,0.625,0.25,0.542,0.374,0.213,0.115,0.664,0.733,0.045,0.327,0.259,0.991,0.027,0.532,0.286
364,0.959,0.717,0.265,0.89,0.785,0.086,0.61,0.081,0.999,0.935,0.426,0.692,0.059,0.97,0.859,0.085,0.759,0.383,0.108,0.674,0.145,0.167,0.802,0.049,0.448,0.434,0.977,0.988,0.425,0.373,0.282,0.85,0.88,0.616,0.228,0.824,0.848,0.9,0.083,0.51,0.297,0.977,0.66,0.538,0.607,0.063,0.875,0.754,0.084,0.597,0.108,0.327,0.254,0.955,0.882,0.821,0.486,0.811,0.147,0.345,0.357,0.787,0.813,0.501
366,0.203,0.224,0.654,0.498,0.26,0.267,0.775,0.756,0.898,0.866,0.572,0.106,0.281,0.258,0.136,0.402,0.702,0.557,0.629,0.958,0.516,0.26,0.618,0.888,0.143,0.989,0.294,0.91,0.141,0.765,0.266,0.875,0.495,0.125,0.03,0.937,0.073,0.135,0.306,0.99,0.887,0.565,0.159,0.816,0.244,0.254,0.735,0.921,0.192,0.814,0.216,0.262,0.502,0.15,0.5,0.45,0.594,0.789,0.176,0.475,0.153,0.585,0.902,0.342
368,0.319,0.181,0.112,0.198,0.482,0.708,0.105,0.391,0.105,0.696,0.125,0.128,0.985,0.985,0.777,0.208,0.343,0.149,0.789,0.16,0.178,0.169,0.866,0.521,0.999,0.776,0.442,0.9,0.807,0.786,0.921,0.373,0.48,0.531,0.405,0.153,0.415,0.593,0.208,0.562,0.737,0.671,0.736,0.641,0.557,0.171,0.693,0.245,0.524,0.91,0.476,0.486,0.407,0.157,0.287,0.54,0.655,0.704,0.331,0.882,0.853,0.878,0.14,0.583
370,0.672,0.64,0.025,0.657,0.399,0.341,0.125,0.0,0.161,0.867,0.569,0.237,0.798,0.642,0.393,0.928,0.02,0.405,0.932,0.303,0.702,0.092,0.201,0.302,0.073,0.417,0.535,0.476,0.316,0.109,0.707,0.56,0.463,0.279,0.419,0.648,0.766,0.086,0.737,0.687,0.505,0.155,0.147,0.075,0.633,0.714,0.912,0.983,0.077,0.538,0.859,0.109,0.495,0.962,0.136,0.309,0.605,0.987,0.367,0.982,0.004,0.402,0.757,0.072
372,0.506,0.908,0.64,0.223,0.2,0.537,0.488,0.16,0.618,0.073,0.757,0.14,0.857,0.876,0.186,0.154,0.006,0.269,0.757,0.301,0.068,0.586,0.29,0.582,0.703,0.413,0.154,0.428,0.459,0.149,0.346,0.907,0.611,0.421,0.504,0.424,0.382,0.277,0.552,0.105,0.943,0.587,0.89,0.625,0.865,0.931,0.646,0.956,0.451,0.814,0.64,0.671,0.294,0.319,0.007,0.566,0.545,0.017,0.86,0.453,0.909,0.954,0.002,0.182
374,0.331,0.535,0.188,0.057,0.212,0.719,0.749,0.154,0.0,0.533,0.249,0.832,0.334,0.802,0.995,0.42,0.098,0.807,0.091,0.792,0.771,0.097,0.591,0.99,0.971,0.042,0.356,0.307,0.593,0.267,0.683,0.737,0.587,0.036,0.691,0.481,0.119,0.321,0.434,0.391,0.04,0.804,0.338,0.748,0.006,0.431,0.241,0.792,0.538,0.844,0.957,0.358,0.659,0.334,0.946,0.966,0.779,0.753,0.438,0.72,0.743,0.11,0.92,0.996
376,0.979,0.755,0.481,0.352,0.134,0.091,0.344,0.657,0.579,0.291,0.676,0.994,0.95,0.551,0.854,0.805,0.408,0.549,0.179,0.85,0.665,0.543,0.462,0.426,0.866,0.516,0.129,0.079,0.817,0.846,0.304,0.936,0.892,0.03,0.338,0.965,0.86,0.041,0.595,0.073,0.987,0.36,0.513,0.286,0.216,0.539,0.868,0.798,0.64,0.542,0.61,0.388,0.776,0.399,0.952,0.463,0.626,0.565,0.265,0.615,0.39,0.171,0.338,0.581
378,0.694,0.632,0.287,0.712,0.777,0.92,0.945,0.673,0.904,0.269,0.827,0.511,0.822,0.216,0.508,0.149,0.279,0.329,0.287,0.327,0.854,0.211,0.888,0.521,0.757,0.764,0.871,0.075,0.583,0.843,0.762,0.138,0.438,0.361,0.408,0.053,0.144,0.445,0.2,0.747,0.212,0.955,0.361,0.922,0.063,0.66,0.637,0.729,0.37,0.048,0.382,0.201,0.631,0.748,0.261,0.684,0.17,0.901,0.581,0.632,0.177,0.278,0.404,0.262
380,0.173,0.482,0.783,0.095,0.135,0.308,0.573,0.085,0.901,0.903,0.881,0.482,0.025,0.506,0.142,0.798,0.685,0.729,0.066,0.585,0.422,0.488,0.998,0.748,0.948,0.947,0.38,0.465,0.165,0.57,0.109,0.006,0.826,0.73,0.877,0.646,0.908,0.53,0.226,0.45,0.109,0.28,0.7,0.108,0.085,0.37,0.205,0.661,0.225,0.632,0.583,0.348,0.753,0.005,0.865,0.555,0.116,0.345,0.709,0.791,0.752,0.218,0.572,0.17
382,0.784,0.982,0.963,0.417,0.616,0.165,0.455,0.677,0.116,0.052,0.075,0.394,0.044,0.313,0.763,0.977,0.949,0.456,0.169,0.496,0.484,0.71,0.629,0.666,0.042,0.332,0.831,0.855,0.627,0.375,0.21,0.925,0.056,0.894,0.665,0.64,0.952,0.446,0.023,0.194,0.171,0.611,0.762,0.894,0.345,0.149,0.266,0.913,0.164,0.319,0.791,0.692,0.363,0.471,0.549,0.388,0.568,0.963,0.742,0.076,0.92,0.396,0.346,0.662
384,0.994,0.917,0.795,0.334,0.226,0.446,0.892,0.267,0.492,0.505,0.293,0.548,0.694,0.748,0.208,0.714,0.575,0.249,0.902,0.395,0.657,0.711,0.374,0.355,0.983,0.563,0.177,0.691,0.623,0.337,0.321,0.073,0.617,0.352,0.578,0.041,0.248,0.587,0.951,0.59,0.12,0.438,0.095,0.396,0.048,0.951,0.045,0.384,0.757,0.603,0.504,0.529,0.578,0.287,0.042,0.707,0.735,0.516,0.011,0.921,0.25,0.835,0.145,0.721
386,0.73,0.792,0.727,0.184,0.056,0.556,0.76,0.26,0.073,0.071,0.558,0.632,0.488,0.159,0.903,0.658,0.085,0.45,0.283,0.558,0.379,0.635,0.041,0.451,0.919,0.375,0.39,0.059,0.541,0.475,0.737,0.171,0.01,0.179,0.071,0.307,0.862,0.44,0.069,0.766,0.005,0.891,0.895,0.922,0.823,0.681,0.795,0.528,0.513,0.686,0.236,0.079,0.212,0.611,0.968,0.621,0.339,0.368,0.417,0.062,0.64,0.678,0.472,0.412
388,0.611,0.144,0.794,0.042,0.734,0.979,0.694,0.802,0.006,0.319,0.841,0.612,0.629,0.848,0.838,0.284,0.651,0.643,0.467,0.478,0.759,0.289,0.454,0.232,0.731,0.149,0.973,0.92,0.301,0.213,0.49,0.437,0.289,0.299,0.144,0.489,0.379,0.765,0.663,0.589,0.192,0.216,0.371,0.028,0.036,0.935,0.789,0.685,0.138,0.933,0.155,0.023,0.161,0.257,0.22,0.365,0.873,0.624,0.014,0.163,0.569,0.678,0.203,0.093
390,0.605,0.298,0.318,0.821,0.166,0.985,0.931,0.967,0.392,0.17,0.729,0.23,0.776,0.638,0.08,0.853,0.043,0.041,0.243,0.519,0.675,0.091,0.111,0.787,0.147,0.63,0.426,0.488,0.834,0.074,0.664,0.195,0.572,0.587,0.179,0.926,0.086,0.318,0.226,0.871,0.108,0.088,0.757,0.522,0.914,0.658,0.646,0.122,0.826,0.82,0.717,0.062,0.774,0.856,0.119,0.92,0.236,0.6,0.133,0.876,0.357,0.425,0.533,0.19
392,0.029,0.648,0.527,0.693,0.318,0.448,0.16,0.991,0.295,0.548,0.741,0.549,0.771,0.154,0.762,0.349,0.144,0.53,0.161,0.9,0.894,0.796,0.773,0.942,0.818,0.284,0.209,0.473,0.446,0.124,0.866,0.288,0.961,0.697,0.67,0.025,0.239,0.67,0.397,0.782,0.836,0.141,0.647,0.938,0.654,0.667,0.596,0.797,0.04,0.044,0.645,0.643,0.806,0.97,0.955,0.951,0.032,0.835,0.71,0.02,0.921,0.36,0.562,0.82
394,0.242,0.531,0.197,0.655,0.647,0.042,0.472,0.727,0.613,0.471,0.288,0.775,0.611,0.432,0.698,0.871,0.268,0.315,0.823,0.762,0.196,0.873,0.619,0.766,0.574,0.799,0.555,0.909,0.386,0.644,0.15,0.249,0.081,0.735,0.815,0.455,0.766,0.741,0.967,0.089,0.526,0.522,0.895,0.419,0.53,0.68,0.995,0.076,0.287,0.726,0.286,0.907,0.357,0.134,0.156,0.149,0.157,0.9,0.784,0.084,0.386,0.428,0.348,0.027
396,0.851,0.811,0.497,0.075,0.515,0.663,0.223,0.441,0.659,0.089,0.343,0.656,0.121,0.586,0.475,0.2,0.216,0.716,0.192,0.928,0.062,0.781,0.661,0.24,0.89,0.968,0.818,0.925,0.224,0.499,0.795,0.491,0.419,0.271,0.91,0.455,0.917,0.944,0.371,0.599,0.79,0.722,0.585,0.95,0.698,0.532,0.691,0.087,0.359,0.277,0.214,0.133,0.052,0.488,0.003,0.338,0.916,0.873,0.735,0.388,0.827,0.566,0.78,0.99
398,0.13,0.625,0.725,0.314,0.224,0.516,0.007,0.365,0.39,0.691,0.661,0.058,0.791,0.883,0.372,0.914,0.063,0.172,0.741,0.887,0.182,0.977,0.996,0.218,0.87,0.38,0.337,0.798,0.437,0.433,0.932,0.164,0.342,0.109,0.402,0.02,0.638,0.177,0.443,0.524,0.163,0.929,0.519,0.462,0.179,0.081,0.407,0.932,0.851,0.124,0.603,0.071,0.384,0.761,0.539,0.631,0.111,0.294,0.052,0.093,0.404,0.749,0.541,0.011
