time,CP6,F7,CP2,FT8,P1,PO8,P9,P4,CPz,P6,FT7,AF8,Fp2,P2,CP5,Pz,O1,FC5,F8,P5,Oz,FC3,P3,PO7,F5,FC2,TP8,CP1,TP7,POz,CP3,T8,Fp1,FC1,F10,F1,C3,T7,C1,C2,C4,FC4,C6,C5,F2,F6,AF3,PO4,P10,P8,P7,PO3,Fz,AF7,FCz,CP4,F4,AF4,Cz,FC6,F9,F3,O2,AFz
-100,0.257,0.388,0.853,0.937,0.418,0.972,0.848,0.138,0.717,0.333,0.277,0.077,0.539,0.053,0.342,0.652,0.853,0.044,0.619,0.572,0.961,0.741,0.21,0.485,0.266,0.571,0.876,0.031,0.882,0.142,0.151,0.811,0.606,0.434,0.483,0.576,0.407,0.266,0.2,0.082,0.278,0.645,0.006,0.39,0.069,0.53,0.497,0.943,0.886,0.939,0.906,0.203,0.444,0.274,0.555,0.165,0.802,0.502,0.432,0.095,0.949,0.954,0.729,0.482
-98,0.513,0.404,0.099,0.563,0.243,0.616,0.294,0.295,0.694,0.421,0.879,0.17,0.976,0.598,0.028,0.982,0.329,0.493,0.863,0.065,0.476,0.801,0.722,0.821,0.948,0.703,0.525,0.828,0.656,0.176,0.043,0.381,0.617,0.003,0.767,0.608,0.101,0.651,0.964,0.776,0.438,0.09,0.793,0.807,0.291,0.399,0.8,0.862,0.97,0.359,0.416,0.194,0.081,0.765,0.567,0.433,0.763,0.619,0.873,0.003,0.714,0.238,0.037,0.636
-96,0.144,0.259,0.847,0.112,0.655,0.06,0.794,0.503,0.122,0.812,0.419,0.264,0.891,0.302,0.647,0.373,0.513,0.191,0.419,0.036,0.485,0.619,0.974,0.491,0.355,0.575,0.171,0.767,0.037,0.917,0.95,0.629,0.474,0.69,0.723,0.748,0.513,0.301,0.122,0.515,0.607,0.33,0.175,0.652,0.392,0.647,0.513,0.855,0.662,0.543,0.408,0.033,0.267,0.394,0.86,0.671,0.123,0.261,0.594,0.11,0.64,0.065,0.104,0.554
-94,0.094,0.628,0.271,0.122,0.056,0.045,0.918,0.983,0.095,0.709,0.098,0.635,0.513,0.403,0.753,0.476,0.188,0.854,0.021,0.525,0.878,0.24,0.994,0.865,0.375,0.26,0.503,0.857,0.431,0.936,0.873,0.227,0.762,0.683,0.169,0.193,0.528,0.905,0.512,0.818,0.048,0.818,0.8,0.165,0.189,0.776,0.469,0.749,0.513,0.394,0.274,0.333,0.421,0.142,0.712,0.562,0.896,0.148,0.655,0.913,0.234,0.202,0.361,0.951
-92,0.481,0.877,0.569,0.077,0.496,0.397,0.708,0.9,0.12,0.066,0.188,0.772,0.01,0.302,0.026,0.803,0.188,0.109,0.669,0.058,0.717,0.164,0.219,0.906,0.399,0.582,0.396,0.159,0.735,0.679,0.961,0.159,0.468,0.475,0.188,0.697,0.243,0.161,0.757,0.626,0.989,0.269,0.332,0.561,0.763,0.759,0.287,0.511,0.238,0.763,0.273,0.959,0.453,0.375,0.423,0.61,0.122,0.114,0.28,0.403,0.97,0.328,0.255,0.666
-90,0.946,0.127,0.181,0.394,0.136,0.43,0.595,0.819,0.905,0.172,0.572,0.092,0.929,0.231,0.906,0.953,0.621,0.421,0.038,0.042,0.448,0.26,0.039,0.848,0.74,0.265,0.384,0.383,0.288,0.359,0.968,0.853,0.257,0.45,0.626,0.396,0.762,0.835,0.46,0.841,0.016,0.862,0.678,0.315,0.91,0.941,0.735,0.552,0.193,0.743,0.173,0.192,0.72,0.717,0.022,0.015,0.037,0.568,0.39,0.458,0.697,0.153,0.525,0.213
-88,0.906,0.495,0.971,0.837,0.979,0.231,0.195,0.584,0.323,0.334,0.5,0.311,0.31,0.35,0.475,0.523,0.377,0.492,0.107,0.403,0.218,0.214,0.721,0.95,0.118,0.507,0.401,0.324,0.881,0.043,0.68,0.415,0.662,0.631,0.714,0.321,0.462,0.067,0.561,0.302,0.69,0.919,0.784,0.542,0.354,0.265,0.327,0.39,0.046,0.792,0.73,0.863,0.515,0.26,0.183,0.012,0.932,0.173,0.759,0.575,0.191,0.715,0.065,0.883
-86,0.103,0.251,0.225,0.561,0.266,0.343,0.132,0.182,0.63,0.473,0.174,0.953,0.299,0.134,0.583,0.62,0.053,0.703,0.855,0.139,0.094,0.923,0.294,0.445,0.731,0.247,0.201,0.481,0.261,0.483,0.275,0.369,0.264,0.694,0.983,0.126,0.575,0.023,0.963,0.872,0.853,0.97,0.467,0.318,0.904,0.237,0.942,0.028,0.482,0.047,0.888,0.407,0.811,0.226,0.039,0.985,0.664,0.203,0.786,0.619,0.177,0.252,0.842,0.318
-84,0.169,0.549,0.13,0.388,0.786,0.833,0.846,0.884,0.779,0.467,0.458,0.829,0.495,0.451,0.841,0.13,0.618,0.3,0.464,0.058,0.188,0.888,0.52,0.688,0.039,0.272,0.398,0.669,0.918,0.569,0.156,0.477,0.854,0.221,0.974,0.371,0.334,0.323,0.525,0.08,0.008,0.603,0.185,0.056,0.72,0.389,0.507,0.084,0.315,0.003,0.132,0.781,0.425,0.22,0.528,0.566,0.847,0.315,0.228,0.802,0.297,0.959,0.956,0.226
-82,0.495,0.591,0.026,0.076,0.478,0.019,0.998,0.798,0.718,0.632,0.418,0.144,0.709,0.696,0.196,0.731,0.243,0.377,0.054,0.44,0.453,0.089,0.063,0.868,0.768,0.297,0.112,0.902,0.771,0.799,0.815,0.164,0.969,0.342,0.186,0.814,0.168,0.941,0.648,0.344,0.46,0.241,0.23,0.511,0.689,0.744,0.009,0.76,0.676,0.68,0.936,0.824,0.168,0.477,0.489,0.658,0.464,0.485,0.053,0.207,0.874,0.447,0.353,0.598
-80,0.556,0.273,0.555,0.205,0.263,0.091,0.93,0.7,0.233,0.329,0.41,0.387,0.578,0.79,0.087,0.27,0.67,0.442,0.649,0.175,0.353,0.51,0.094,0.145,0.066,0.222,0.186,0.341,0.266,0.484,0.275,0.383,0.635,0.519,0.951,0.497,0.288,0.832,0.666,0.624,0.592,0.013,0.896,0.403,0.221,0.195,0.375,0.474,0.73,0.91,0.885,0.605,0.28,0.42,0.82,0.297,0.72,0.974,0.458,0.79,0.258,0.73,0.248,0.866
-78,0.599,0.117,0.505,0.687,0.18,0.769,0.077,0.05,0.804,0.46,0.036,0.283,0.994,0.302,0.164,0.566,0.258,0.153,0.456,0.658,0.188,0.493,0.346,0.426,0.497,0.698,0.017,0.449,0.051,0.002,0.215,0.093,0.637,0.191,0.679,0.526,0.668,0.555,0.254,0.949,0.923,0.557,0.884,0.412,0.783,0.691,0.447,0.028,0.739,0.516,0.576,0.801,0.199,0.648,0.94,0.898,0.718,0.316,0.906,0.341,0.957,0.844,0.287,0.193
-76,0.123,0.797,0.639,0.812,0.117,0.58,0.024,0.814,0.1,0.307,0.739,0.835,0.307,0.689,0.931,0.646,0.899,0.923,0.03,0.948,0.693,0.387,0.864,0.09,0.503,0.01,0.715,0.164,0.341,0.906,0.799,0.969,0.45,0.214,0.705,0.368,0.309,0.679,0.017,0.358,0.295,0.571,0.413,0.804,0.796,0.688,0.081,0.692,0.839,0.218,0.671,0.37,0.984,0.54,0.508,0.03,0.763,0.919,0.533,0.42,0.198,0.684,0.401,0.785
-74,0.876,0.649,0.067,0.999,0.936,0.452,0.831,0.592,0.951,0.642,0.74,0.276,0.75,0.073,0.631,0.4,0.872,0.459,0.041,0.388,0.259,0.717,0.347,0.889,0.077,0.12,0.242,0.509,0.771,0.181,0.907,0.401,0.094,0.901,0.693,0.011,0.351,0.859,0.173,0.979,0.193,0.238,0.355,0.469,0.186,0.847,0.633,0.928,0.178,0.925,0.266,0.034,0.464,0.206,0.106,0.096,0.447,0.34,0.943,0.732,0.694,0.492,0.453,0.809
-72,0.248,0.129,0.557,0.914,0.518,0.318,0.398,0.536,0.617,0.121,0.705,0.386,0.251,0.825,0.68,0.013,0.724,0.352,0.027,0.077,0.406,0.919,0.607,0.395,0.972,0.829,0.719,0.814,0.061,0.931,0.62,0.199,0.407,0.153,0.121,0.84,0.262,0.782,0.835,0.324,0.27,0.78,0.319,0.877,0.086,0.586,0.158,0.889,0.75,0.079,0.003,0.775,0.906,0.117,0.444,0.634,0.679,0.755,0.085,0.617,0.421,0.813,0.305,0.838
-70,0.469,0.999,0.693,0.214,0.707,0.565,0.255,0.204,0.532,0.488,0.397,0.123,0.508,0.33,0.16,0.169,0.897,0.887,0.954,0.802,0.991,0.854,0.723,0.212,0.192,0.589,0.942,0.543,0.013,0.651,0.806,0.48,0.66,0.469,0.128,0.602,0.31,0.842,0.986,0.335,0.137,0.009,0.884,0.577,0.375,0.159,0.212,0.745,0.241,0.949,0.243,0.992,0.433,0.479,0.372,0.687,0.772,0.834,0.569,0.498,0.318,0.676,0.499,0.042
-68,0.977,0.861,0.966,0.137,0.674,0.025,0.823,0.508,0.313,0.268,0.771,0.72,0.38,0.409,0.882,0.124,0.023,0.654,0.201,0.026,0.255,0.208,0.811,0.56,0.693,0.377,0.599,0.94,0.122,0.486,0.78,0.148,0.933,0.703,0.785,0.787,0.429,0.397,0.634,0.247,0.09,0.526,0.412,0.511,0.554,0.866,0.712,0.718,0.001,0.148,0.009,0.657,0.034,0.445,0.992,0.012,0.855,0.518,0.371,0.189,0.84,0.376,0.592,0.31
-66,0.78,0.342,0.144,0.261,0.05,0.848,0.281,0.547,0.809,0.413,0.733,0.098,0.975,0.975,0.991,0.048,0.424,0.105,0.065,0.311,0.957,0.559,0.348,0.22,0.02,0.016,0.644,0.024,0.245,0.046,0.166,0.152,0.764,0.985,0.321,0.033,0.411,0.75,0.82,0.281,0.225,0.124,0.252,0.844,0.025,0.133,0.343,0.042,0.636,0.262,0.356,0.809,0.437,0.542,0.773,0.375,0.012,0.518,0.946,0.831,0.179,0.018,0.677,0.401
-64,0.451,0.157,0.703,0.525,0.578,0.461,0.516,0.771,0.034,0.15,0.452,0.117,0.539,0.24,0.381,0.926,0.779,0.845,0.228,0.117,0.075,0.46,0.758,0.86,0.426,0.74,0.251,0.198,0.45,0.645,0.827,0.706,0.877,0.249,0.167,0.376,0.96,0.851,0.808,0.248,0.653,0.23,0.224,0.146,0.298,0.218,0.851,0.329,0.846,0.945,0.618,0.007,0.432,0.463,0.297,0.823,0.986,0.799,0.83,0.426,0.129,0.18,0.602,0.16
-62,0.966,0.989,0.303,0.887,0.718,0.275,0.479,0.651,0.021,0.226,0.23,0.522,0.613,0.324,0.379,0.08,0.62,0.459,0.78,0.008,0.356,0.66,0.74,0.982,0.309,0.776,0.086,0.348,0.942,0.113,0.047,0.162,0.573,0.41,0.266,0.418,0.281,0.065,0.462,0.1,0.302,0.245,0.457,0.862,0.273,0.546,0.65,0.747,0.818,0.291,0.68,0.355,0.909,0.412,0.81,0.406,0.973,0.505,0.251,0.045,0.164,0.563,0.668,0.222
-60,0.041,0.798,0.07,0.209,0.518,0.565,0.688,0.498,0.091,0.755,0.486,0.479,0.465,0.253,0.378,0.707,0.689,0.216,0.436,0.882,0.722,0.825,0.41,0.59,0.793,0.035,0.085,0.421,0.111,0.211,0.47,0.388,0.173,0.327,0.807,0.309,0.376,0.716,0.349,0.749,0.923,0.334,0.979,0.585,0.2,0.655,0.207,0.629,0.325,0.878,0.554,0.584,0.623,0.759,0.759,0.997,0.498,0.649,0.982,0.713,0.8,0.181,0.072,0.4
-58,0.952,0.827,0.953,0.323,0.596,0.494,0.861,0.249,0.154,0.805,0.549,0.486,0.814,0.348,0.912,0.301,0.051,0.912,0.092,0.767,0.293,0.243,0.662,0.986,0.065,0.811,0.631,0.986,0.062,0.667,0.543,0.788,0.379,0.359,0.74,0.804,0.083,0.948,0.388,0.406,0.915,0.637,0.988,0.597,0.564,0.07,0.757,0.302,0.15,0.92,0.962,0.375,0.08,0.036,0.568,0.155,0.153,0.916,0.436,0.1,0.416,0.6,0.447,0.969
-56,0.73,0.278,0.387,0.443,0.861,0.353,0.507,0.049,0.94,0.801,0.805,0.874,0.675,0.178,0.452,0.85,0.651,0.68,0.685,0.096,0.598,0.675,0.536,0.452,0.513,0.787,0.4,0.589,0.859,0.248,0.902,0.74,0.891,0.699,0.913,0.745,0.817,0.894,0.37,0.935,0.73,0.457,0.935,0.695,0.45,0.385,0.289,0.773,0.833,0.075,0.43,0.837,0.653,0.865,0.227,0.567,0.582,0.579,0.478,0.012,0.756,0.739,0.466,0.424
-54,0.194,0.343,0.138,0.149,0.647,0.807,0.877,0.82,0.967,0.126,0.913,0.338,0.25,0.671,0.206,0.716,0.562,0.942,0.838,0.107,0.244,0.097,0.427,0.894,0.527,0.807,0.937,0.563,0.979,0.507,0.143,0.383,0.981,0.325,0.663,0.124,0.648,0.622,0.116,0.514,0.347,0.612,0.819,0.338,0.756,0.709,0.222,0.64,0.271,0.356,0.001,0.593,0.026,0.104,0.429,0.312,0.635,0.051,0.976,0.758,0.016,0.924,0.627,0.735
-52,0.676,0.34,0.304,0.762,0.521,0.549,0.115,0.396,0.883,0.582,0.795,0.365,0.134,0.849,0.014,0.216,0.565,0.685,0.415,0.739,0.352,0.644,0.94,0.121,0.742,0.022,0.91,0.546,0.225,0.13,0.642,0.819,0.736,0.917,0.969,0.441,0.648,0.897,0.618,0.916,0.894,0.451,0.213,0.871,0.354,0.818,0.42,0.217,0.19,0.25,0.691,0.998,0.437,0.868,0.033,0.045,0.201,0.536,0.908,0.816,0.145,0.628,0.865,0.174
-50,0.29,0.03,0.944,0.418,0.413,0.772,0.101,0.678,0.49,0.484,0.529,0.723,0.68,0.01,0.446,0.129,0.502,0.738,0.079,0.25,0.235,0.782,0.112,0.569,0.373,0.33,0.788,0.115,0.768,0.638,0.334,0.795,0.814,0.904,0.653,0.673,0.706,0.675,0.423,0.827,0.948,0.329,0.962,0.373,0.817,0.568,0.111,0.742,0.44,0.526,0.47,0.697,0.762,0.518,0.563,0.888,0.855,0.002,0.545,0.727,0.222,0.381,0.295,0.228
-48,0.961,0.822,0.453,0.826,0.952,0.588,0.992,0.102,0.981,0.646,0.208,0.52,0.732,0.344,0.911,0.194,0.351,0.848,0.2,0.977,0.289,0.408,0.126,0.153,0.203,0.013,0.307,0.208,0.343,0.019,0.475,0.013,0.536,0.89,0.788,0.112,0.75,0.878,0.189,0.607,0.31,0.495,0.807,0.375,0.588,0.751,0.722,0.566,0.417,0.657,0.915,0.028,0.935,0.244,0.841,0.396,0.77,0.238,0.443,0.95,0.996,0.195,0.074,0.939
-46,0.96,0.751,0.906,0.283,0.134,0.382,0.506,0.677,0.086,0.2,0.686,0.877,0.564,0.586,0.435,0.679,0.612,0.023,0.682,0.347,0.873,0.569,0.285,0.685,0.47,0.553,0.674,0.018,0.583,0.541,0.527,0.544,0.428,0.32,0.522,0.837,0.734,0.126,0.999,0.71,0.252,0.344,0.457,0.899,0.103,0.233,0.812,0.816,0.874,0.857,0.743,0.617,0.162,0.601,0.395,0.237,0.861,0.32,0.929,0.416,0.689,0.367,0.527,0.871
-44,0.783,0.847,0.138,0.486,0.781,0.269,0.91,0.821,0.123,0.171,0.905,0.986,0.882,0.716,0.48,0.213,0.524,0.929,0.098,0.235,0.322,0.951,0.119,0.465,0.019,0.384,0.404,0.572,0.057,0.905,0.703,0.429,0.227,0.56,0.194,0.635,0.246,0.368,0.874,0.166,0.96,0.27,0.294,0.658,0.156,0.464,0.253,0.483,0.459,0.505,0.399,0.486,0.943,0.622,0.183,0.197,0.156,0.718,0.856,0.725,0.921,0.756,0.266,0.443
-42,0.073,0.142,0.844,0.224,0.872,0.369,0.778,0.341,0.569,0.74,0.941,0.225,0.487,0.386,0.428,0.394,0.398,0.035,0.059,0.482,0.082,0.365,0.969,0.846,0.115,0.644,0.482,0.249,0.81,0.907,0.093,0.779,0.725,0.401,0.577,0.476,0.59,0.071,0.667,0.867,0.684,0.366,0.62,0.483,0.239,0.233,0.838,0.048,0.777,0.736,0.025,0.949,0.538,0.154,0.088,0.476,0.618,0.539,0.075,0.576,0.863,0.726,0.136,0.01
-40,0.973,0.738,0.265,0.627,0.895,0.707,0.645,0.9,0.495,0.032,0.821,0.99,0.795,0.956,0.542,0.263,0.331,0.093,0.891,0.215,0.252,0.38,0.847,0.91,0.335,0.95,0.547,0.099,0.781,0.953,0.62,0.325,0.466,0.161,0.33,0.734,0.785,0.515,0.257,0.962,0.373,0.993,0.962,0.325,0.508,0.133,0.722,0.714,0.255,0.1,0.343,0.805,0.077,0.272,0.551,0.426,0.928,0.599,0.368,0.187,0.763,0.13,0.937,0.799
-38,0.391,0.156,0.582,0.959,0.131,0.146,0.952,0.646,0.245,0.856,0.985,0.797,0.01,0.243,0.736,0.863,0.332,0.81,0.104,0.008,0.406,0.448,0.991,0.173,0.185,0.527,0.44,0.402,0.762,0.686,0.582,0.081,0.419,0.861,0.903,0.747,0.005,0.16,0.218,0.328,0.629,0.627,0.925,0.142,0.072,0.059,0.727,0.333,0.979,0.476,0.372,0.734,0.272,0.935,0.223,0.788,0.084,0.192,0.537,0.033,0.913,0.945,0.306,0.228
-36,0.245,0.282,0.305,0.267,0.105,0.807,0.769,0.68,0.252,0.593,0.322,0.53,0.118,0.026,0.755,0.871,0.502,0.202,0.778,0.978,0.348,0.714,0.01,0.687,0.218,0.131,0.188,0.36,0.208,0.532,0.697,0.375,0.146,0.861,0.492,0.098,0.965,0.328,0.466,0.607,0.624,0.115,0.252,0.476,0.47,0.027,0.932,0.502,0.027,0.932,0.584,0.981,0.863,0.581,0.389,0.341,0.678,0.417,0.518,0.752,0.533,0.606,0.455,0.82
-34,0.721,0.116,0.494,0.467,0.734,0.495,0.72,0.057,0.141,0.806,0.879,0.647,0.146,0.625,0.793,0.691,0.707,0.754,0.912,0.506,0.342,0.538,0.918,0.584,0.655,0.124,0.346,0.021,0.736,0.125,0.365,0.32,0.678,0.957,0.879,0.95,0.95,0.716,0.017,0.796,0.585,0.683,0.828,0.583,0.979,0.741,0.147,0.027,0.413,0.271,0.655,0.739,0.791,0.641,0.684,0.468,0.212,0.366,0.248,0.11,0.7,0.727,0.892,0.611
-32,0.467,0.143,0.744,0.171,0.665,0.202,0.445,0.987,0.079,0.456,0.834,0.864,0.417,0.533,0.496,0.518,0.096,0.864,0.976,0.831,0.047,0.445,0.735,0.787,0.345,0.936,0.104,0.338,0.103,0.439,0.02,0.856,0.396,0.584,0.951,0.836,0.687,0.376,0.429,0.72,0.681,0.172,0.763,0.494,0.964,0.347,0.168,0.685,0.873,0.489,0.296,0.774,0.431,0.314,0.298,0.061,0.924,0.483,0.772,0.763,0.953,0.442,0.295,0.089
-30,0.367,0.033,0.332,0.972,0.817,0.077,0.995,0.427,0.475,0.241,0.407,0.772,0.288,0.008,0.847,0.492,0.859,0.848,0.209,0.234,0.147,0.983,0.68,0.474,0.386,0.723,0.259,0.425,0.346,0.069,0.453,0.435,0.03,0.575,0.332,0.794,0.929,0.655,0.568,0.643,0.646,0.711,0.281,0.679,0.405,0.58,0.316,0.27,0.078,0.679,0.939,0.077,0.663,0.991,0.86,0.102,0.96,0.615,0.683,0.277,0.832,0.31,0.975,0.125
-28,0.619,0.982,0.905,0.404,0.983,0.494,0.77,0.223,0.379,0.902,0.784,0.285,0.327,0.613,0.658,0.027,0.518,0.929,0.522,0.662,0.623,0.486,0.329,0.354,0.416,0.116,0.439,0.453,0.954,0.398,0.429,0.919,0.403,0.639,0.223,0.94,0.196,0.506,0.423,0.479,0.413,0.249,0.449,0.358,0.159,0.49,0.022,0.441,0.028,0.494,0.38,0.387,0.915,0.852,0.52,0.808,0.932,0.143,0.231,0.363,0.601,0.367,0.466,0.603
-26,0.192,0.483,0.89,0.742,0.44,0.206,0.733,0.488,0.041,0.379,0.167,0.973,0.838,0.055,0.18,0.899,0.686,0.237,0.372,0.995,0.111,0.504,0.15,0.029,0.209,0.567,0.739,0.768,0.376,0.785,0.67,0.292,0.732,0.801,0.777,0.13,0.145,0.026,0.918,0.215,0.979,0.678,0.09,0.249,0.124,0.964,0.145,0.151,0.727,0.417,0.617,0.913,0.459,0.172,0.332,0.509,0.259,0.717,0.54,0.117,0.122,0.111,0.476,0.734
-24,0.69,0.795,0.639,0.557,0.334,0.637,0.312,0.869,0.067,0.07,0.622,0.362,0.524,0.683,0.239,0.033,0.678,0.265,0.935,0.254,0.432,0.313,0.742,0.738,0.456,0.316,0.998,0.027,0.276,0.163,0.863,0.313,0.221,0.022,0.855,0.852,0.33,0.253,0.892,0.065,0.656,0.39,0.514,0.587,0.389,0.886,0.449,0.734,0.943,0.03,0.7,0.367,0.63,0.35,0.188,0.535,0.128,0.483,0.46,0.221,0.01,0.705,0.783,0.957
-22,0.815,0.756,0.182,0.322,0.465,0.772,0.008,0.425,0.394,0.944,0.995,0.054,0.699,0.413,0.094,0.221,0.659,0.033,0.866,0.782,0.236,0.824,0.088,0.846,0.887,0.758,0.407,0.908,0.659,0.579,0.132,0.984,0.499,0.892,0.117,0.126,0.838,0.299,0.549,0.988,0.835,0.721,0.513,0.267,0.465,0.475,0.491,0.14,0.145,0.214,0.862,0.303,0.332,0.208,0.536,0.136,0.883,0.417,0.409,0.56,0.485,0.643,0.626,0.409
-20,0.17,0.372,0.045,0.167,0.274,0.325,0.457,0.391,0.167,0.173,0.161,0.306,0.736,0.15,0.057,0.226,0.07,0.296,0.209,0.082,0.423,0.439,0.957,0.553,0.145,0.668,0.362,0.128,0.197,0.177,0.496,0.779,0.882,0.992,0.506,0.132,0.425,0.939,0.129,0.088,0.991,0.134,0.509,0.649,0.5,0.393,0.333,0.781,0.27,0.982,0.457,0.834,0.927,0.166,0.147,0.181,0.905,0.519,0.382,0.837,0.83,0.018,0.138,0.434
-18,0.617,0.734,0.607,0.515,0.138,0.486,0.475,0.628,0.357,0.203,0.519,0.711,0.983,0.175,0.301,0.794,0.831,0.341,0.917,0.287,0.446,0.908,0.693,0.089,0.239,0.007,0.191,0.039,0.406,0.422,0.955,0.817,0.804,0.462,0.22,0.775,0.712,0.587,0.734,0.37,0.457,0.148,0.297,0.537,0.516,0.365,0.901,0.984,0.489,0.46,0.014,0.664,0.839,0.756,0.496,0.707,0.636,0.241,0.112,0.326,0.902,0.398,0.418,0.362
-16,0.26,0.571,0.441,0.606,0.815,0.507,0.176,0.678,0.164,0.1,0.1,0.348,0.245,0.78,0.612,0.398,0.142,0.77,0.761,0.888,0.803,0.533,0.965,0.895,0.405,0.059,0.395,0.542,0.193,0.271,0.08,0.695,0.352,0.594,0.193,0.495,0.541,0.563,0.036,0.409,0.463,0.599,0.623,0.924,0.087,0.761,0.641,0.328,0.31,0.403,0.043,0.983,0.504,0.173,0.352,0.431,0.951,0.42,0.07,0.46,0.121,0.498,0.673,0.308
-14,0.208,0.522,0.09,0.18,0.021,0.672,0.309,0.212,0.859,0.838,0.949,0.237,0.706,0.354,0.54,0.253,0.495,0.9,0.888,0.619,0.055,0.842,0.939,0.397,0.387,0.046,0.076,0.671,0.81,0.979,0.07,0.194,0.398,0.555,0.515,0.377,0.677,0.628,0.826,0.105,0.711,0.488,0.753,0.569,0.358,0.019,0.805,0.208,0.393,0.945,0.425,0.674,0.483,0.564,0.606,0.377,0.757,0.157,0.773,0.101,0.636,0.386,0.785,0.344
-12,0.688,0.856,0.817,0.515,0.114,0.803,0.931,0.696,0.106,0.661,0.3,0.811,0.264,0.377,0.345,0.06,0.592,0.438,0.495,0.149,0.006,0.581,0.407,1.0,0.222,0.105,0.415,0.649,0.247,0.754,0.676,0.248,0.716,0.29,0.193,0.292,0.031,0.087,0.111,0.141,0.365,0.318,0.918,0.791,0.291,0.239,0.688,0.283,0.209,0.375,0.709,0.937,0.568,0.112,0.61,0.984,0.771,0.232,0.285,0.109,0.396,0.952,0.441,0.551
-10,0.937,0.308,0.132,0.093,0.635,0.266,0.956,0.512,0.064,0.529,0.67,0.941,0.157,0.674,0.344,0.724,0.019,0.93,0.747,0.502,0.464,0.943,0.706,0.585,0.284,0.017,0.659,0.94,0.377,0.086,0.694,0.999,0.263,0.396,0.382,0.045,0.722,0.481,0.138,0.334,0.587,0.726,0.912,0.902,0.298,0.881,0.636,0.32,0.597,0.326,0.991,0.556,0.524,0.168,0.781,0.098,0.391,0.959,0.492,0.326,0.738,0.023,0.647,0.891
-8,0.471,0.763,0.991,0.999,0.347,0.735,0.156,0.099,0.352,0.032,0.983,0.932,0.277,0.863,0.464,0.972,0.399,0.462,0.671,0.541,0.255,0.726,0.944,0.553,0.986,0.77,0.443,0.494,0.751,0.174,0.337,0.819,0.605,0.248,0.362,0.854,0.631,0.379,0.451,0.724,0.262,0.749,0.111,0.903,0.891,0.264,0.562,0.506,0.536,0.963,0.922,0.258,0.818,0.304,0.468,0.135,0.71,0.102,0.988,0.397,0.348,0.37,0.07,0.193
-6,0.446,0.975,0.573,0.809,0.207,0.067,0.494,0.636,0.577,0.538,0.436,0.613,0.383,0.764,0.69,0.667,0.835,0.912,0.826,0.555,0.972,0.34,0.235,0.824,0.676,0.494,0.792,0.757,0.28,0.887,0.324,0.161,0.249,0.601,0.789,0.409,0.731,0.518,0.261,0.404,0.406,0.454,0.764,0.491,0.693,0.398,0.442,0.681,0.669,0.12,0.41,0.836,0.097,0.066,0.71,0.905,0.347,0.243,0.131,0.154,0.921,0.184,0.088,0.149
-4,0.97,0.136,0.069,0.523,0.711,0.965,0.887,0.131,0.482,0.821,0.97,0.224,0.405,0.788,0.361,0.907,0.582,0.358,0.129,0.928,0.291,0.344,0.459,0.322,0.46,0.507,0.252,0.241,0.417,0.469,0.537,0.553,0.387,0.159,0.96,0.057,0.495,0.448,0.159,0.969,0.372,0.132,0.56,0.011,0.525,0.578,0.665,0.841,0.234,0.127,0.828,0.471,0.789,0.676,0.603,0.026,0.597,0.41,0.899,0.003,0.474,0.361,0.774,0.212
-2,0.482,0.695,0.63,0.76,0.552,0.773,0.537,0.853,0.207,0.532,0.995,0.608,0.278,0.311,0.488,0.494,0.074,0.388,0.003,0.909,0.863,0.603,0.96,0.411,0.364,0.951,0.356,0.249,0.06,0.098,0.282,0.971,0.672,0.302,0.806,0.859,0.656,0.072,0.286,0.373,0.485,0.528,0.126,0.302,0.033,0.866,0.668,0.07,0.266,0.287,0.367,0.105,0.575,0.745,0.916,0.889,0.243,0.21,0.33,0.861,0.627,0.698,0.611,0.737
0,0.425,0.104,0.476,0.1,0.114,0.994,0.322,0.275,0.879,0.731,0.02,0.586,0.884,0.094,0.704,0.254,0.298,0.758,0.496,0.078,0.785,0.579,0.641,0.09,0.509,0.025,0.789,0.924,0.092,0.412,0.172,0.852,0.202,0.777,0.104,0.284,0.631,0.088,0.553,0.302,0.737,0.191,0.093,0.809,0.746,0.566,0.037,0.417,0.788,0.817,0.246,0.162,0.857,0.19,0.625,0.759,0.405,0.732,0.975,0.773,0.7,0.44,0.432,0.772
2,0.087,0.527,0.695,0.967,0.911,0.156,0.001,0.938,0.605,0.38,0.49,0.652,0.908,0.311,0.795,0.685,0.528,0.217,0.094,0.127,0.711,0.68,0.608,0.724,0.613,0.877,0.747,0.385,0.75,0.257,0.063,0.066,0.52,0.418,0.36,0.516,0.58,0.74,0.948,0.144,0.803,0.458,0.3,0.498,0.786,0.792,0.634,0.0,0.373,0.266,0.641,0.695,0.026,0.782,0.181,0.169,0.168,0.144,0.619,0.443,0.461,0.584,0.886,0.595
4,0.457,0.314,0.349,0.551,0.734,0.708,0.91,0.299,0.971,0.726,0.477,0.519,0.759,0.423,0.273,0.707,0.756,0.684,0.055,0.866,0.017,0.135,0.185,0.108,0.936,0.405,0.639,0.377,0.928,0.092,0.053,0.992,0.346,0.144,0.987,0.737,0.42,0.248,0.895,0.276,0.685,0.882,0.574,0.029,0.007,0.492,0.956,0.619,0.943,0.833,0.43,0.487,0.776,0.397,0.101,0.361,0.819,0.22,0.542,0.086,0.385,0.955,0.914,0.557
6,0.084,0.407,0.607,0.992,0.798,0.785,0.069,0.606,0.6,0.069,0.227,0.744,0.483,0.408,0.321,0.346,0.48,0.831,0.412,0.866,0.192,0.476,0.139,0.97,0.864,0.307,0.318,0.234,0.119,0.279,0.902,0.992,0.978,0.424,0.435,0.621,0.579,0.84,0.066,0.812,0.571,0.092,0.899,0.201,0.02,0.055,0.166,0.122,0.616,0.565,0.789,0.426,0.97,0.418,0.86,0.213,0.808,0.701,0.926,0.937,0.861,0.925,0.63,0.973
8,0.241,0.474,0.766,0.184,0.555,0.106,0.996,0.478,0.942,0.694,0.853,0.945,0.155,0.056,0.026,0.297,0.326,0.075,0.19,0.626,0.93,0.299,0.157,0.436,0.011,0.231,0.404,0.344,0.273,0.591,0.811,0.419,0.014,0.904,0.005,0.301,0.555,0.87,0.674,0.69,0.871,0.843,0.191,0.426,0.737,0.483,0.511,0.611,0.013,0.982,0.313,0.362,0.668,0.999,0.793,0.14,0.884,0.001,0.058,0.9,0.877,0.508,0.586,0.096
10,0.548,0.787,0.029,0.189,0.47,0.881,0.084,0.304,0.272,0.251,0.475,0.92,0.554,0.532,0.301,0.34,0.234,0.649,0.428,0.289,0.373,0.358,0.642,0.375,0.39,0.574,0.643,0.17,0.52,0.827,0.745,0.605,0.062,0.326,0.256,0.659,0.92,0.337,0.015,0.256,0.668,0.504,0.196,0.647,0.237,0.963,0.476,0.292,0.212,0.387,0.328,0.59,0.137,0.34,0.201,0.045,0.972,0.152,0.378,0.451,0.767,0.901,0.301,0.944
12,0.144,0.948,0.948,0.965,0.656,0.069,0.539,0.526,0.249,0.425,0.891,0.58,0.52,0.963,0.031,0.543,0.402,0.913,0.424,0.162,0.893,0.444,0.462,0.461,0.309,0.381,0.523,0.448,0.575,0.381,0.469,0.656,0.363,0.924,0.758,0.154,0.084,0.508,0.099,0.173,0.646,0.792,0.023,0.121,0.1,0.777,0.047,0.439,0.462,0.155,0.63,0.547,0.93,0.941,0.438,0.059,0.255,0.646,0.469,0.671,0.781,0.247,0.785,0.493
14,0.153,0.166,0.29,0.468,0.329,0.054,0.961,0.512,0.464,0.571,0.951,0.257,0.654,0.815,0.686,0.287,0.232,0.566,0.03,0.619,0.773,0.07,0.995,0.18,0.297,0.074,0.663,0.966,0.445,0.949,0.719,0.851,0.327,0.587,0.869,0.785,0.91,0.88,0.639,0.245,0.659,0.341,0.731,0.101,0.043,0.427,0.899,0.807,0.174,0.783,0.258,0.776,0.976,0.656,0.057,0.125,0.465,0.677,0.043,0.126,0.712,0.487,0.123,0.049
16,0.397,0.274,0.992,0.795,0.545,0.631,0.995,0.194,0.868,0.169,0.805,0.06,0.025,0.915,0.18,0.964,0.42,0.489,0.949,0.647,0.933,0.835,0.803,0.224,0.454,0.609,0.771,0.933,0.425,0.005,0.824,0.311,0.967,0.558,0.33,0.288,0.439,0.985,0.409,0.844,0.873,0.618,0.681,0.594,0.682,0.453,0.07,0.59,0.843,0.339,0.472,0.881,0.901,0.139,0.537,0.371,0.494,0.859,0.296,0.962,0.036,0.561,0.503,0.538
18,0.73,0.427,0.587,0.503,0.726,0.002,0.464,0.748,0.245,0.362,0.475,0.309,0.383,0.526,0.837,0.565,0.433,0.148,0.564,0.881,0.754,0.829,0.331,0.165,0.755,0.934,0.845,0.652,0.981,0.572,0.865,0.144,0.027,0.592,0.094,0.183,0.855,0.788,0.9,0.307,0.778,0.32,0.499,0.28,0.146,0.234,0.667,0.215,0.734,0.635,0.675,0.944,0.831,0.303,0.052,0.377,0.033,0.557,0.068,0.468,0.748,0.767,0.766,0.934
20,0.205,0.942,0.023,0.473,0.069,0.997,0.604,0.26,0.08,0.925,0.241,0.116,0.81,0.388,0.623,0.591,0.523,0.639,0.492,0.743,0.746,0.509,0.925,0.027,0.198,0.702,0.85,0.057,0.601,0.846,0.019,0.05,0.945,0.523,0.584,0.312,0.006,0.392,0.339,0.698,0.561,0.429,0.807,0.079,0.538,0.548,0.814,0.335,0.941,0.717,0.852,0.894,0.078,0.665,0.344,0.53,0.492,0.012,0.669,0.754,0.037,0.313,0.561,0.518
22,0.529,0.316,0.629,0.4,0.093,0.137,0.083,0.098,0.872,0.271,0.859,0.259,0.755,0.725,0.915,0.584,0.022,0.228,0.493,0.626,0.724,0.915,0.426,0.62,0.619,0.728,0.048,0.702,0.441,0.539,0.051,0.771,0.047,0.349,0.059,0.836,0.397,0.058,0.108,0.832,0.148,0.954,0.479,0.912,0.735,0.576,0.425,0.091,0.379,0.352,0.432,0.839,0.027,0.205,0.954,0.017,0.976,0.47,0.552,0.634,0.394,0.478,0.155,0.812
24,0.724,0.682,0.617,0.62,0.552,0.269,0.636,0.895,0.685,0.157,0.839,0.638,0.904,0.88,0.695,0.407,0.328,0.195,0.638,0.774,0.376,0.393,0.983,0.27,0.178,0.941,0.532,0.506,0.612,0.536,0.712,0.16,0.252,0.889,0.194,0.601,0.587,0.875,0.184,0.57,0.433,0.881,0.699,0.695,0.085,0.911,0.31,0.806,0.718,0.27,0.134,0.719,0.528,0.229,0.893,0.79,0.318,0.239,0.81,0.748,0.858,0.693,0.334,0.167
26,0.217,0.843,0.664,0.872,0.887,0.2,0.582,0.611,0.929,0.131,0.135,0.056,0.89,0.374,0.021,0.662,0.318,0.905,0.949,0.94,0.506,0.395,0.853,0.847,0.203,0.952,0.032,0.365,0.665,0.097,0.591,0.858,0.339,0.92,0.281,0.54,0.189,0.184,0.311,0.787,0.82,0.622,0.781,0.37,0.853,0.259,0.112,0.517,0.933,0.918,0.312,0.421,0.849,0.844,0.49,0.275,0.082,0.272,0.993,0.676,0.427,0.957,0.545,0.746
28,0.419,0.012,0.12,0.992,0.826,0.953,0.57,0.848,0.659,0.502,0.338,0.316,0.18,0.565,0.362,0.751,0.987,0.592,0.769,0.344,0.969,0.866,0.726,0.228,0.968,0.295,0.823,0.529,0.684,0.319,0.356,0.803,0.092,0.133,0.14,0.556,0.765,0.065,0.162,0.022,0.3,0.108,0.913,0.337,0.976,0.04,0.565,0.629,0.977,0.826,0.641,0.062,0.637,0.846,0.221,0.46,0.259,0.617,0.585,0.517,0.723,0.438,0.1,0.115
30,0.355,0.74,0.319,0.903,0.876,0.746,0.711,0.691,0.619,0.007,0.822,0.591,0.553,0.62,0.275,0.44,0.948,0.483,0.346,0.138,0.379,0.258,0.981,0.084,0.176,0.875,0.094,0.316,0.492,0.907,0.162,0.373,0.705,0.446,0.311,0.864,0.231,0.37,0.253,0.564,0.297,0.432,0.953,0.548,0.006,0.18,0.493,0.862,0.517,0.742,0.463,0.766,0.005,0.068,0.604,0.998,0.471,0.512,0.821,0.231,0.04,0.762,0.433,0.027
32,0.694,0.069,0.647,0.996,0.252,0.886,0.96,0.349,0.347,0.171,0.668,0.398,0.53,0.868,0.115,0.369,0.641,0.951,0.255,0.725,0.066,0.492,0.405,0.752,0.054,0.916,0.856,0.189,0.799,0.609,0.246,0.947,0.66,0.544,0.939,0.11,0.83,0.192,0.31,0.766,0.179,0.638,0.219,0.687,0.878,0.043,0.962,0.207,0.842,0.434,0.016,0.622,0.229,0.203,0.454,0.52,0.873,0.928,0.114,0.877,0.38,0.384,0.473,0.816
34,0.533,0.384,0.33,0.962,0.817,0.27,0.928,0.929,0.52,0.6,0.213,0.096,0.435,0.612,0.92,0.763,0.99,0.484,0.319,0.698,0.497,0.539,0.468,0.39,0.515,0.954,0.399,0.583,0.798,0.612,0.936,0.893,0.196,0.431,0.828,0.595,0.832,0.418,0.477,0.464,0.848,0.641,0.655,0.486,0.835,0.347,0.545,0.228,0.755,0.371,0.899,0.82,0.517,0.532,0.644,0.065,0.625,0.143,0.427,0.069,0.153,0.657,0.231,0.096
36,0.31,0.167,0.661,0.191,0.745,0.15,0.838,0.96,0.886,0.273,0.588,0.219,0.388,0.046,0.376,0.832,0.779,0.259,0.649,0.975,0.558,0.05,0.085,0.13,0.805,0.688,0.158,0.659,0.365,0.917,0.38,0.44,0.885,0.281,0.447,0.393,0.195,0.994,0.808,0.142,0.562,0.989,0.021,0.018,0.785,0.165,0.5,0.351,0.201,0.983,0.178,0.786,0.953,0.266,0.467,0.195,0.347,0.466,0.302,0.724,0.098,0.417,0.398,0.249
38,0.258,0.646,0.618,0.886,0.934,0.069,0.328,0.147,0.088,0.69,0.847,0.892,0.268,0.201,0.035,0.734,0.468,0.619,0.512,0.145,0.023,0.037,0.742,0.806,0.305,0.839,0.75,0.796,0.253,0.08,0.117,0.681,0.414,0.743,0.609,0.238,0.95,0.004,0.431,0.136,0.135,0.826,0.805,0.931,0.492,0.621,0.238,0.016,0.84,0.581,0.712,0.005,0.662,0.423,0.155,0.156,0.663,0.495,0.394,0.231,0.801,0.267,0.919,0.065
40,0.079,0.701,0.451,0.058,0.226,0.105,0.53,0.473,0.993,0.793,0.735,0.694,0.064,0.185,0.336,0.434,0.31,0.158,0.387,0.09,0.446,0.726,0.747,0.243,0.649,0.24,0.455,0.198,0.017,0.514,0.338,0.98,0.647,0.252,0.665,0.641,0.552,0.987,0.436,0.752,0.102,0.28,0.492,0.313,0.097,0.83,0.857,0.247,0.758,0.863,0.544,0.919,0.818,0.306,0.394,0.999,0.452,0.35,0.827,0.067,0.158,0.534,0.923,0.518
42,0.297,0.852,0.212,0.31,0.765,0.804,0.863,0.828,0.676,0.986,0.498,0.285,0.815,0.403,0.898,0.509,0.564,0.262,0.929,0.771,0.128,0.072,0.03,0.759,0.455,0.348,0.508,0.942,0.82,0.444,0.991,0.304,0.286,0.498,0.777,0.861,0.041,0.769,0.899,0.519,0.132,0.192,0.372,0.922,0.854,0.01,0.433,0.015,0.182,0.939,0.505,0.896,0.878,0.501,0.489,0.917,0.664,0.126,0.798,0.098,0.25,0.45,0.883,0.173
44,0.014,0.276,0.864,0.312,0.762,0.442,0.215,0.072,0.914,0.284,0.491,0.785,0.517,0.038,0.021,0.746,0.002,0.884,0.034,0.751,0.465,0.612,0.187,0.739,0.339,0.652,0.275,0.615,0.694,0.098,0.761,0.21,0.005,0.171,0.597,0.984,0.295,0.024,0.64,0.877,0.686,0.929,0.322,0.446,0.448,0.983,0.674,0.288,0.243,0.004,0.678,0.217,0.308,0.197,0.061,0.918,0.211,0.771,0.207,0.576,0.952,0.025,0.003,0.916
46,0.235,0.59,0.673,0.867,0.987,0.205,0.911,0.709,0.677,0.185,0.599,0.564,0.918,0.139,0.104,0.69,0.932,0.718,0.589,0.291,0.562,0.963,0.991,0.123,0.175,0.544,0.293,0.279,0.153,0.221,0.014,0.729,0.63,0.347,0.939,0.137,0.536,0.064,0.485,0.365,0.528,0.261,0.863,0.435,0.011,0.485,0.553,0.752,0.049,0.094,0.866,0.752,0.481,0.831,0.64,0.819,0.824,0.863,0.649,0.458,0.987,0.202,0.959,0.911
48,0.978,0.882,0.131,0.856,0.984,0.241,0.442,0.008,0.202,0.356,0.787,0.368,0.149,0.378,0.257,0.408,0.964,0.798,0.959,0.308,0.712,0.339,0.281,0.593,0.902,0.074,0.596,0.21,0.007,0.469,0.693,0.235,0.719,0.447,0.636,0.493,0.683,0.18,0.412,0.035,0.698,0.663,0.486,0.91,0.567,0.609,0.204,0.427,0.793,0.816,0.447,0.982,0.678,0.415,0.748,0.631,0.967,0.161,0.173,0.159,0.032,0.189,0.038,0.404
50,0.628,0.047,0.579,0.514,0.4,0.119,0.34,0.214,0.006,0.997,0.641,0.449,0.441,0.692,0.553,0.371,0.507,0.445,0.244,0.082,0.269,0.203,0.482,0.001,0.407,0.825,0.887,0.305,0.119,0.921,0.484,0.413,0.983,0.007,0.564,0.649,0.68,0.766,0.473,0.543,0.217,0.537,0.068,0.409,0.856,0.285,0.303,0.069,0.673,0.507,0.677,0.924,0.597,0.535,0.202,0.364,0.412,0.804,0.954,0.099,0.796,0.152,0.822,0.251
52,0.018,0.146,0.103,0.061,0.637,0.579,0.874,0.48,0.924,0.011,0.485,0.37,0.032,0.184,0.631,0.475,0.306,0.142,0.536,0.998,0.674,0.743,0.355,0.224,0.997,0.204,0.619,0.715,0.036,0.826,0.951,0.355,0.42,0.525,0.544,0.13,0.122,0.909,0.07,0.315,0.72,0.962,0.628,0.766,0.787,0.288,0.051,0.129,0.438,0.717,0.683,0.673,0.1,0.184,0.1,0.285,0.331,0.851,0.158,0.263,0.936,0.823,0.691,0.97
54,0.077,0.639,0.501,0.168,0.337,0.488,0.46,0.559,0.423,0.66,0.261,0.945,0.425,0.566,0.006,0.707,0.449,0.976,0.664,0.465,0.473,0.945,0.619,0.919,0.468,0.33,0.159,0.289,0.656,0.717,0.969,0.679,0.803,0.419,0.788,0.82,0.543,0.89,0.933,0.788,0.826,0.976,0.007,0.751,0.221,0.411,0.54,0.121,0.597,0.901,0.927,0.262,0.545,0.673,0.712,0.662,0.326,0.884,0.949,0.351,0.868,0.449,0.63,0.667
56,0.176,0.928,0.421,0.204,0.144,0.994,0.156,0.687,0.922,0.338,0.468,0.325,0.881,0.252,0.227,0.577,0.755,0.284,0.216,0.777,0.411,0.989,0.626,0.573,0.179,0.605,0.866,0.117,0.071,0.31,0.434,0.808,0.915,0.559,0.686,0.626,0.457,0.294,0.327,0.222,0.438,0.405,0.417,0.987,0.993,0.909,0.69,0.866,0.74,0.046,0.371,0.091,0.416,0.496,0.395,0.975,0.476,0.773,0.146,0.174,0.987,0.456,0.42,0.742
58,0.843,0.24,0.201,0.4,0.797,0.672,0.69,0.57,0.257,0.46,0.428,0.571,0.45,0.921,0.026,0.757,0.268,0.131,0.078,0.656,0.873,0.797,0.548,0.277,0.147,0.281,0.89,0.273,0.668,0.466,0.605,0.052,0.785,0.275,0.032,0.55,0.542,0.676,0.584,0.347,0.786,0.898,0.098,0.385,0.152,0.281,0.38,0.069,0.97,0.115,0.713,0.144,0.644,0.219,0.97,0.255,0.448,0.291,0.86,0.115,0.59,0.844,0.34,0.347
60,0.623,0.075,0.7,0.391,0.294,0.796,0.531,0.041,0.389,0.44,0.954,0.221,0.287,0.393,0.047,0.542,0.593,0.563,0.849,0.917,0.548,0.343,0.119,0.36,0.813,0.29,0.148,0.296,0.968,0.531,0.209,0.555,0.415,0.055,0.667,0.636,0.97,0.403,0.095,0.359,0.468,0.402,0.395,0.795,0.593,0.741,0.963,0.099,0.356,0.072,0.421,0.222,0.638,0.216,0.057,0.316,0.402,0.777,0.108,0.171,0.637,0.936,0.198,0.268
62,0.075,0.329,0.745,0.308,0.565,0.988,0.116,0.676,0.294,0.073,0.372,0.305,0.141,0.484,0.514,0.965,0.907,0.251,0.487,0.031,0.116,0.893,0.731,0.792,0.461,0.677,0.796,0.995,0.094,0.508,0.939,0.168,0.862,0.431,0.771,0.179,0.509,0.594,0.477,0.591,0.891,0.931,0.566,0.654,0.514,0.205,0.655,0.857,0.106,0.323,0.323,0.773,0.372,0.377,0.694,0.624,0.553,0.431,0.307,0.208,0.98,0.529,0.663,0.709
64,0.92,0.197,0.889,0.119,0.889,0.852,0.469,0.633,0.599,0.329,0.412,0.687,0.667,0.511,0.063,0.014,0.013,0.807,0.473,0.668,0.918,0.178,0.014,0.556,0.984,0.576,0.833,0.763,0.316,0.362,0.368,0.928,0.487,0.339,0.31,0.939,0.06,0.094,0.053,0.746,0.501,0.201,0.761,0.297,0.212,0.044,0.842,0.295,0.586,0.389,0.589,0.171,0.058,0.981,0.531,0.138,0.169,0.439,1.0,0.215,0.581,0.002,0.256,0.786
66,0.106,0.824,0.944,0.307,0.579,0.579,0.014,0.244,0.515,0.847,0.165,0.287,0.078,0.511,0.241,0.246,0.707,0.756,0.807,0.533,0.355,0.539,0.085,0.824,0.596,0.66,0.792,0.547,0.86,0.036,0.191,0.66,0.173,0.297,0.383,0.044,0.775,0.269,0.21,0.602,0.143,0.209,0.561,0.139,0.993,0.723,0.297,0.161,0.186,0.914,0.339,0.006,0.118,0.9,0.267,0.467,0.226,0.373,0.214,0.645,0.086,0.133,0.754,0.342
68,0.719,0.324,0.184,0.297,0.999,0.104,0.228,0.606,0.188,0.446,0.789,0.118,0.016,0.502,0.46,0.043,0.487,0.077,0.846,0.991,0.937,0.928,0.739,0.283,0.98,0.288,0.681,0.211,0.523,0.79,0.134,0.409,0.352,0.898,0.812,0.515,0.163,0.094,0.531,0.191,0.292,0.331,0.552,0.555,0.968,0.794,0.144,0.758,0.433,0.213,0.253,0.118,0.98,0.807,0.929,0.565,0.242,0.057,0.683,0.774,0.697,0.254,0.463,0.657
70,0.916,0.702,0.96,0.811,0.029,0.285,0.607,0.369,0.701,0.65,0.773,0.859,0.548,0.531,0.291,0.076,0.223,0.335,0.128,0.195,0.543,0.837,0.933,0.407,0.879,0.426,0.039,0.2,0.753,0.957,0.98,0.008,0.498,0.423,0.8,0.735,0.818,0.559,0.18,0.525,0.795,0.911,0.324,0.94,0.915,0.884,0.439,0.502,0.66,0.965,0.218,0.281,0.456,0.182,0.076,0.904,0.368,0.659,0.385,0.119,0.206,0.744,0.067,0.531
72,0.649,0.78,0.784,0.621,0.81,0.519,0.529,0.159,0.128,0.673,0.715,0.553,0.608,0.562,0.165,0.796,0.336,0.554,0.074,0.538,0.34,0.632,0.044,0.902,0.5,0.072,0.053,0.942,0.069,0.908,0.86,0.364,0.877,0.575,0.387,0.749,0.097,0.398,0.06,0.616,0.158,0.506,0.724,0.262,0.416,0.376,0.584,0.986,0.915,0.062,0.328,0.348,0.523,0.691,0.525,0.768,0.803,0.958,0.193,0.953,0.333,0.678,0.018,0.171
74,0.982,0.32,0.8,0.943,0.053,0.707,0.253,0.032,0.588,0.296,0.709,0.631,0.784,0.621,0.467,0.766,0.816,0.888,0.978,0.571,0.569,0.965,0.994,0.865,0.736,0.27,0.137,0.47,0.534,0.688,0.407,0.611,0.912,0.003,0.352,0.234,0.209,0.074,0.061,0.84,0.375,0.791,0.283,0.211,0.165,0.728,0.482,0.767,0.155,0.766,0.689,0.672,0.607,0.859,0.726,0.595,0.719,0.685,0.057,0.51,0.248,0.513,0.54,0.292
76,0.166,0.336,0.708,0.622,0.168,0.276,0.205,0.257,0.327,0.151,0.718,0.521,0.799,0.405,0.103,0.581,0.629,0.676,0.172,0.793,0.254,0.173,0.629,0.835,0.868,0.063,0.944,0.118,0.728,0.391,0.36,0.245,0.888,0.574,0.545,0.602,0.262,0.931,0.652,0.062,0.055,0.906,0.974,0.075,0.264,0.375,0.605,0.179,0.981,0.276,0.936,0.56,0.473,0.913,0.513,0.651,0.447,0.976,0.448,0.669,0.327,0.24,0.548,0.402
78,0.463,0.818,0.259,0.991,0.385,0.152,0.204,0.336,0.668,0.969,0.803,0.334,0.978,0.611,0.632,0.618,0.602,0.795,0.625,0.053,0.717,0.077,0.141,0.072,0.669,0.008,0.962,0.557,0.826,0.555,0.195,0.764,0.953,0.697,0.982,0.045,0.664,0.058,0.283,0.638,0.268,0.31,0.7,0.137,0.011,0.203,0.593,0.347,0.87,0.206,0.91,0.866,0.862,0.554,0.233,0.052,0.414,0.607,0.752,0.794,0.651,0.129,0.829,0.263
80,0.174,0.737,0.424,0.717,0.024,0.512,0.242,0.495,0.157,0.645,0.95,0.065,0.092,0.456,0.462,0.228,0.086,0.667,0.037,0.082,0.739,0.754,0.472,0.151,0.646,0.347,0.007,0.465,0.803,0.038,0.386,0.871,0.048,0.584,0.447,0.999,0.987,0.204,0.653,0.717,0.955,0.075,0.549,0.117,0.192,0.853,0.666,0.733,0.259,0.873,0.768,0.56,0.637,0.56,0.611,0.065,0.274,0.149,0.018,0.848,0.942,0.439,0.33,0.404
82,0.091,0.393,0.712,0.557,0.237,0.928,0.088,0.536,0.979,0.825,0.337,0.286,0.927,0.195,0.512,0.188,0.358,0.281,0.657,0.127,0.492,0.947,0.268,0.087,0.651,0.654,0.742,0.352,0.752,0.057,0.829,0.32,0.418,0.163,0.235,0.434,0.039,0.678,0.598,0.236,0.886,0.782,0.369,0.581,0.652,0.199,0.157,0.165,0.589,0.403,0.973,0.752,0.829,0.728,0.52,0.778,0.795,0.869,0.349,0.98,0.775,0.644,0.347,0.871
84,0.081,0.743,0.124,0.512,0.449,0.726,0.648,0.489,0.626,0.532,0.78,0.829,0.228,0.147,0.145,0.642,0.749,0.696,0.095,0.802,0.063,0.933,0.42,0.341,0.035,0.777,0.473,0.667,0.695,0.76,0.441,0.085,0.858,0.553,0.516,0.554,0.481,0.871,0.732,0.695,0.991,0.785,0.388,0.552,0.306,0.354,0.308,0.198,0.322,0.831,0.665,0.645,0.846,0.427,0.168,0.679,0.779,0.914,0.932,0.748,0.317,0.14,0.518,0.157
86,0.944,0.351,0.512,0.983,0.576,0.056,0.644,0.159,0.825,0.965,0.161,0.888,0.695,0.617,0.167,0.723,0.748,0.958,0.299,0.113,0.126,0.686,0.165,0.884,0.194,0.464,0.102,0.469,0.447,0.769,0.198,0.681,0.448,0.794,0.858,0.327,0.708,0.12,0.276,0.822,0.857,0.003,0.861,0.692,0.043,0.089,0.832,0.207,0.356,1.0,0.508,0.108,0.297,0.555,0.103,0.628,0.589,0.352,0.298,0.236,0.879,0.907,0.811,0.134
88,0.385,0.868,0.196,0.058,0.759,0.973,0.519,0.273,0.424,0.063,0.351,0.3,0.682,0.686,0.402,0.33,0.9,0.213,0.406,0.734,0.952,0.775,0.241,0.018,0.699,0.003,0.388,0.296,0.073,0.803,0.272,0.381,0.173,0.682,0.745,0.123,0.95,0.323,0.551,0.865,0.244,0.348,0.094,0.108,0.593,0.323,0.206,0.208,0.481,0.993,0.861,0.461,0.182,0.152,0.615,0.685,0.03,0.649,0.679,0.579,0.524,0.569,0.268,0.822
90,0.921,0.097,0.89,0.889,0.444,0.141,0.929,0.076,0.186,0.679,0.017,0.503,0.324,0.929,0.819,0.696,0.068,0.483,0.593,0.9,0.154,0.795,0.871,0.102,0.268,0.828,0.687,0.895,0.54,1.0,0.185,0.026,0.28,0.035,0.368,0.101,0.761,0.508,0.162,0.055,0.506,0.438,0.102,0.135,0.374,0.815,0.68,0.707,0.074,0.739,0.711,0.428,0.591,0.704,0.615,0.399,0.225,0.647,0.466,0.555,0.503,0.543,0.297,0.02
92,0.677,0.655,0.22,0.932,0.574,0.565,0.5,0.139,0.111,0.348,0.38,0.533,0.153,0.686,0.955,0.786,0.948,0.148,0.103,0.666,0.356,0.15,0.15,0.707,0.877,0.405,0.099,0.69,0.476,0.435,0.645,0.262,0.033,0.131,0.181,0.13,0.208,0.85,0.779,0.69,0.803,0.994,0.367,0.857,0.34,0.932,0.457,0.316,0.091,0.451,0.001,0.26,0.579,0.337,0.073,0.808,0.935,0.571,0.83,0.836,0.39,0.467,0.911,0.243
94,0.041,0.024,0.631,0.739,0.97,0.481,0.409,0.781,0.609,0.467,0.752,0.1,0.444,0.948,0.944,0.755,0.676,0.465,0.496,0.296,0.39,0.115,0.584,0.653,0.141,0.883,0.199,0.652,0.845,0.032,0.099,0.874,0.847,0.064,0.406,0.251,0.515,0.932,0.773,0.116,0.993,0.474,0.437,0.333,0.409,0.766,0.195,0.621,0.017,0.153,0.357,0.341,0.596,0.622,0.995,0.418,0.871,0.618,0.572,0.884,0.855,0.119,0.51,0.713
96,0.47,0.035,0.101,0.682,0.287,0.795,0.656,0.753,0.6,0.833,0.096,0.86,0.331,0.08,0.438,0.793,0.11,0.269,0.017,0.385,0.969,0.36,0.457,0.045,0.04,0.836,0.11,0.447,0.687,0.984,0.083,0.094,0.677,0.154,0.073,0.601,0.23,0.72,0.327,0.725,0.402,0.967,0.146,0.544,0.309,0.394,0.174,0.993,0.673,0.159,0.927,0.568,0.365,0.776,0.778,0.002,0.484,0.023,0.822,0.759,0.5,0.3,0.986,0.147
98,0.718,0.236,0.23,0.761,0.606,0.735,0.503,0.177,0.297,0.483,0.959,0.556,0.087,0.556,0.759,0.737,0.008,0.006,0.748,0.546,0.392,0.311,0.696,0.464,0.256,0.338,0.93,0.672,0.514,0.956,0.491,0.46,0.214,0.209,0.163,0.556,0.318,0.176,0.246,0.716,0.031,0.006,0.224,0.69,0.229,0.071,0.61,0.265,0.179,0.11,0.401,0.049,0.423,0.774,0.228,0.341,0.024,0.632,0.433,0.673,0.947,0.478,0.674,0.76
100,0.951,0.676,0.788,0.858,0.219,0.757,0.491,0.114,0.678,0.801,0.74,0.525,0.065,0.133,0.185,0.62,0.293,0.205,0.739,0.35,0.041,0.434,0.363,0.204,0.436,0.016,0.548,0.919,0.206,0.854,0.136,0.795,0.13,0.577,0.915,0.496,0.215,0.171,0.391,0.241,0.102,0.987,0.026,0.659,0.89,0.139,0.914,0.377,0.891,0.639,0.111,0.073,0.455,0.178,0.147,0.84,0.364,0.768,0.813,0.161,0.211,0.628,0.177,0.31
102,0.104,0.189,0.543,0.36,0.677,0.08,0.712,0.807,0.692,0.927,0.85,0.398,0.377,0.79,0.896,0.903,0.953,0.142,0.067,0.038,0.611,0.191,0.182,0.413,0.475,0.595,0.85,0.279,0.878,0.956,0.732,0.36,0.474,0.248,0.032,0.2,0.164,0.458,0.191,0.976,0.02,0.787,0.384,0.775,0.111,0.494,0.737,0.737,0.706,0.466,0.693,0.641,0.97,0.172,0.429,0.605,0.314,0.273,0.857,0.566,0.814,0.686,0.767,0.236
104,0.069,0.188,0.877,0.344,0.02,0.266,0.851,0.372,0.579,0.674,0.934,0.799,0.127,0.193,0.145,0.161,0.092,0.109,0.279,0.947,0.149,0.802,0.722,0.742,0.844,0.767,0.7,0.641,0.32,0.286,0.524,0.598,0.381,0.747,0.599,0.198,0.119,0.515,0.958,0.204,0.889,0.485,0.13,0.758,0.912,0.45,0.202,0.399,0.383,0.26,0.262,0.665,0.414,0.635,0.048,0.621,0.599,0.698,0.588,0.628,0.868,0.811,0.12,0.351
106,0.247,0.106,0.324,0.808,0.758,0.603,0.415,0.473,0.448,0.251,0.243,0.623,0.978,0.793,0.607,0.04,0.083,0.868,0.549,0.907,0.158,0.7,0.054,0.464,0.894,0.102,0.519,0.068,0.311,0.543,0.783,0.998,0.642,0.407,0.826,0.069,0.118,0.798,0.508,0.266,0.619,0.364,0.307,0.186,0.961,0.399,0.557,0.589,0.194,0.046,0.048,0.639,0.843,0.643,0.134,0.562,0.67,0.856,0.691,0.1,0.077,0.534,0.531,0.455
108,0.674,0.857,0.695,0.888,0.515,0.748,0.905,0.906,0.077,0.715,0.408,0.288,0.804,0.51,0.089,0.038,0.878,0.542,0.391,0.074,0.817,0.861,0.203,0.197,0.886,0.464,0.851,0.434,0.504,0.174,0.176,0.001,0.368,0.516,0.684,0.255,0.772,0.646,0.858,0.673,0.181,0.247,0.39,0.4,0.407,0.422,0.791,0.777,0.033,0.407,0.757,0.494,0.726,0.658,0.037,0.871,0.684,0.714,0.499,0.693,0.317,0.671,0.892,0.327
110,0.507,0.441,0.544,0.978,0.28,0.868,0.049,0.111,0.025,0.919,0.722,0.785,0.692,0.882,0.136,0.422,0.499,0.548,0.909,0.629,0.078,0.764,0.217,0.487,0.472,0.245,0.65,0.628,0.431,0.212,0.969,0.568,0.688,0.431,0.204,0.929,0.421,0.267,0.267,0.911,0.476,0.322,0.605,0.612,0.793,0.568,0.874,0.379,0.469,0.428,0.327,0.403,0.52,0.793,0.013,0.407,0.9,0.674,0.069,0.512,0.281,0.895,0.966,0.048
112,0.123,0.187,0.869,0.973,0.494,0.695,0.082,0.096,0.192,0.673,0.263,0.199,0.971,0.069,0.744,0.343,0.956,0.937,0.048,0.932,0.12,0.854,0.171,0.582,0.259,0.414,0.788,0.83,0.99,0.32,0.595,0.512,0.36,0.433,0.979,0.378,0.602,0.363,0.041,0.058,0.513,0.125,0.71,0.995,0.512,0.585,0.4,0.579,0.909,0.2,0.229,0.692,0.913,0.261,0.44,0.985,0.17,0.613,0.58,0.208,0.54,0.383,0.347,0.078
114,0.816,0.002,0.273,0.127,0.787,0.301,0.572,0.361,0.481,0.422,0.936,0.243,0.967,0.362,0.447,0.813,0.648,0.519,0.886,0.373,0.05,0.748,0.924,0.938,0.909,0.889,0.485,0.596,0.787,0.402,0.238,0.819,0.783,0.157,0.615,0.678,0.442,0.318,0.597,0.502,0.158,0.691,0.374,0.142,0.84,0.746,0.981,0.708,0.607,0.18,0.486,0.562,0.844,0.469,0.702,0.15,0.743,0.243,0.052,0.637,0.745,0.135,0.587,0.147
116,0.285,0.195,0.432,0.611,0.265,0.66,0.724,0.237,0.963,0.103,0.63,0.945,0.592,0.862,0.122,0.626,0.034,0.896,0.085,0.803,0.481,0.234,0.611,0.891,0.54,0.532,0.663,0.057,0.865,0.386,0.076,0.673,0.193,0.11,0.394,0.215,0.872,0.705,0.303,0.811,0.812,0.472,0.615,0.803,0.017,0.213,0.116,0.029,0.331,0.337,0.533,0.793,0.594,0.084,0.28,0.698,0.424,0.663,0.593,0.886,0.173,0.054,0.485,0.19
118,0.123,0.069,0.625,0.093,0.496,0.7,0.34,0.06,0.957,0.429,0.724,0.987,0.666,0.037,0.379,0.663,0.298,0.434,0.517,0.947,0.349,0.011,0.5,0.124,0.46,0.098,0.684,0.148,0.668,0.944,0.086,0.318,0.825,0.301,0.662,0.276,0.897,0.215,0.113,0.086,0.792,0.586,0.802,0.083,0.605,0.908,0.778,0.841,0.684,0.875,0.073,0.06,0.424,0.929,0.009,0.205,0.592,0.964,0.276,0.07,0.543,0.236,0.698,0.513
120,0.372,0.069,0.204,0.526,0.928,0.225,0.653,0.108,0.047,0.396,0.724,0.163,0.872,0.306,0.014,0.322,0.5,0.179,0.01,0.519,0.813,0.335,0.138,0.185,0.565,0.95,0.742,0.874,0.868,0.864,0.52,0.365,0.876,0.139,0.886,0.056,0.679,0.748,0.959,0.282,0.185,0.81,0.135,0.878,0.957,0.914,0.157,0.637,0.926,0.273,0.838,0.958,0.605,0.707,0.126,0.231,0.462,0.289,0.549,0.295,0.864,0.627,0.187,0.311
122,0.905,0.416,0.578,0.781,0.945,0.959,0.694,0.976,0.447,0.789,0.246,0.859,0.994,0.073,1.0,0.272,0.241,0.478,0.573,0.117,0.525,0.316,0.511,0.738,0.456,0.592,0.409,0.105,0.745,0.58,0.369,0.365,0.181,0.29,0.435,0.306,0.131,0.223,0.478,0.106,0.028,0.292,0.837,0.746,0.694,0.759,0.687,0.028,0.751,0.488,0.502,0.234,0.134,0.336,0.185,0.847,0.21,0.599,0.579,0.809,0.771,0.661,0.431,0.449
124,0.425,0.345,0.491,0.287,0.909,0.369,0.379,0.441,0.63,0.887,0.055,0.456,0.699,0.299,0.646,0.033,0.575,0.094,0.612,0.252,0.128,0.711,0.766,0.833,0.159,0.151,0.545,0.928,0.044,0.509,0.983,0.751,0.805,0.575,0.644,0.101,0.495,0.556,0.77,0.969,0.104,0.218,0.153,0.179,0.828,0.839,0.487,0.039,0.931,0.833,0.073,0.028,0.075,0.563,0.886,0.783,0.8,0.673,0.854,0.481,0.567,0.926,0.316,0.72
126,0.91,0.491,0.076,0.166,0.591,0.005,0.883,0.029,0.226,0.169,0.727,0.372,0.063,0.354,0.462,0.984,0.574,0.135,0.049,0.025,0.77,0.542,0.047,0.437,0.909,0.021,0.079,0.173,0.308,0.596,0.36,0.493,0.188,0.283,0.936,0.471,0.596,0.567,0.328,0.4,0.811,0.944,0.708,0.792,0.236,0.573,0.21,0.966,0.004,0.291,0.597,0.991,0.447,0.25,0.137,0.419,0.683,0.395,0.787,0.837,0.36,0.332,0.062,0.04
128,0.242,0.259,0.966,0.839,0.717,0.119,0.748,0.688,0.106,0.926,0.288,0.296,0.345,0.025,0.806,0.139,0.035,0.649,0.216,0.935,0.018,0.828,0.131,0.845,0.403,0.4,0.925,0.717,0.069,0.593,0.342,0.904,0.459,0.524,0.159,0.654,0.507,0.082,0.656,0.001,0.134,0.301,0.346,0.499,0.335,0.173,0.111,0.645,0.046,0.87,0.005,0.285,0.859,0.91,0.919,0.133,0.693,0.524,0.917,0.606,0.16,0.12,0.881,0.682
130,0.494,0.183,0.137,0.07,0.675,0.137,0.547,0.007,0.393,0.021,0.202,0.182,0.339,0.849,0.337,0.658,0.658,0.132,0.772,0.023,0.526,0.148,0.893,0.898,0.414,0.28,0.572,0.572,0.971,0.243,0.9,0.345,0.904,0.686,0.17,0.8,0.245,0.842,0.636,0.856,0.543,0.374,0.01,0.601,0.953,0.867,0.861,0.611,0.953,0.941,0.267,0.825,0.97,0.591,0.436,0.579,0.125,0.978,0.106,0.683,0.727,0.645,0.874,0.514
132,0.611,0.516,0.275,0.068,0.811,0.167,0.847,0.537,0.313,0.023,0.829,0.45,0.792,0.399,0.429,0.808,0.024,0.352,0.887,0.669,0.615,0.784,0.215,0.696,0.495,0.801,0.153,0.371,0.688,0.349,0.528,0.402,0.862,0.161,0.719,0.085,0.098,0.282,0.64,0.311,0.181,0.568,0.585,0.404,0.589,0.686,0.625,0.118,0.357,0.501,0.708,0.295,0.353,0.912,0.799,0.576,0.458,0.721,0.165,0.358,0.617,0.018,0.925,0.022
134,0.148,0.959,0.817,0.464,0.939,0.836,0.107,0.553,0.611,0.634,0.994,0.47,0.64,0.396,0.759,0.738,0.987,0.41,0.24,0.092,0.706,0.906,0.678,0.453,0.71,0.816,0.632,0.324,0.693,0.265,0.629,0.071,0.504,0.852,0.904,0.837,0.659,0.72,0.075,0.057,0.958,0.066,0.043,0.205,0.767,0.997,0.404,0.849,0.371,0.537,0.485,0.964,0.958,0.865,0.017,0.978,0.212,0.551,0.596,0.572,0.97,0.967,0.089,0.729
136,0.184,0.52,0.271,0.717,0.927,0.223,0.649,0.695,0.189,0.154,0.701,0.945,0.639,0.24,0.256,0.122,0.139,0.025,0.952,0.364,0.208,0.342,0.374,0.962,0.881,0.961,0.852,0.442,0.216,0.462,0.341,0.659,0.597,0.83,0.654,0.188,0.86,0.94,0.325,0.341,0.878,0.233,0.588,0.196,0.782,0.103,0.338,0.759,0.827,0.813,0.893,0.201,0.107,0.211,0.277,0.381,0.638,0.982,0.252,0.791,0.909,0.675,0.836,0.993
138,0.747,0.209,0.044,0.124,0.18,0.73,0.252,0.351,0.188,0.01,0.567,0.496,0.964,0.083,0.901,0.966,0.945,0.996,0.919,0.064,0.132,0.572,0.155,0.48,0.448,0.374,0.229,0.709,0.477,0.556,0.536,0.877,0.954,0.931,0.59,0.261,0.167,0.417,0.088,0.713,0.631,0.926,0.363,0.088,0.809,0.998,0.063,0.603,0.25,0.377,0.39,0.396,0.068,0.835,0.835,0.746,0.277,0.072,0.239,0.84,0.381,0.479,0.235,0.238
140,0.929,0.307,0.489,0.977,0.353,0.791,0.836,0.157,0.057,0.057,0.35,0.426,0.284,0.95,0.154,0.699,0.588,0.898,0.995,0.014,0.625,0.565,0.431,0.525,0.864,0.233,0.655,0.327,0.875,0.307,0.946,0.481,0.735,0.117,0.06,0.515,0.043,0.861,0.95,0.257,0.338,0.454,0.432,0.693,0.219,0.431,0.619,0.009,0.226,0.85,0.41,0.248,0.742,0.525,0.617,0.027,0.775,0.637,0.735,0.207,0.018,0.583,0.485,0.187
142,0.346,0.509,0.93,0.32,0.715,0.468,0.841,0.071,0.599,0.664,0.185,0.818,0.745,0.45,0.929,0.904,0.657,0.478,0.842,0.461,0.041,0.228,0.563,0.672,0.632,0.068,0.154,0.406,0.425,0.318,0.555,0.284,0.469,0.445,0.441,0.333,0.757,0.922,0.467,0.505,0.139,0.172,0.642,0.671,0.334,0.938,0.537,0.208,0.002,0.539,0.17,0.582,0.567,0.041,0.895,0.661,0.861,0.717,0.624,0.395,0.09,0.266,0.526,0.486
144,0.439,0.227,0.428,0.609,0.837,0.653,0.527,0.389,0.563,0.68,0.556,0.849,0.239,0.902,0.431,0.867,0.38,0.853,0.507,0.37,0.056,0.046,0.587,0.529,0.186,0.988,0.862,0.504,0.19,0.403,0.538,0.653,0.23,0.147,0.826,0.52,0.222,0.493,0.619,0.083,0.514,0.194,0.071,0.04,0.511,0.33,0.374,0.421,0.942,0.51,0.343,0.011,0.03,0.015,0.054,0.481,0.022,0.007,0.958,0.032,0.934,0.947,0.241,0.221
146,0.386,0.923,0.544,0.458,0.404,0.481,0.5,0.056,0.668,0.681,0.116,0.513,0.351,0.19,0.875,0.441,0.142,0.261,0.606,0.768,0.009,0.776,0.316,0.03,0.522,0.962,0.458,0.806,0.562,0.491,0.244,0.276,0.282,0.059,0.642,0.073,0.258,0.626,0.929,0.874,0.964,0.452,0.404,0.964,0.722,0.602,0.28,0.351,0.646,0.693,0.217,0.676,0.053,0.913,0.976,0.52,0.449,0.485,0.399,0.756,0.652,0.982,0.342,0.785
148,0.866,0.715,0.4,0.151,0.056,0.969,0.964,0.076,0.258,0.11,0.171,0.237,0.35,0.5,0.854,0.319,0.134,0.683,0.1,0.412,0.075,0.993,0.255,0.656,0.319,0.088,0.041,0.734,0.326,0.812,0.446,0.392,0.947,0.561,0.803,0.768,0.305,0.83,0.764,0.507,0.034,0.13,0.709,0.827,0.44,0.847,0.331,0.811,0.816,0.708,0.612,0.116,0.217,0.145,0.375,0.78,0.013,0.075,0.366,0.058,0.743,0.554,0.309,0.077
150,0.844,0.768,0.759,0.619,0.867,0.319,0.324,0.191,0.356,0.475,0.381,0.836,0.268,0.345,0.814,0.577,0.541,0.02,0.366,0.123,0.824,0.577,0.198,0.111,0.234,0.769,0.63,0.541,0.035,0.28,0.068,0.021,0.883,0.874,0.051,0.154,0.758,0.658,0.301,0.988,0.579,0.787,0.018,0.239,0.022,0.445,0.149,0.943,0.341,0.981,0.582,0.477,0.288,0.58,0.448,0.642,0.695,0.958,0.882,0.816,0.22,0.564,0.193,0.628
152,0.745,0.932,0.408,0.468,0.342,0.918,0.703,0.414,0.187,0.116,0.341,0.285,0.578,0.156,0.648,0.107,0.377,0.231,0.586,0.826,0.262,0.439,0.579,0.301,0.451,0.395,0.387,0.931,0.802,0.797,0.295,0.423,0.554,0.372,0.855,0.221,0.148,0.719,0.277,0.256,0.74,0.332,0.81,0.507,0.421,0.042,0.634,0.443,0.183,0.657,0.359,0.925,0.4,0.97,0.163,0.348,0.464,0.055,0.521,0.139,0.902,0.797,0.083,0.424
154,0.909,0.351,0.267,0.118,0.72,0.077,0.563,0.861,0.056,0.151,0.184,0.199,0.722,0.298,0.437,0.898,0.814,0.686,0.512,0.869,0.322,0.341,0.61,0.767,0.042,0.856,0.604,0.404,0.969,0.956,0.145,0.891,0.042,0.814,0.939,0.205,0.717,0.001,0.327,0.263,0.815,0.689,0.411,0.963,0.749,0.84,0.867,0.767,0.059,0.405,0.484,0.666,0.805,0.974,0.82,0.661,0.751,0.347,0.694,0.382,0.652,0.479,0.307,0.289
156,0.401,0.394,0.288,0.007,0.235,0.6,0.824,0.722,0.011,0.008,0.808,0.146,0.247,0.219,0.81,0.294,0.158,0.215,0.444,0.807,0.574,0.093,0.963,0.319,0.352,0.582,0.112,0.418,0.139,0.435,0.099,0.741,0.952,0.316,0.899,0.491,0.273,0.882,0.163,0.147,0.751,0.704,0.94,0.834,0.208,0.617,0.553,0.114,0.709,0.5,0.33,0.24,0.634,0.39,0.735,0.035,0.073,0.388,0.289,0.734,0.855,0.686,0.528,0.667
158,0.968,0.773,0.914,0.668,0.478,0.262,0.911,0.093,0.663,0.886,0.182,0.846,0.508,0.932,0.091,0.882,0.491,0.623,0.317,0.48,0.059,0.904,0.24,0.749,0.139,0.789,0.193,0.571,0.002,0.162,0.089,0.583,0.249,0.299,0.015,0.868,0.82,0.908,0.695,0.917,0.452,0.392,0.783,0.415,0.056,0.161,0.518,0.268,0.365,0.919,0.695,0.351,0.718,0.383,0.133,0.106,0.993,0.76,0.484,0.492,0.013,0.679,0.97,0.275
160,0.628,0.263,0.386,0.726,0.806,0.981,0.698,0.817,0.561,0.016,0.41,0.641,0.763,0.12,0.123,0.365,0.397,0.155,0.753,0.877,0.761,0.638,0.844,0.545,0.089,0.379,0.407,0.969,0.728,0.276,0.091,0.043,0.135,0.735,0.441,0.464,0.499,0.61,0.517,0.815,0.367,0.995,0.42,0.408,0.335,0.525,0.968,0.996,0.907,0.964,0.032,0.033,0.861,0.646,0.837,0.954,0.044,0.884,0.314,0.89,0.723,0.098,0.388,0.004
162,0.003,0.175,0.238,0.744,0.671,0.92,0.325,0.11,0.673,0.59,0.317,0.384,0.856,0.974,0.223,0.241,0.257,0.011,0.203,0.105,0.237,1.0,0.889,0.401,0.194,0.523,0.521,0.312,0.756,0.937,0.013,0.44,0.001,0.792,0.114,0.057,0.95,0.153,0.642,0.587,0.846,0.479,0.341,0.769,0.538,0.221,0.101,0.836,0.616,0.412,0.097,0.04,0.228,0.044,0.112,0.715,0.811,0.144,0.326,0.012,0.527,0.131,0.892,0.945
164,0.171,0.607,0.013,0.987,0.543,0.827,0.758,0.594,0.982,0.551,0.641,0.521,0.547,0.214,0.681,0.504,0.484,0.282,0.02,0.672,0.403,0.096,0.022,0.675,0.25,0.795,0.789,0.402,0.129,0.023,0.342,0.045,0.169,0.055,0.708,0.913,0.221,0.948,0.671,0.525,0.946,0.657,0.651,0.382,0.303,0.647,0.548,0.842,0.245,0.779,0.469,0.387,0.582,0.625,0.743,0.798,0.769,0.107,0.815,0.632,0.872,0.416,0.246,0.767
166,0.512,0.612,0.212,0.688,0.071,0.853,0.552,0.493,0.621,0.48,0.431,0.385,0.194,0.166,0.582,0.327,0.008,0.171,0.046,0.712,0.276,0.961,0.144,0.688,0.671,0.433,0.64,0.441,0.159,0.671,0.23,0.523,0.182,0.106,0.351,0.448,0.458,0.68,0.559,0.089,0.829,0.809,0.217,0.762,0.617,0.285,0.369,0.072,0.62,0.595,0.792,0.516,0.998,0.873,0.781,0.756,0.537,0.646,0.272,0.13,0.367,0.712,0.822,0.707
168,0.25,0.683,0.92,0.704,0.463,0.49,0.81,0.462,0.566,0.318,0.335,0.188,0.001,0.27,0.448,0.379,0.721,0.486,0.114,0.909,0.62,0.193,0.291,0.515,0.214,0.296,0.968,0.481,0.401,0.593,0.311,0.722,0.736,0.05,0.881,0.94,0.726,0.033,0.268,0.205,0.145,0.005,0.716,0.226,0.732,0.615,0.332,0.443,0.612,0.048,0.608,0.522,0.535,0.715,0.438,0.159,0.765,0.496,0.867,0.17,0.175,0.589,0.642,0.661
170,0.44,0.853,0.424,0.124,0.643,0.174,0.911,0.603,0.909,0.264,0.752,0.686,0.884,0.675,0.743,0.368,0.271,0.889,0.226,0.638,0.623,0.681,0.665,0.99,0.137,0.855,0.198,0.714,0.816,0.867,0.161,0.391,0.65,0.739,0.942,0.378,0.588,0.575,0.214,0.98,0.818,0.597,0.559,0.717,0.824,0.492,0.737,0.418,0.334,0.16,0.616,0.291,0.577,0.519,0.376,0.92,0.337,0.851,0.432,0.507,0.412,0.039,0.342,0.546
172,0.616,0.111,0.626,0.048,0.062,0.255,0.872,0.477,0.599,0.479,0.239,0.046,0.631,0.12,0.885,0.202,0.188,0.021,0.555,0.863,0.75,0.464,0.805,0.143,0.675,0.758,0.406,0.914,0.018,0.585,0.1,0.051,0.738,0.244,0.961,0.885,0.422,0.015,0.696,0.92,0.941,0.37,0.658,0.436,0.207,0.482,0.107,0.364,0.013,0.718,0.394,0.848,0.507,0.289,0.401,0.247,0.714,0.379,0.935,0.375,0.016,0.345,0.637,0.143
174,0.919,0.474,0.386,0.07,0.561,0.453,0.586,0.057,0.934,0.513,0.551,0.964,0.321,0.371,0.247,0.451,0.582,0.153,0.395,0.181,0.181,0.196,0.477,0.612,0.062,0.396,0.843,0.387,0.312,0.728,0.853,0.906,0.988,0.883,0.97,0.952,0.045,0.388,0.116,0.561,0.498,0.826,0.333,0.185,0.567,0.648,0.072,0.061,0.483,0.444,0.63,0.06,0.261,0.779,0.839,0.758,0.926,0.765,0.578,0.763,0.369,0.928,0.565,0.634
176,0.596,0.228,0.903,0.971,0.104,0.478,0.443,0.543,0.704,0.772,0.021,0.911,0.553,0.505,0.145,0.647,0.456,0.123,0.641,0.802,0.182,0.193,0.351,0.449,0.845,0.047,0.134,0.802,0.012,0.726,0.332,0.833,0.055,0.197,0.537,0.108,0.026,0.875,0.862,0.527,0.818,0.859,0.222,0.671,0.213,0.132,0.682,0.284,0.146,0.354,0.507,0.89,0.113,0.043,0.466,0.86,0.467,0.635,0.579,0.034,0.037,0.761,0.76,0.469
178,0.655,0.841,0.747,0.237,0.738,0.12,0.749,0.729,0.997,0.255,0.216,0.534,0.099,0.129,0.837,0.119,0.715,0.297,0.175,0.802,0.1,0.559,0.325,0.143,0.728,0.391,0.589,0.388,0.522,0.825,0.623,0.793,0.255,0.529,0.018,0.788,0.093,0.259,0.388,0.878,0.92,0.7,0.428,0.458,0.584,0.763,0.751,0.099,0.573,0.022,0.492,0.571,0.438,0.279,0.831,0.283,0.816,0.795,0.778,0.57,0.954,0.727,0.288,0.768
180,0.044,0.854,0.034,0.877,0.521,0.14,0.473,0.518,0.33,0.455,0.596,0.965,0.389,0.06,0.934,0.947,0.612,0.779,0.703,0.536,0.355,0.966,0.902,0.88,0.848,0.974,0.858,0.466,0.659,0.361,0.194,0.288,0.344,0.696,0.771,0.794,0.348,0.195,0.093,0.97,0.098,0.363,0.051,0.337,0.173,0.128,0.665,0.301,0.744,0.489,0.993,0.607,0.39,0.456,0.686,0.807,0.896,0.41,0.151,0.68,0.923,0.511,0.469,0.937
182,0.136,0.609,0.575,0.698,0.986,0.541,0.459,0.756,0.908,0.086,0.064,0.714,0.07,0.413,0.856,0.848,0.772,0.776,0.319,0.446,0.915,0.258,0.652,0.036,0.809,0.568,0.015,0.745,0.812,0.339,0.96,0.89,0.857,0.239,0.938,0.308,0.997,0.008,0.018,0.873,0.429,0.002,0.562,0.7,0.598,0.619,0.377,0.883,0.974,0.013,0.941,0.481,0.643,0.474,0.382,0.247,0.23,0.204,0.273,0.787,0.772,0.538,0.544,0.185
184,0.329,0.683,0.977,0.826,0.795,0.526,0.905,0.632,0.317,0.701,0.57,0.902,0.41,0.046,0.505,0.83,0.458,0.944,0.906,0.928,0.484,0.672,0.432,0.535,0.727,0.94,0.703,0.927,0.804,0.58,0.393,0.785,0.042,0.306,0.02,0.204,0.972,0.933,0.888,0.426,0.217,0.466,0.354,0.16,0.897,0.438,0.827,0.159,0.285,0.794,0.991,0.846,0.094,0.576,0.324,0.358,0.408,0.205,0.8,0.5,0.227,0.511,0.447,0.2
186,0.154,0.858,0.02,0.158,0.319,0.64,0.109,0.351,0.137,0.749,0.376,0.784,0.927,0.539,0.527,0.601,0.028,0.244,0.246,0.099,0.921,0.147,0.037,0.249,0.46,0.109,0.733,0.898,0.036,0.836,0.753,0.577,0.545,0.377,0.302,0.949,0.04,0.26,0.676,0.756,0.818,0.327,0.686,0.624,0.01,0.557,0.377,0.282,0.028,0.026,0.493,0.344,0.575,0.318,0.837,0.944,0.413,0.45,0.162,0.092,0.108,0.247,0.227,0.044
188,0.424,0.627,0.449,0.311,0.028,0.127,0.572,0.901,0.752,0.358,0.001,0.39,0.685,0.809,0.932,0.947,0.11,0.006,0.845,0.673,0.398,0.738,0.385,0.485,0.698,0.922,0.19,0.402,0.529,0.104,0.648,0.224,0.852,0.015,0.165,0.059,0.482,0.148,0.436,0.298,0.826,0.056,0.947,0.194,0.625,0.928,0.52,0.88,0.071,0.863,0.868,0.369,0.704,0.709,0.063,0.948,0.433,0.395,0.112,0.314,0.778,0.549,0.327,0.449
190,0.147,0.397,0.668,0.954,0.538,0.274,0.009,0.303,0.509,0.811,0.673,0.751,0.646,0.458,0.032,0.464,0.952,0.965,0.12,0.183,0.264,0.056,0.389,0.254,0.871,0.899,0.631,0.372,0.73,0.332,0.844,0.072,0.602,0.017,0.682,0.094,0.076,0.409,0.562,0.195,0.666,0.248,0.215,0.743,0.886,0.724,0.313,0.045,0.513,0.442,0.132,0.377,0.879,0.794,0.965,0.829,0.19,0.01,0.958,0.525,0.149,0.557,0.638,0.901
192,0.636,0.361,0.346,0.568,0.395,0.586,0.573,0.269,0.216,0.529,0.832,0.86,0.147,0.686,0.517,0.858,0.198,0.915,0.458,0.361,0.858,0.943,0.898,0.324,0.041,0.656,0.337,0.121,0.378,0.378,0.496,0.952,0.224,0.725,0.259,0.699,0.994,0.865,0.774,0.526,0.782,0.689,0.976,0.611,0.459,0.974,0.057,0.692,0.816,0.702,0.28,0.501,0.638,0.144,0.457,0.04,0.797,0.657,0.969,0.782,0.682,0.201,0.582,0.548
194,0.538,0.523,0.237,0.163,0.729,0.464,0.532,0.174,0.212,0.676,0.31,0.422,0.172,0.508,0.156,0.582,0.721,0.476,0.057,0.285,0.152,0.864,0.28,0.936,0.779,0.072,0.938,0.853,0.615,0.385,0.918,0.554,0.609,0.772,0.884,0.883,0.005,0.889,0.355,0.406,0.604,0.762,0.031,0.16,0.004,0.243,0.827,0.1,0.099,0.892,0.678,0.793,0.494,0.687,0.939,0.187,0.924,0.292,0.897,0.933,0.424,0.071,0.844,0.842
196,0.711,0.562,0.472,0.145,0.397,0.283,0.976,0.72,0.578,0.243,0.932,0.002,0.07,0.832,0.049,0.044,0.015,0.495,0.913,0.86,0.052,0.168,0.265,0.876,0.382,0.403,0.294,0.983,0.437,0.532,0.595,0.871,0.112,0.792,0.966,0.139,0.853,0.108,0.988,0.357,0.94,0.615,0.612,0.32,0.998,0.566,0.051,0.558,0.607,0.741,0.659,0.923,0.929,0.9,0.349,0.406,0.904,0.757,0.625,0.209,0.617,0.855,0.678,0.659
198,0.276,0.275,0.213,0.799,0.647,0.059,0.121,0.015,0.359,0.494,0.891,0.248,0.002,0.112,0.875,0.419,0.197,0.053,0.63,0.613,0.187,0.251,0.629,0.301,0.328,0.576,0.991,0.437,0.354,0.39,0.751,0.733,0.632,0.227,0.67,0.788,0.529,0.086,0.216,0.975,0.059,0.199,0.156,0.412,0.836,0.56,0.446,0.061,0.032,0.059,0.223,0.074,0.812,0.575,0.264,0.555,0.976,0.302,0.701,0.093,0.682,0.848,0.529,0.409
200,0.126,0.622,0.12,0.801,0.887,0.998,0.562,0.782,0.795,0.762,0.978,0.891,0.899,0.302,0.256,0.718,0.608,0.771,0.517,0.838,0.134,0.841,0.155,0.189,0.916,0.608,0.377,0.588,0.67,0.256,0.861,0.427,0.812,0.838,0.531,0.489,0.25,0.615,0.32,0.875,0.097,0.77,0.621,0.995,0.172,0.681,0.089,0.281,0.397,0.891,0.747,0.874,0.308,0.099,0.29,0.373,0.417,0.786,0.733,0.049,0.949,0.814,0.134,0.697
202,0.864,0.311,0.955,0.77,0.589,0.367,0.373,0.887,0.085,0.297,0.944,0.773,0.15,0.241,0.879,0.658,0.618,0.413,0.604,0.61,0.722,0.99,0.739,0.866,0.905,0.225,0.295,0.994,0.482,0.895,0.474,0.42,0.175,0.661,0.583,0.442,0.514,0.295,0.823,0.418,0.588,0.566,0.712,0.331,0.826,0.183,0.172,0.459,0.588,0.846,0.809,0.977,0.0,0.547,0.194,0.142,0.509,0.287,0.145,0.086,0.538,0.553,0.227,0.397
204,0.239,0.732,0.751,0.196,0.213,0.011,0.793,0.498,0.199,0.084,0.732,0.458,0.787,0.722,0.062,0.425,0.546,0.963,0.397,0.603,0.204,0.967,0.031,0.431,0.696,0.253,0.276,0.047,0.153,0.655,0.56,0.202,0.892,0.906,0.522,0.873,0.037,0.611,0.155,0.674,0.042,0.44,0.496,0.029,0.118,0.069,0.078,0.698,0.941,0.82,0.284,0.713,0.363,0.709,0.999,0.985,0.125,0.081,0.433,0.553,0.741,0.029,0.471,0.07
206,0.965,0.106,0.274,0.244,0.344,0.628,0.182,0.898,0.501,0.004,0.388,0.733,0.291,0.348,0.159,0.346,0.304,0.988,0.026,0.735,0.421,0.522,0.63,0.572,0.611,0.124,0.348,0.304,0.741,0.228,0.718,0.908,0.93,0.741,0.683,0.403,0.533,0.824,0.345,0.543,0.78,0.152,0.327,0.383,0.364,0.899,0.537,0.105,0.121,0.58,0.159,0.062,0.894,0.613,0.447,0.237,0.988,0.756,0.221,0.027,0.197,0.164,0.151,0.851
208,0.456,0.433,0.986,0.586,0.725,0.455,0.912,0.042,0.111,0.06,0.771,0.851,0.372,0.417,0.662,0.015,0.562,0.642,0.995,0.666,0.489,0.923,0.7,0.736,0.352,0.205,0.962,0.623,0.826,0.335,0.373,0.646,0.862,0.471,0.678,0.575,0.244,0.38,0.845,0.239,0.123,0.756,0.838,0.513,0.499,0.861,0.798,0.402,0.133,0.075,0.664,0.938,0.212,0.389,0.471,0.959,0.367,0.758,0.363,0.062,0.851,0.623,0.522,0.038
210,0.403,0.129,0.259,0.366,0.423,0.37,0.857,0.236,0.814,0.808,0.594,0.648,0.69,0.911,0.271,0.087,0.714,0.332,0.632,0.52,0.71,0.219,0.655,0.613,0.722,0.04,0.914,0.818,0.913,0.654,0.66,0.109,0.427,0.254,0.108,0.072,0.074,0.942,0.399,0.442,0.253,0.903,0.807,0.853,0.819,0.286,0.246,0.055,0.76,0.525,0.748,0.493,0.732,0.033,0.778,0.229,0.693,0.201,0.393,0.606,0.478,0.162,0.516,0.183
212,0.728,0.293,0.443,0.788,0.283,0.367,0.474,0.676,0.985,0.43,0.989,0.878,0.943,0.663,0.353,0.32,0.261,0.613,0.326,0.616,0.34,0.005,0.881,0.614,0.535,0.366,0.48,0.34,0.461,0.555,0.678,0.825,0.923,0.016,0.03,0.6,0.117,0.132,0.895,0.639,0.821,0.025,0.971,0.298,0.604,0.495,0.062,0.567,0.175,0.83,0.026,0.133,0.307,0.605,0.485,0.322,0.006,0.138,0.624,0.052,0.025,0.565,0.477,0.435
214,0.005,0.373,0.994,0.958,0.413,0.606,0.888,0.527,0.141,0.102,0.382,0.317,0.721,0.36,0.683,0.08,0.963,0.644,0.867,0.82,0.59,0.124,0.899,0.244,0.771,0.774,0.986,0.668,0.036,0.135,0.934,0.776,0.963,0.587,0.764,0.643,0.113,0.866,0.013,0.171,0.181,0.485,0.019,0.483,0.177,0.635,0.212,0.599,0.601,0.988,0.9,0.719,0.524,0.617,0.61,0.479,0.967,0.664,0.782,0.997,0.836,0.228,0.24,0.369
216,0.783,0.832,0.074,0.335,0.731,0.365,0.482,0.329,0.114,0.115,0.286,0.64,0.048,0.645,0.203,0.545,0.154,0.086,0.666,0.77,0.782,0.838,0.149,0.365,0.923,0.741,0.074,0.505,0.247,0.771,0.123,0.738,0.54,0.155,0.409,0.113,0.493,0.236,0.161,0.724,0.46,0.809,0.818,0.421,0.381,0.539,0.325,0.515,0.727,0.513,0.054,0.125,0.343,0.149,0.764,0.447,0.305,0.613,0.13,0.609,0.35,0.063,0.579,0.468
218,0.513,0.399,0.034,0.7,0.382,0.99,0.814,0.537,0.493,0.36,0.185,0.764,0.972,0.444,0.654,0.07,0.71,0.583,0.355,0.561,0.483,0.833,0.091,0.01,0.1,0.345,0.393,0.108,0.214,0.082,0.173,0.341,0.149,0.828,0.21,0.923,0.463,0.342,0.529,0.409,0.29,0.644,0.462,0.082,0.637,0.357,0.265,0.129,0.215,0.241,0.354,0.973,0.57,0.33,0.173,0.077,0.772,0.701,0.228,0.344,0.753,0.792,0.928,0.645
220,0.912,0.758,0.936,0.977,0.967,0.746,0.071,0.481,0.914,0.497,0.808,0.906,0.597,0.7,0.573,0.58,0.621,0.95,0.446,0.402,0.65,0.677,0.215,0.232,0.191,0.241,0.487,0.596,0.652,0.353,0.486,0.881,0.4,0.853,0.365,0.552,0.865,0.477,0.391,0.573,0.888,0.544,0.701,0.172,0.268,0.542,0.525,0.045,0.281,0.956,0.456,0.866,0.523,0.502,0.266,0.805,0.453,0.377,0.879,0.319,0.253,0.551,0.124,0.949
222,0.301,0.058,0.944,0.969,0.759,0.813,0.439,0.643,0.677,0.377,0.12,0.39,0.539,0.398,0.681,0.903,0.193,0.034,0.229,0.943,0.183,0.624,0.401,0.63,0.676,0.553,0.742,0.876,0.596,0.523,0.99,0.372,0.361,0.4,0.269,0.924,0.055,0.842,0.756,0.603,0.33,0.764,0.336,0.585,0.655,0.425,0.982,0.459,0.644,0.785,0.941,0.384,0.966,0.193,0.204,0.242,0.347,0.245,0.513,0.41,0.91,0.764,0.775,0.664
224,0.13,0.84,0.576,0.551,0.935,0.885,0.004,0.162,0.864,0.019,0.196,0.082,0.158,0.179,0.08,0.667,0.438,0.79,0.972,0.335,0.353,0.82,0.283,0.767,0.965,0.07,0.206,0.363,0.068,0.44,0.785,0.793,0.17,0.136,0.662,0.031,0.807,0.938,0.948,0.521,0.45,0.78,0.811,0.646,0.031,0.214,0.924,0.814,0.64,0.911,0.722,0.675,0.124,0.253,0.612,0.684,0.517,0.015,0.745,0.761,0.828,0.503,0.726,0.78
226,0.077,0.639,0.217,0.528,0.365,0.1,0.716,0.265,0.886,0.515,0.803,0.527,0.065,0.353,0.539,0.74,0.375,0.364,0.976,0.534,0.997,0.479,0.871,0.488,0.617,0.338,0.538,0.522,0.312,0.255,0.455,0.215,0.179,0.088,0.403,0.856,0.753,0.125,0.522,0.008,0.536,0.766,0.879,0.594,0.007,0.156,0.136,0.595,0.28,0.912,0.74,0.766,0.841,0.113,0.115,0.095,0.687,0.58,0.072,0.267,0.675,0.942,0.662,0.456
228,0.029,0.21,0.301,0.62,0.675,0.934,0.965,0.193,0.731,0.058,0.51,0.541,0.894,0.406,0.636,0.716,0.387,0.862,0.902,0.809,0.928,0.46,0.992,0.71,0.484,0.653,0.552,0.082,0.106,0.882,0.923,0.775,0.531,0.357,0.184,0.104,0.157,0.442,0.937,0.219,0.684,0.083,0.644,0.058,0.342,0.734,0.638,0.504,0.417,0.109,0.125,0.774,0.988,0.333,0.732,0.912,0.324,0.464,0.384,0.904,0.949,0.713,0.132,0.007
230,0.076,0.571,0.272,0.795,0.224,0.233,0.89,0.944,0.31,0.274,0.333,0.216,0.521,0.915,0.423,0.314,0.782,0.222,0.853,0.079,0.281,0.957,0.543,0.122,0.772,0.113,0.317,0.578,0.582,0.447,0.367,0.97,0.976,0.594,0.937,0.981,0.803,0.443,0.149,0.543,0.861,0.831,0.02,0.913,0.969,0.129,0.278,0.881,0.777,0.091,0.749,0.491,0.289,0.704,0.11,0.995,0.731,0.826,0.427,0.803,0.392,0.746,0.18,0.918
232,0.686,0.021,0.301,0.114,0.942,0.105,0.756,0.162,0.281,0.162,0.109,0.203,0.216,0.103,0.573,0.275,0.868,0.744,0.092,0.6,0.513,0.524,0.253,0.283,0.038,0.514,0.006,0.929,0.301,0.496,0.267,0.163,0.277,0.533,0.135,0.277,0.561,0.704,0.383,0.651,0.896,0.334,0.389,0.172,0.631,0.844,0.848,0.76,0.973,0.487,0.005,0.437,0.252,0.621,0.654,0.889,0.656,0.515,0.315,0.188,0.552,0.632,0.215,0.468
234,0.775,0.139,0.057,0.63,0.192,0.444,0.862,0.821,0.167,0.404,0.371,0.823,0.707,0.742,0.219,0.625,0.293,0.69,0.096,0.334,0.554,0.625,0.06,0.963,0.895,0.151,0.939,0.038,0.549,0.701,0.555,0.213,0.769,0.211,0.532,0.235,0.148,0.191,0.781,0.72,0.209,0.716,0.226,0.631,0.809,0.719,0.417,0.184,0.802,0.616,0.164,0.644,0.921,0.119,0.14,0.983,0.718,0.007,0.015,0.638,0.163,0.138,0.793,0.908
236,0.824,0.168,0.393,0.038,0.366,0.386,0.091,0.635,0.07,0.849,0.753,0.673,0.133,0.067,0.632,0.86,0.905,0.911,0.578,0.453,0.899,0.939,0.248,0.683,0.269,0.319,0.3,0.292,0.345,0.411,0.145,0.752,0.699,0.193,0.446,0.475,0.841,0.086,0.456,0.653,0.571,0.669,0.378,0.932,0.538,0.766,0.633,0.643,0.023,0.996,0.855,0.203,0.778,0.202,0.351,0.701,0.374,0.979,0.511,0.588,0.804,0.061,0.662,0.24
238,0.551,0.238,0.419,0.777,0.291,0.166,0.108,0.813,0.817,0.158,0.299,0.129,0.52,0.475,0.446,0.691,0.519,0.244,0.466,0.266,0.921,0.504,0.843,0.981,0.387,0.273,0.765,0.206,0.39,0.132,0.031,0.544,0.449,0.587,0.576,0.322,0.013,0.176,0.516,0.908,0.647,0.942,0.451,0.304,0.675,0.998,0.943,0.772,0.511,0.296,0.813,0.721,0.277,0.961,0.049,0.912,0.152,0.138,0.601,0.803,0.203,0.621,0.93,0.306
240,0.833,0.595,0.057,0.297,0.634,0.609,0.621,0.434,0.388,0.832,0.396,0.614,0.974,0.67,0.691,0.223,0.299,0.123,0.235,0.077,0.033,0.946,0.672,0.089,0.21,0.138,0.429,0.557,0.736,0.828,0.602,0.859,0.866,0.681,0.132,0.017,0.527,0.961,0.855,0.05,0.404,0.183,0.566,0.685,0.136,0.005,0.373,0.643,0.354,0.169,0.966,0.002,0.538,0.208,0.7,0.703,0.605,0.53,0.721,0.11,0.683,0.453,0.869,0.081
242,0.91,0.12,0.208,0.421,0.723,0.633,0.163,0.341,0.194,0.554,0.257,0.394,0.628,0.951,0.943,0.331,0.287,0.188,0.965,0.538,0.598,0.312,0.696,0.957,0.28,0.711,0.862,0.714,0.827,0.902,0.94,0.063,0.597,0.111,0.187,0.971,0.544,0.124,0.435,0.988,0.922,0.042,0.875,0.841,0.698,0.479,0.329,0.844,0.461,0.367,0.229,0.763,0.674,0.808,0.091,0.549,0.497,0.204,0.555,0.88,0.552,0.537,0.017,0.346
244,0.789,0.968,0.955,0.166,0.003,0.422,0.776,0.695,0.636,0.26,0.808,0.818,0.097,0.572,0.65,0.726,0.267,0.801,0.172,0.355,0.471,0.641,0.451,0.306,0.667,0.717,0.139,0.281,0.359,0.462,0.779,0.276,0.22,0.419,0.774,0.232,0.192,0.661,0.381,0.727,0.402,0.035,0.284,0.566,0.535,0.552,1.0,0.632,0.759,0.592,0.131,0.108,0.815,0.232,0.661,0.172,0.333,0.031,0.528,0.86,0.451,0.796,0.043,0.257
246,0.431,0.714,0.598,0.037,0.523,0.264,0.512,0.782,0.159,0.575,0.618,0.183,0.775,0.061,0.487,0.442,0.791,0.704,0.235,0.804,0.446,0.962,0.728,0.42,0.073,0.663,0.058,0.623,0.054,0.76,0.263,0.583,0.487,0.908,0.841,0.165,0.195,0.19,0.459,0.956,0.726,0.547,0.117,0.259,0.643,0.068,0.487,0.798,0.614,0.502,0.373,0.567,0.128,0.273,0.213,0.087,0.205,0.095,0.57,0.409,0.906,0.12,0.292,0.189
248,0.4,0.529,0.465,0.1,0.248,0.735,0.396,0.415,0.713,0.063,0.511,0.882,0.362,0.98,0.794,0.884,0.684,0.389,0.341,0.569,0.02,0.19,0.786,0.46,0.047,0.44,0.201,0.943,0.629,0.973,0.991,0.98,0.496,0.011,0.56,0.546,0.009,0.469,0.412,0.055,0.365,0.673,0.541,0.044,0.141,0.892,0.003,0.518,0.561,0.334,0.65,0.075,0.797,0.086,0.838,0.092,0.851,0.958,0.15,0.025,0.612,0.111,0.89,0.357
250,0.805,0.892,0.242,0.586,0.023,0.561,0.643,0.58,0.359,0.587,0.319,0.106,0.619,0.945,0.163,0.752,0.986,0.653,0.815,0.633,0.918,0.949,0.756,0.969,0.042,0.737,0.945,0.634,0.697,0.208,0.19,0.531,0.513,0.587,0.255,0.659,0.689,0.361,0.944,0.354,0.54,0.77,0.207,0.617,0.12,0.624,0.171,0.547,0.964,0.757,0.529,0.133,0.819,0.068,0.783,0.675,0.36,0.712,0.098,0.016,0.134,0.403,0.106,0.16
252,0.196,0.225,0.771,0.139,0.654,0.749,0.755,0.449,0.971,0.595,0.362,0.249,0.388,0.883,0.96,0.655,0.636,0.981,0.224,0.963,0.152,0.945,0.89,0.003,0.053,0.523,0.848,0.464,0.779,0.577,0.495,0.205,0.411,0.908,0.283,0.875,0.369,0.56,0.137,0.3,0.409,0.358,0.329,0.402,0.56,0.966,0.849,0.386,0.514,0.98,0.318,0.416,0.184,0.567,0.43,0.954,0.967,0.275,0.329,0.449,0.747,0.354,0.548,0.221
254,0.433,0.891,0.827,0.468,0.419,0.962,0.038,0.96,0.5,0.093,0.376,0.076,0.886,0.623,0.133,0.474,0.447,0.337,0.357,0.435,0.684,0.981,0.539,0.592,0.826,0.626,0.403,0.222,0.658,0.806,0.887,0.445,0.528,0.968,0.923,0.697,0.727,0.638,0.388,0.074,0.92,0.151,0.237,0.903,0.996,0.312,0.702,0.511,0.056,0.974,0.096,0.042,0.72,0.615,0.91,0.726,0.828,0.003,0.737,0.927,0.009,0.555,0.742,0.481
256,0.221,0.749,0.257,0.706,0.514,0.331,0.814,0.071,0.838,0.247,0.29,0.018,0.434,0.897,0.969,0.269,0.355,0.346,0.379,0.917,0.331,0.49,0.185,0.816,0.456,0.006,0.479,0.098,0.468,0.048,0.595,0.603,0.977,0.698,0.791,0.237,0.552,0.647,0.603,0.805,0.929,0.441,0.028,0.537,0.313,0.314,0.509,0.438,0.007,0.662,0.762,0.474,0.321,0.765,0.784,0.588,0.7,0.347,0.047,0.31,0.761,0.808,0.298,0.773
258,0.306,0.164,0.445,0.856,0.408,0.052,0.013,0.41,0.3,0.01,0.17,0.009,0.5,0.076,0.468,0.053,0.811,0.784,0.762,0.338,0.975,0.016,0.705,0.873,0.933,0.651,0.619,0.43,0.097,0.387,0.851,0.503,0.45,0.614,0.792,0.777,0.456,0.802,0.836,0.317,0.205,0.933,0.099,0.892,0.882,0.884,0.444,0.45,0.904,0.002,0.206,0.567,0.051,0.047,0.744,0.971,0.42,0.971,0.252,0.57,0.064,0.801,0.143,0.922
260,0.661,0.134,0.977,0.288,0.327,0.024,0.205,0.748,0.329,0.27,0.054,0.038,0.507,0.452,0.715,0.203,0.762,0.886,0.627,0.308,0.457,0.553,0.79,0.94,0.714,0.44,0.051,0.521,0.571,0.627,0.454,0.09,0.477,0.61,0.968,0.446,0.595,0.676,0.56,0.918,0.653,0.275,0.968,0.15,0.37,0.12,0.396,0.136,0.269,0.973,0.2,0.469,0.44,0.965,0.56,0.094,0.363,0.627,0.503,0.099,0.3,0.568,0.986,0.359
262,0.464,0.913,0.697,0.73,0.247,0.629,0.355,0.924,0.518,0.625,0.48,0.0,0.116,0.822,0.704,0.693,0.293,1.0,0.521,0.256,0.913,0.858,0.454,0.364,0.84,0.25,0.694,0.094,0.291,0.425,0.359,0.112,0.447,0.827,0.83,0.303,0.233,0.667,0.937,0.935,0.608,0.466,0.531,0.555,0.626,0.918,0.171,0.238,0.578,0.925,0.839,0.635,0.703,0.668,0.575,0.99,0.765,0.9,0.933,0.111,0.476,0.528,0.544,0.588
264,0.156,0.949,0.3,0.738,0.638,0.514,0.948,0.503,0.753,0.431,0.19,0.976,0.814,0.572,0.276,0.831,0.743,0.627,0.943,0.191,0.696,0.515,0.159,0.616,0.356,0.669,0.469,0.03,0.068,0.075,0.524,0.733,0.817,0.425,0.663,0.78,0.768,0.718,0.405,0.285,0.796,0.858,0.156,0.472,0.927,0.682,0.536,0.8,0.921,0.013,0.437,0.784,0.798,0.659,0.783,0.622,0.063,0.507,0.91,0.702,0.504,0.064,0.674,0.056
266,0.847,0.902,0.156,0.923,0.708,0.459,0.379,0.346,0.564,0.098,0.502,0.728,0.807,0.179,0.063,0.308,0.558,0.943,0.206,0.072,0.064,0.986,0.763,0.095,0.292,0.046,0.717,0.732,0.57,0.014,0.795,1.0,0.169,0.626,0.206,0.943,0.026,0.119,0.87,0.892,0.508,0.648,0.358,0.506,0.341,0.828,0.905,0.394,0.874,0.533,0.45,0.664,0.726,0.313,0.305,0.917,0.237,0.694,0.818,0.075,0.84,0.893,0.373,0.556
268,0.846,0.685,0.217,0.504,0.954,0.198,0.327,0.992,0.418,0.061,0.147,0.072,0.354,0.375,0.9,0.63,0.03,0.206,0.286,0.613,0.474,0.956,0.593,0.235,0.085,0.033,0.422,0.663,0.194,0.411,0.503,0.611,0.538,0.53,0.159,0.841,0.045,0.414,0.222,0.112,0.698,0.974,0.954,0.988,0.757,0.131,0.596,0.655,0.51,0.939,0.794,0.346,0.053,0.463,0.847,0.621,0.32,0.522,0.312,0.342,0.379,0.64,0.671,0.938
270,0.748,0.22,0.835,0.731,0.681,0.315,0.323,0.205,0.508,0.908,0.959,0.507,0.051,0.333,0.94,0.454,0.201,0.684,0.572,0.957,0.567,0.99,0.294,0.19,0.679,0.32,0.094,0.736,0.426,0.482,0.916,0.923,0.014,0.093,0.525,0.595,0.594,0.784,0.38,0.271,0.431,0.254,0.927,0.681,0.281,0.462,0.76,0.281,0.752,0.473,0.414,0.186,0.245,0.77,0.638,0.249,0.518,0.612,0.802,0.46,0.673,0.996,0.476,0.739
272,0.461,0.882,0.04,0.346,0.017,0.055,0.839,0.984,0.114,0.258,0.562,0.489,0.047,0.916,0.668,0.603,0.978,0.309,0.16,0.743,0.974,0.572,0.951,0.829,0.056,0.74,0.369,0.46,0.07,0.822,0.054,0.625,0.55,0.545,0.749,0.389,0.158,0.615,0.256,0.664,0.434,0.272,0.123,0.625,0.048,0.111,0.023,0.298,0.67,0.624,0.477,0.148,0.582,0.656,0.821,0.467,0.225,0.638,0.082,0.151,0.457,0.631,0.217,0.649
274,0.764,0.214,0.856,0.127,0.819,0.096,0.22,0.791,0.868,0.917,0.474,0.027,0.544,0.024,0.225,0.124,0.131,0.616,0.929,0.095,0.127,0.037,0.845,0.101,0.024,0.236,0.69,0.861,0.349,0.036,0.379,0.389,0.883,0.194,0.892,0.642,0.351,0.825,0.378,0.752,0.346,0.511,0.526,0.633,0.645,0.574,0.203,0.2,0.341,0.712,0.866,0.772,0.868,0.956,0.328,0.778,0.268,0.679,0.651,0.621,0.501,0.33,0.451,0.268
276,0.049,0.423,0.328,0.29,0.966,0.523,0.858,0.02,0.817,0.622,0.423,0.972,0.147,0.811,0.129,0.286,0.341,0.58,0.972,0.768,0.636,0.948,0.471,0.345,0.032,0.906,0.979,0.468,0.101,0.782,0.841,0.506,0.116,0.355,0.01,0.234,0.298,0.433,0.942,0.436,0.147,0.934,0.49,0.379,0.918,0.078,0.812,0.167,0.386,0.954,0.775,0.61,0.25,0.423,0.638,0.789,0.04,0.523,0.439,0.893,0.709,0.34,0.593,0.275
278,0.6,0.483,0.136,0.637,0.025,0.98,0.296,0.024,0.964,0.052,0.229,0.477,0.197,0.39,0.218,0.481,0.891,0.215,0.109,0.728,0.62,0.427,0.062,0.031,0.043,0.674,0.938,0.295,0.057,0.301,0.159,0.227,0.855,0.355,0.026,0.495,0.349,0.82,0.162,0.863,0.365,0.59,0.469,0.765,0.763,0.507,0.734,0.067,0.52,0.545,0.231,0.566,0.905,0.728,0.284,0.623,0.076,0.849,0.707,0.283,0.652,0.151,0.948,0.137
280,0.372,0.629,0.063,0.419,0.147,0.352,0.866,0.857,0.65,0.796,0.128,0.902,0.812,0.269,0.456,0.534,0.407,0.732,0.712,0.615,0.973,0.754,0.81,0.883,0.204,0.062,0.233,0.068,0.301,0.49,0.211,0.074,0.79,0.413,0.887,0.357,0.686,0.026,0.83,0.762,0.833,0.58,0.858,0.78,0.796,0.93,0.146,0.052,0.356,0.381,0.291,0.56,0.834,0.765,0.908,0.051,0.15,0.779,0.607,0.034,0.624,0.977,0.039,0.217
282,0.546,0.831,0.556,0.932,0.719,0.676,0.881,0.66,0.626,0.391,0.519,0.46,0.582,0.122,0.205,0.461,0.269,0.701,0.027,0.841,0.795,0.308,0.649,0.719,0.142,0.332,0.927,0.992,0.649,0.984,0.739,0.837,0.597,0.202,0.507,0.249,0.556,0.042,0.133,0.908,0.167,0.173,0.191,0.72,0.367,0.645,0.595,0.383,0.345,0.91,0.555,0.107,0.179,0.036,0.282,0.973,0.157,0.389,0.491,0.948,0.601,0.674,0.68,0.288
284,0.231,0.568,0.639,0.806,0.094,0.075,0.572,0.563,0.109,0.487,0.718,0.083,0.279,0.06,0.65,0.882,0.11,0.633,0.583,0.329,0.6,0.913,0.012,0.282,0.253,0.035,0.994,0.077,0.15,0.441,0.172,0.067,0.158,0.817,0.02,0.942,0.372,0.369,0.714,0.853,0.385,0.906,0.707,0.796,0.869,0.725,0.383,0.274,0.124,0.926,0.852,0.649,0.958,0.051,0.764,0.645,0.87,0.858,0.951,0.834,0.403,0.496,0.112,0.329
286,0.546,0.498,0.016,0.383,0.99,0.991,0.405,0.797,0.084,0.068,0.067,0.681,0.855,0.216,0.333,0.985,0.449,0.221,0.004,0.901,0.657,0.753,0.115,0.954,0.708,0.652,0.541,0.79,0.636,0.261,0.655,0.329,0.431,0.104,0.017,0.475,0.817,0.282,0.641,0.69,0.52,0.054,0.624,0.571,0.656,0.482,0.548,0.585,0.382,0.187,0.257,0.777,0.567,0.796,0.641,0.191,0.736,0.291,0.92,0.165,0.003,0.884,0.857,0.975
288,0.069,0.933,0.994,0.868,0.444,0.534,0.205,0.041,0.316,0.895,0.357,0.825,0.695,0.833,0.288,0.657,0.064,0.07,0.717,0.602,0.813,0.391,0.273,0.695,0.725,0.867,0.121,0.97,0.89,0.579,0.158,0.838,0.256,0.412,0.488,0.747,0.188,0.826,0.511,0.399,0.865,0.141,0.122,0.232,0.917,0.62,0.993,0.159,0.234,0.554,0.707,0.757,0.914,0.846,0.844,0.79,0.312,0.049,0.855,0.845,0.951,0.094,0.854,0.206
290,0.436,0.046,0.102,0.986,0.119,0.796,0.937,0.344,0.94,0.132,0.648,0.239,0.63,0.322,0.133,0.937,0.316,0.69,0.282,0.644,0.159,0.928,0.201,0.697,0.577,0.322,0.008,0.031,0.106,0.311,0.272,0.784,0.583,0.529,0.885,0.856,0.869,0.359,0.268,0.772,0.129,0.347,0.723,0.689,0.666,0.574,0.972,0.039,0.796,0.126,0.553,0.287,0.614,0.37,0.565,0.243,0.698,0.644,0.743,0.885,0.697,0.588,0.166,0.017
292,0.094,0.807,0.418,0.249,0.562,0.568,0.679,0.915,0.861,0.13,0.653,0.629,0.285,0.245,0.128,0.126,0.887,0.125,0.259,0.384,0.469,0.827,0.367,0.196,0.821,0.579,0.005,0.339,0.892,0.009,0.867,0.571,0.592,0.104,0.446,0.122,0.832,0.501,0.598,0.966,0.537,0.411,0.452,0.481,0.045,0.861,0.85,0.969,0.72,0.696,0.24,0.684,0.86,0.469,0.904,0.29,0.799,0.556,0.435,0.54,0.705,0.578,0.284,0.365
294,0.345,0.613,0.425,0.629,0.797,0.487,0.248,0.117,0.372,0.985,0.053,0.22,0.179,0.105,0.769,0.437,0.567,0.207,0.313,0.528,0.145,0.922,0.373,0.861,0.812,0.942,0.593,0.657,0.918,0.277,0.295,0.954,0.985,0.726,0.353,0.463,0.888,0.438,0.493,0.728,0.661,0.332,0.188,0.02,0.015,0.133,0.056,0.481,0.578,0.084,0.463,0.222,0.423,0.872,0.121,0.983,0.56,0.604,0.815,0.996,0.543,0.397,0.614,0.506
296,0.218,0.78,0.221,0.37,0.668,0.817,0.879,0.474,0.184,0.281,0.019,0.952,0.859,0.073,0.24,0.883,0.791,0.465,0.176,0.45,0.271,0.07,0.422,0.701,0.825,0.34,0.128,0.461,0.62,0.914,0.825,0.645,0.144,0.595,0.205,0.287,0.249,0.485,0.409,0.645,0.22,0.078,0.828,0.91,0.074,0.227,0.738,0.307,0.283,0.606,0.054,0.603,0.967,0.72,0.801,0.678,0.002,0.169,0.823,0.326,0.639,0.702,0.549,0.272
298,0.815,0.995,0.557,0.603,0.143,0.371,0.838,0.132,0.745,0.505,0.761,0.182,0.944,0.916,0.508,0.483,0.516,0.746,0.836,0.303,0.286,0.465,0.849,0.095,0.835,0.451,0.253,0.149,0.275,0.268,0.278,0.954,0.065,0.311,0.482,0.358,0.547,0.165,0.947,0.703,0.708,0.778,0.783,0.669,0.901,0.287,0.007,0.555,0.906,0.225,0.459,0.687,0.252,0.664,0.366,0.439,0.179,0.229,0.696,0.842,0.03,0.04,0.034,0.707
300,0.184,0.495,0.902,0.753,0.474,0.443,0.874,0.449,0.983,0.955,0.641,0.672,0.236,0.701,0.053,0.516,0.798,0.291,0.686,0.954,0.777,0.959,0.82,0.455,0.344,0.364,0.438,0.838,0.865,0.189,0.561,0.97,0.955,0.326,0.057,0.429,0.817,0.795,0.294,0.379,0.321,0.848,0.781,0.55,0.768,0.935,0.825,0.781,0.185,0.805,0.245,0.742,0.202,0.972,0.06,0.189,0.216,0.014,0.124,0.47,0.901,0.925,0.198,0.735
302,0.265,0.944,0.604,0.336,0.652,0.046,0.317,0.787,0.212,0.611,0.775,0.741,0.987,0.08,0.913,0.24,0.86,0.278,0.732,0.21,0.021,0.431,0.783,0.921,0.567,0.301,0.085,0.223,0.082,0.141,0.818,0.411,0.199,0.835,0.029,0.188,0.762,0.985,0.756,0.382,0.034,0.424,0.593,0.662,0.692,0.97,0.255,0.516,0.447,0.969,0.816,0.916,0.016,0.322,0.359,0.435,0.586,0.206,0.672,0.238,0.956,0.407,0.162,0.258
304,0.591,0.559,0.753,0.782,0.954,0.7,0.36,0.127,0.063,0.292,0.183,0.769,0.767,0.844,0.345,0.357,0.005,0.98,0.94,0.342,0.494,0.999,0.885,0.789,0.933,0.725,0.05,0.835,0.104,0.422,0.585,0.805,0.499,0.076,0.394,0.257,0.939,0.474,0.141,0.32,0.32,0.189,0.045,0.321,0.39,0.46,0.987,0.148,0.687,0.741,0.094,0.865,0.481,0.48,0.88,0.247,0.635,0.125,0.36,0.356,0.839,0.474,0.34,0.037
306,0.648,0.975,0.785,0.417,0.319,0.452,0.698,0.474,0.009,0.803,0.982,0.4,0.671,0.982,0.405,0.113,0.284,0.075,0.102,0.277,0.328,0.695,0.713,0.065,0.753,0.615,0.454,0.734,0.389,0.508,0.663,0.426,0.297,0.808,0.913,0.914,0.484,0.817,0.352,0.386,0.26,0.445,0.104,0.233,0.696,0.217,0.151,0.121,0.5,0.379,0.544,0.939,0.391,0.843,0.864,0.669,0.441,0.293,0.297,0.954,0.024,0.77,0.212,0.909
308,0.333,0.025,0.316,0.849,0.421,0.891,0.678,0.785,0.153,0.444,0.939,0.224,0.293,0.165,0.876,0.885,0.895,0.642,0.154,0.79,0.407,0.807,0.745,0.737,0.696,0.875,0.456,0.106,0.219,0.013,0.665,0.957,0.744,0.247,0.145,0.92,0.229,0.025,0.561,0.569,0.368,0.028,0.216,0.931,0.807,0.713,0.095,0.796,0.164,0.188,0.647,0.736,0.263,0.901,0.798,0.699,0.565,0.848,0.012,0.933,0.39,0.658,0.089,0.24
310,0.328,0.293,0.645,0.837,0.691,0.381,0.956,0.598,0.477,0.45,0.503,0.406,0.402,0.652,0.692,0.857,0.354,0.96,0.311,0.99,0.854,0.359,0.806,0.933,0.551,0.836,0.942,0.348,0.311,0.866,0.971,0.407,0.548,0.794,0.81,0.503,0.22,0.342,0.783,0.12,0.429,0.165,0.276,0.612,0.132,0.17,0.825,0.411,0.449,0.522,0.352,0.633,0.282,0.637,0.954,0.249,0.816,0.068,0.229,0.086,0.2,0.234,0.443,0.632
312,0.859,0.017,0.399,0.24,0.403,0.515,0.373,0.006,0.897,0.631,0.061,0.883,0.068,0.067,0.251,0.186,0.949,0.806,0.924,0.8,0.034,0.994,0.616,0.386,0.465,0.426,0.76,0.514,0.998,0.72,0.121,0.331,0.638,0.738,0.403,0.722,0.227,0.629,0.916,0.014,0.479,0.412,0.545,0.961,0.489,0.566,0.372,0.263,0.38,0.84,0.772,0.174,0.757,0.033,0.574,0.712,0.502,0.878,0.286,0.336,0.623,0.49,0.785,0.443
314,0.857,0.698,0.491,0.369,0.895,0.792,0.149,0.776,0.088,0.937,0.12,0.603,0.332,0.996,0.234,0.189,0.9,0.059,0.382,0.558,0.335,0.331,0.273,0.66,0.399,0.891,0.127,0.2,0.96,0.224,0.487,0.572,0.269,0.546,0.015,0.201,0.433,0.417,0.709,0.167,0.702,0.712,0.129,0.188,0.118,0.789,0.996,0.738,0.352,0.231,0.287,1.0,0.84,0.352,0.92,0.931,0.324,0.024,0.406,0.941,0.856,0.342,0.763,0.744
316,0.087,0.695,0.548,0.598,0.918,0.516,0.21,0.052,0.002,0.644,0.537,0.857,0.381,0.328,0.086,0.633,0.765,0.366,0.654,0.816,0.312,0.132,0.901,0.054,0.63,0.092,0.976,0.524,0.263,0.858,0.401,0.279,0.941,0.379,0.338,0.786,0.458,0.922,0.969,0.83,0.754,0.164,0.999,0.476,0.237,0.407,0.939,0.49,0.993,0.758,0.157,0.324,0.839,0.956,0.176,0.396,0.106,0.664,0.097,0.91,0.686,0.076,0.981,0.507
318,0.5,0.654,0.077,0.056,0.74,0.012,0.939,0.851,0.755,0.54,0.876,0.748,0.286,0.863,0.472,0.834,0.918,0.077,0.452,0.296,0.916,0.94,0.024,0.572,0.344,0.267,0.982,0.888,0.238,0.938,0.743,0.218,0.164,0.183,0.086,0.446,0.185,0.706,0.932,0.517,0.976,0.771,0.196,0.872,0.845,0.653,0.556,0.18,0.154,0.558,0.787,0.637,0.992,0.935,0.358,0.641,0.38,0.052,0.917,0.231,0.784,0.587,0.008,0.127
320,0.025,0.435,0.17,0.589,0.954,0.761,0.263,0.042,0.692,0.439,0.161,0.96,0.607,0.141,0.698,0.272,0.316,0.208,0.247,0.676,0.815,0.186,0.851,0.728,0.297,0.408,0.024,0.366,0.333,0.335,0.511,0.775,0.347,0.588,0.622,0.589,0.016,0.898,0.401,0.86,0.2,0.706,0.909,0.898,0.444,0.062,0.451,0.742,0.835,0.851,0.875,0.105,0.433,0.582,0.861,0.718,0.159,0.164,0.684,0.031,0.346,0.917,0.531,0.54
322,0.343,0.029,0.24,0.498,0.883,0.282,0.918,0.327,0.451,0.962,0.322,0.189,0.767,0.17,0.538,0.155,0.454,0.899,0.207,0.06,0.093,0.833,0.132,0.005,0.585,0.085,0.246,0.467,0.821,0.737,0.076,0.915,0.883,0.307,0.843,0.312,0.259,0.919,0.676,0.142,0.352,0.678,0.588,0.311,0.44,0.246,0.134,0.458,0.694,0.208,0.966,0.216,0.684,0.962,0.53,0.998,0.931,0.528,0.944,0.015,0.671,0.188,0.543,0.804
324,0.678,0.91,0.908,0.69,0.143,0.172,0.498,0.751,0.003,0.371,0.385,0.071,0.317,0.909,0.553,0.413,0.641,0.374,0.934,0.135,0.258,0.663,0.814,0.319,0.929,0.635,0.926,0.806,0.431,0.779,0.879,0.441,0.913,0.061,0.13,0.108,0.592,0.726,0.25,0.567,0.407,0.305,0.611,0.953,0.821,0.104,0.587,0.06,0.079,0.058,0.332,0.979,0.746,0.457,0.311,0.074,0.426,0.326,0.01,0.149,0.694,0.86,0.079,0.927
326,0.069,0.751,0.089,0.019,0.664,0.775,0.601,0.723,0.144,0.763,0.166,0.756,0.823,0.711,0.318,0.969,0.944,0.941,0.68,0.457,0.648,0.904,0.804,0.229,0.766,0.987,0.563,0.528,0.366,0.356,0.457,0.905,0.434,0.467,0.171,0.091,0.526,0.226,0.722,0.889,0.423,0.206,0.615,0.111,0.428,0.69,0.89,0.66,0.298,0.803,0.456,0.017,0.592,0.366,0.732,0.033,0.899,0.429,0.792,0.967,0.065,0.076,0.457,0.8
328,0.199,0.092,0.445,0.649,0.131,0.696,0.453,0.857,0.26,0.333,0.411,0.591,0.846,0.693,0.681,0.11,0.577,0.942,0.769,0.729,0.145,0.298,0.247,0.361,0.5,0.604,0.383,0.561,0.211,0.198,0.587,0.338,0.156,0.68,0.784,0.77,0.243,0.44,0.601,0.427,0.375,0.664,0.577,0.169,0.317,0.313,0.436,0.317,0.596,0.177,0.71,0.284,0.2,0.578,0.808,0.574,0.599,0.725,0.574,0.592,0.506,0.172,0.03,0.418
330,0.676,0.654,0.031,0.244,0.449,0.022,0.189,0.661,0.743,0.724,0.087,0.84,0.11,0.541,0.134,0.1,0.875,0.373,0.306,0.528,0.373,0.249,0.149,0.031,0.47,0.263,0.326,0.64,0.967,0.912,0.132,0.56,0.496,0.451,0.463,0.363,0.306,0.275,0.531,0.688,0.565,0.577,0.85,0.037,0.265,0.848,0.192,0.864,0.249,0.737,0.995,0.829,0.447,0.005,0.942,0.272,0.947,0.931,0.429,0.507,0.426,0.327,0.961,0.81
332,0.569,0.849,0.719,0.273,0.663,0.93,0.636,0.718,0.582,0.893,0.596,0.302,0.185,0.153,0.101,0.757,0.041,0.889,0.821,0.002,0.178,0.475,0.463,0.859,0.828,0.31,0.464,0.06,0.679,0.492,0.081,0.699,0.928,0.661,0.042,0.896,0.092,0.365,0.924,0.338,0.471,0.036,0.251,0.589,0.644,0.439,0.94,0.224,0.179,0.906,0.822,0.358,0.619,0.5,0.569,0.693,0.221,0.235,0.006,0.176,0.833,0.497,0.378,0.164
334,0.904,0.845,0.896,0.495,0.027,0.073,0.413,0.125,0.598,0.087,0.76,0.182,0.225,0.58,0.604,0.097,0.653,0.292,0.115,0.328,0.872,0.431,0.255,0.259,0.563,0.469,0.937,0.418,0.861,0.81,0.133,0.242,0.656,0.309,0.592,0.627,0.202,0.254,0.996,0.656,0.633,0.18,0.213,0.264,0.649,0.045,0.081,0.381,0.376,0.366,0.521,0.857,0.409,0.29,0.35,0.732,0.418,0.991,0.149,0.198,0.711,0.853,0.442,0.043
336,0.738,0.048,0.143,0.743,0.992,0.557,0.464,0.202,0.217,0.832,0.861,0.086,0.676,0.826,0.674,0.855,0.056,0.199,0.555,0.916,0.619,0.735,0.956,0.304,0.99,0.401,0.927,0.416,0.502,0.206,0.523,0.07,0.331,0.237,0.028,0.152,0.225,0.666,0.278,0.311,0.931,0.659,0.728,0.454,0.254,0.393,0.454,0.416,0.483,0.527,0.867,0.162,0.642,0.88,0.273,0.164,0.257,0.426,0.879,0.629,0.178,0.139,0.25,0.715
338,0.442,0.078,0.255,0.782,0.475,0.881,0.539,0.673,0.946,0.551,0.419,0.683,0.547,0.565,0.45,0.026,0.9,0.955,0.581,0.422,0.086,0.108,0.744,0.891,0.055,0.343,0.907,0.756,0.046,0.346,0.59,0.225,0.291,0.731,0.427,0.351,0.489,0.363,0.209,0.57,0.093,0.348,0.069,0.055,0.427,0.473,0.016,0.995,0.092,0.065,0.953,0.008,0.16,0.594,0.649,0.694,0.433,0.196,0.533,0.758,0.903,0.81,0.321,0.443
340,0.77,0.897,0.122,0.681,0.037,0.847,0.799,0.346,0.766,0.293,0.122,0.431,0.62,0.103,0.193,0.689,0.438,0.36,0.945,0.709,0.111,0.752,0.209,0.002,0.526,0.318,0.222,0.333,0.734,0.835,0.874,0.362,0.472,0.172,0.615,0.119,0.599,0.99,0.46,0.545,0.977,0.074,0.913,0.706,0.041,0.841,0.382,0.413,0.894,0.023,0.347,0.528,0.098,0.306,0.462,0.638,0.145,0.659,0.709,0.803,0.958,0.05,0.792,0.65
342,0.845,0.816,0.568,0.539,0.575,0.713,0.806,0.656,0.486,0.531,0.735,0.331,0.343,0.329,0.958,0.311,0.671,0.71,0.813,0.701,0.385,0.139,0.983,0.063,0.422,0.967,0.177,0.408,0.876,0.37,0.075,0.331,0.692,0.327,0.656,0.981,0.989,0.271,0.201,0.748,0.103,0.781,0.979,0.56,0.337,0.312,0.872,0.169,0.102,0.769,0.959,0.137,0.273,0.519,0.522,0.104,0.188,0.444,0.718,0.361,0.792,0.202,0.805,0.732
344,0.612,0.918,0.363,0.743,0.824,0.468,0.819,0.42,0.673,0.146,0.902,0.16,0.304,0.352,0.478,0.263,0.307,0.178,0.018,0.913,0.893,0.704,0.061,0.812,0.086,0.982,0.429,0.676,0.543,0.347,0.796,0.568,0.108,0.344,0.985,0.028,0.365,0.526,0.867,0.08,0.581,0.442,0.84,0.006,0.548,0.361,0.297,0.722,0.339,0.84,0.241,0.022,0.09,0.948,0.831,0.766,0.866,0.497,0.933,0.447,0.164,0.533,0.022,0.138
346,0.937,0.635,0.533,0.908,0.437,0.043,0.659,0.595,0.763,0.497,0.328,0.16,0.597,0.276,0.258,0.525,0.891,0.699,0.931,0.514,0.424,0.546,0.971,0.555,0.771,0.597,0.942,0.113,0.069,0.62,0.085,0.152,0.294,0.526,0.502,0.598,0.483,0.74,0.897,0.253,0.589,0.345,0.196,0.862,0.937,0.486,0.817,0.507,0.029,0.61,0.838,0.906,0.801,0.085,0.892,0.171,0.217,0.426,0.243,0.148,0.986,0.74,0.727,0.597
348,0.297,0.717,0.6,0.904,0.97,0.878,0.068,0.925,0.937,0.207,0.943,0.629,0.959,0.665,0.739,0.863,0.622,0.564,0.032,0.338,0.935,0.851,0.181,0.193,0.38,0.806,0.309,0.869,0.502,0.701,0.29,0.073,0.543,0.919,0.719,0.02,0.922,0.951,0.236,0.392,0.423,0.611,0.673,0.58,0.871,0.157,0.184,0.019,0.37,0.004,0.485,0.08,0.603,0.421,0.749,0.041,0.74,0.897,0.634,0.219,0.794,0.538,0.351,0.921
350,0.042,0.545,0.392,0.664,0.248,0.065,0.198,0.754,0.163,0.226,0.06,0.657,0.779,0.731,0.51,0.746,0.686,0.852,0.754,0.924,0.031,0.235,0.744,0.935,0.522,0.718,0.498,0.908,0.664,0.416,0.105,0.741,0.733,0.044,0.85,0.171,0.863,0.618,0.916,0.24,0.267,0.952,0.523,0.755,0.378,0.944,0.805,0.142,0.591,0.983,0.293,0.25,0.456,0.528,0.954,0.547,0.993,0.65,0.361,0.531,0.859,0.72,0.011,0.896
352,0.324,0.122,0.718,0.979,0.828,0.291,0.692,0.718,0.153,0.13,0.633,0.106,0.985,0.233,0.394,0.167,0.484,0.932,0.82,0.494,0.579,0.486,0.436,0.874,0.364,0.906,0.339,0.903,0.421,0.627,0.551,0.848,0.848,0.883,0.035,0.164,0.91,0.005,0.292,0.462,0.697,0.763,0.271,0.545,0.1,0.277,0.758,0.435,0.668,0.584,0.323,0.056,0.731,0.074,0.255,0.638,0.871,0.34,0.752,0.183,0.687,0.079,0.717,0.217
354,0.553,0.749,0.852,0.627,0.438,0.369,0.076,0.172,0.796,0.711,0.003,0.102,0.178,0.136,0.927,0.788,0.745,0.164,0.99,0.107,0.267,0.292,0.35,0.345,0.705,0.155,0.982,0.966,0.2,0.021,0.896,0.113,0.228,0.851,0.113,0.43,0.147,0.902,0.371,0.975,0.061,0.937,0.412,0.479,0.944,0.988,0.263,0.176,0.852,0.723,0.756,0.469,0.59,0.523,0.833,0.346,0.386,0.417,0.28,0.234,0.744,0.102,0.362,0.427
356,0.045,0.451,0.029,0.447,0.057,0.23,0.384,0.782,0.421,0.272,0.485,0.287,0.91,0.291,0.139,0.715,0.526,0.488,0.92,0.058,0.046,0.749,0.115,0.443,0.359,0.376,0.602,0.941,0.533,0.853,0.247,0.379,0.276,0.192,0.947,0.798,0.216,0.572,0.078,0.871,0.202,0.009,0.706,0.67,0.734,0.863,0.533,0.004,0.735,0.156,0.621,0.684,0.224,0.582,0.513,0.567,0.304,0.011,0.25,0.15,0.324,0.851,0.57,0.014
358,0.27,0.012,0.431,0.168,0.366,0.414,0.775,0.793,0.045,0.748,0.261,0.791,0.604,0.878,0.731,0.056,0.119,0.46,0.759,0.156,0.243,0.541,0.768,0.672,0.475,0.214,0.116,0.67,0.383,0.116,0.834,0.858,0.796,0.945,0.379,0.969,0.175,0.961,0.086,0.995,0.801,0.202,0.758,0.965,0.61,0.397,0.745,0.596,0.983,0.506,0.472,0.91,0.195,0.247,0.164,0.155,0.64,0.097,0.323,0.16,0.168,0.697,0.923,0.967
360,0.358,0.61,0.103,0.277,0.871,0.632,0.26,0.733,0.441,0.45,0.101,0.019,0.361,0.325,0.748,0.778,0.792,0.217,0.612,0.087,0.893,0.652,0.903,0.382,0.848,0.956,0.788,0.368,0.02,0.307,0.262,0.616,0.027,0.939,0.35,0.593,0.444,0.047,0.992,0.28,0.565,0.583,0.222,0.716,0.008,0.373,0.245,0.292,0.616,0.858,0.291,0.262,0.519,0.296,0.103,0.198,0.376,0.633,0.108,0.585,0.118,0.128,0.83,0.879
362,0.428,0.014,0.581,0.185,0.489,0.85,0.686,0.254,0.686,0.943,0.044,0.232,0.227,0.69,0.091,0.073,0.346,0.006,0.747,0.482,0.249,0.879,0.656,0.306,0.178,0.948,0.002,0.602,0.32,0.236,0.575,0.929,0.419,0.641,0.183,0.797,0.236,0.898,0.604,0.698,0.601,0.048,0.76,0.867,0.021,0.462,0.463,0.973,0.977,0.064,0.836,0.615,0.806,0.634,0.58,0.754,0.886,0.418,0.291,0.417,0.664,0.5,0.373,0.75
364,0.783,0.315,0.516,0.913,0.903,0.27,0.731,0.509,0.153,0.952,0.499,0.873,0.111,0.004,0.103,0.371,0.417,0.107,0.223,0.456,0.388,0.811,0.909,0.627,0.227,0.838,0.968,0.639,0.915,0.747,0.981,0.053,0.317,0.139,0.082,0.653,0.846,0.791,0.684,0.56,0.347,0.446,0.902,0.436,0.64,0.938,0.068,0.581,0.869,0.978,0.05,0.567,0.022,0.24,0.078,0.546,0.898,0.618,0.712,0.024,0.606,0.972,0.638,0.502
366,0.931,0.607,0.45,0.631,0.001,0.44,0.652,0.365,0.53,0.27,0.089,0.137,0.022,0.048,0.307,0.315,0.451,0.421,0.37,0.53,0.95,0.548,0.265,0.298,0.412,0.613,0.938,0.62,0.456,0.045,0.227,0.711,0.718,0.598,0.876,0.512,0.743,0.891,0.35,0.036,0.435,0.381,0.663,0.094,0.265,0.771,0.884,0.36,0.71,0.726,0.804,0.828,0.729,0.811,0.266,0.291,0.507,0.788,0.915,0.887,0.171,0.058,0.171,0.821
368,0.709,0.43,0.096,0.556,0.981,0.055,0.027,0.205,0.893,0.531,0.495,0.461,0.71,0.46,0.284,0.75,0.176,0.172,0.825,0.583,0.306,0.252,0.139,0.349,0.966,0.443,0.265,0.865,0.718,0.308,0.311,0.729,0.745,0.94,0.693,0.844,0.967,0.469,0.822,0.349,0.421,0.874,0.479,0.998,0.432,0.981,0.563,0.248,0.168,0.731,0.87,0.855,0.926,0.53,0.412,0.555,0.762,0.228,0.704,0.49,0.008,0.179,0.133,0.748
370,0.587,0.382,0.668,0.993,0.702,0.619,0.483,0.337,0.753,0.598,0.969,0.896,0.64,0.354,0.293,0.658,0.638,0.662,0.831,0.549,0.873,0.114,0.153,0.2,0.439,0.055,0.742,0.374,0.251,0.845,0.318,0.456,0.891,0.836,0.672,0.554,0.787,0.043,0.118,0.809,0.037,0.385,0.842,0.143,0.8,0.809,0.114,0.06,0.023,0.537,0.55,0.649,0.369,0.673,0.914,0.304,0.055,0.241,0.997,0.077,0.789,0.222,0.132,0.602
372,0.65,0.742,0.178,0.478,0.406,0.251,0.054,0.365,0.876,0.752,0.275,0.236,0.092,0.162,0.302,0.838,0.132,0.166,0.789,0.192,0.743,0.151,0.475,0.343,0.953,0.307,0.697,0.044,0.86,0.723,0.804,0.633,0.696,0.194,0.511,0.235,0.3,0.401,0.422,0.247,0.307,0.508,0.245,0.404,0.264,0.463,0.419,0.789,0.844,0.866,0.141,0.195,0.403,0.287,0.469,0.139,0.989,0.312,0.077,0.579,0.905,0.12,0.085,0.846
374,0.417,0.184,0.874,0.131,0.202,0.991,0.778,0.692,0.0,0.796,0.552,0.257,0.341,0.494,0.533,0.903,0.941,0.597,0.694,0.272,0.395,0.362,0.892,0.132,0.041,0.954,0.568,0.558,0.836,0.98,0.241,0.052,0.798,0.63,0.56,0.621,0.917,0.299,0.449,0.982,0.707,0.118,0.765,0.033,0.243,0.741,0.419,0.216,0.368,0.368,0.198,0.052,0.825,0.794,0.248,0.159,0.798,0.19,0.977,0.44,0.527,0.855,0.625,0.367
376,0.045,0.641,0.506,0.746,0.694,0.248,0.655,0.194,0.565,0.051,0.697,0.254,0.524,0.841,0.291,0.242,0.292,0.493,0.272,0.29,0.038,0.579,0.87,0.211,0.385,0.533,0.521,0.434,0.588,0.979,0.224,0.009,0.586,0.072,0.171,0.953,0.974,0.288,0.028,0.695,0.595,0.256,0.097,0.184,0.164,0.281,0.172,0.082,0.069,0.872,0.729,0.467,0.993,0.712,0.025,0.779,0.209,0.964,0.233,0.885,0.346,0.507,0.14,0.935
378,0.508,0.932,0.032,0.459,0.223,0.792,0.219,0.024,0.927,0.588,0.82,0.772,0.704,0.757,0.661,0.424,0.906,0.423,0.605,0.291,0.646,0.915,0.462,0.656,0.21,0.914,0.192,0.787,0.52,0.706,0.646,0.982,0.649,0.539,0.199,0.492,0.433,0.625,0.033,0.354,0.289,0.722,0.857,0.023,0.634,0.759,0.442,0.609,0.01,0.574,0.45,0.908,0.358,0.501,0.456,0.895,0.764,0.109,0.031,0.495,0.362,0.104,0.379,0.362
380,0.866,0.499,0.96,0.624,0.743,0.265,0.334,0.219,0.051,0.492,0.993,0.794,0.913,0.769,0.288,0.984,0.778,0.507,0.674,0.89,0.456,0.602,0.548,0.876,0.389,0.163,0.275,0.668,0.384,0.172,0.479,0.857,0.433,0.59,0.626,0.33,0.116,0.042,0.814,0.305,0.468,0.321,0.0,0.774,0.967,0.729,0.716,0.798,0.606,0.494,0.77,0.56,0.499,0.648,0.12,0.908,0.014,0.286,0.755,0.101,0.605,0.139,0.627,0.062
382,0.598,0.719,0.121,0.807,0.755,0.008,0.835,0.609,0.634,0.611,0.138,0.245,0.967,0.553,0.815,0.083,0.252,0.42,0.41,0.525,0.338,0.633,0.78,0.21,0.844,0.904,0.616,0.832,0.286,0.24,0.907,0.439,0.7,0.234,0.194,0.404,0.936,0.588,0.208,0.138,0.323,0.207,0.392,0.738,0.304,0.874,0.139,0.695,0.96,0.08,0.192,0.398,0.071,0.734,0.977,0.722,0.991,0.395,0.024,0.976,0.59,0.766,0.644,0.906
384,0.955,0.204,0.946,0.243,0.491,0.177,0.43,0.676,0.203,0.643,0.447,0.363,0.137,0.184,0.32,0.987,0.261,0.34,0.015,0.393,0.542,0.13,0.806,0.526,0.581,0.231,0.133,0.226,0.138,0.584,0.59,0.754,0.655,0.376,0.853,0.222,0.663,0.034,0.663,0.27,0.92,0.534,0.284,0.341,0.882,0.54,0.419,0.41,0.483,0.257,0.766,0.178,0.814,0.393,0.607,0.829,0.478,0.672,0.277,0.041,0.161,0.488,0.527,0.396
386,0.714,0.759,0.107,0.929,0.255,0.117,0.057,0.41,0.985,0.676,0.83,0.468,0.646,0.124,0.156,0.098,0.434,0.369,0.143,0.428,0.164,0.698,0.274,0.986,0.555,0.218,0.091,0.781,0.735,0.297,0.559,0.502,0.247,0.076,0.523,0.968,0.318,0.744,0.031,0.472,0.764,0.265,0.31,0.042,0.919,0.463,0.277,0.322,0.066,0.122,0.737,0.973,0.851,0.51,0.704,0.384,0.143,0.865,0.889,0.308,0.882,0.643,0.733,0.855
388,0.895,0.913,0.461,0.164,0.039,0.627,0.272,0.711,0.779,0.704,0.839,0.005,0.362,0.602,0.373,0.563,0.453,0.751,0.436,0.303,0.227,0.153,0.162,0.422,0.379,0.743,0.803,0.547,0.676,0.05,0.891,0.42,0.553,0.273,0.01,0.041,0.6,0.75,0.123,0.887,0.745,0.066,0.983,0.679,0.193,0.785,0.589,0.949,0.92,0.388,0.988,0.148,0.976,0.742,0.588,0.366,0.879,0.748,0.777,0.101,0.552,0.886,0.553,0.816
390,0.562,0.144,0.699,0.081,0.193,0.708,0.447,0.792,0.153,0.811,0.414,0.15,0.305,0.556,0.404,0.999,0.261,0.548,0.94,0.802,0.068,0.139,0.723,0.07,0.764,0.089,0.243,0.742,0.146,0.25,0.453,0.596,0.98,0.545,0.135,0.367,0.298,0.769,0.25,0.6,0.761,0.653,0.166,0.642,0.921,0.023,0.367,0.754,0.999,0.192,0.258,0.318,0.069,0.863,0.106,0.755,0.758,0.322,0.117,0.843,0.818,0.087,0.066,0.624
392,0.577,0.465,0.551,0.73,0.011,0.946,0.187,0.623,0.739,0.668,0.376,0.568,0.52,0.946,0.104,0.776,0.482,0.599,0.461,0.836,0.967,0.673,0.104,0.523,0.327,0.303,0.061,0.859,0.26,0.893,0.106,0.757,0.264,0.316,0.434,0.846,0.905,0.067,0.752,0.402,0.525,0.745,0.047,0.626,0.945,0.502,0.567,0.82,0.663,0.331,0.758,0.46,0.523,0.961,0.89,0.914,0.806,0.139,0.702,0.098,0.21,0.585,0.063,0.94
394,0.02,0.187,0.009,0.739,0.348,0.205,0.647,0.976,0.0,0.675,0.093,0.158,0.033,0.497,0.313,0.039,0.63,0.632,0.773,0.83,0.528,0.917,0.405,0.317,0.532,0.526,0.766,0.806,0.955,0.468,0.761,0.401,0.856,0.245,0.935,0.324,0.671,0.525,0.114,0.749,0.696,0.688,0.334,0.811,0.502,0.995,0.126,0.96,0.578,0.029,0.962,0.918,0.104,0.26,0.129,0.662,0.815,0.197,0.247,0.67,0.593,0.656,0.246,0.096
396,0.497,0.045,0.225,0.278,0.762,0.685,0.633,0.499,0.982,0.316,0.607,0.558,0.094,0.035,0.292,0.004,0.724,0.525,0.91,0.876,0.537,0.997,0.42,0.893,0.21,0.265,0.075,0.987,0.096,0.948,0.654,0.277,0.854,0.015,0.824,0.63,0.387,0.908,0.985,0.915,0.303,0.465,0.744,0.06,0.57,0.745,0.199,0.744,0.821,0.957,0.114,0.372,0.834,0.5,0.211,0.24,0.753,0.437,0.878,0.223,0.155,0.109,0.084,0.876
398,0.132,0.952,0.98,0.628,0.542,0.283,0.367,0.948,0.586,0.55,0.739,0.028,0.489,0.516,0.895,0.305,0.508,0.085,0.09,0.312,0.807,0.29,0.755,0.399,0.125,0.141,0.773,0.408,0.725,0.2,0.098,0.071,0.235,0.806,0.35,0.469,0.978,0.556,0.649,0.2,0.84,0.389,0.815,0.619,0.222,0.366,0.088,0.643,0.792,0.191,0.829,0.762,0.839,0.199,0.034,0.415,0.936,0.259,0.964,0.68,0.016,0.339,0.519,0.069
