time,CP6,F7,CP2,FT8,P1,PO8,P9,P4,CPz,P6,FT7,AF8,Fp2,P2,CP5,Pz,O1,FC5,F8,P5,Oz,FC3,P3,PO7,F5,FC2,TP8,CP1,TP7,POz,CP3,T8,Fp1,FC1,F10,F1,C3,T7,C1,C2,C4,FC4,C6,C5,F2,F6,AF3,PO4,P10,P8,P7,PO3,Fz,AF7,FCz,CP4,F4,AF4,Cz,FC6,F9,F3,O2,AFz
-100,0.588,0.933,0.221,0.38,0.127,0.014,0.404,0.554,0.004,0.048,0.788,0.139,0.722,0.496,0.305,0.225,0.558,0.72,0.934,0.366,0.914,0.735,0.554,0.539,0.471,0.786,0.522,0.596,0.444,0.6,0.126,0.769,0.288,0.069,0.735,0.552,0.629,0.261,0.406,0.377,0.646,0.873,0.717,0.46,0.986,0.954,0.899,0.237,0.857,0.03,0.337,0.398,0.764,0.412,0.653,0.876,0.358,0.265,0.523,0.416,0.332,0.816,0.861,0.213
-98,0.228,0.738,0.957,0.966,0.309,0.529,0.044,0.389,0.098,0.772,0.263,0.904,0.382,0.018,0.498,0.643,0.166,0.805,0.364,0.203,0.387,0.958,0.945,0.522,0.163,0.73,0.988,0.395,0.751,0.773,0.416,0.482,0.495,0.101,0.075,0.603,0.016,0.432,0.185,0.183,0.644,0.779,0.97,0.15,0.465,0.076,0.918,0.542,0.527,0.509,0.395,0.591,0.927,0.255,0.652,0.242,0.053,0.207,0.718,0.257,0.118,0.483,0.181,0.631
-96,0.164,0.903,0.849,0.206,0.415,0.208,0.024,0.987,0.232,0.328,0.916,0.218,0.703,0.992,0.746,0.469,0.886,0.286,0.855,0.35,0.68,0.345,0.009,0.072,0.88,0.755,0.327,0.403,0.971,0.893,0.997,0.384,0.586,0.381,0.687,0.896,0.95,0.569,0.858,0.463,0.381,0.64,0.32,0.527,0.457,0.477,0.333,0.311,0.456,0.706,0.07,0.499,0.684,0.404,0.528,0.814,0.009,0.662,0.159,0.478,0.297,0.861,0.685,0.786
-94,0.776,0.096,0.489,0.523,0.607,0.757,0.003,0.121,0.093,0.294,0.705,0.416,0.789,0.928,0.494,0.865,0.287,0.882,0.275,0.103,0.22,0.302,0.453,0.048,0.954,0.108,0.388,0.977,0.595,0.8,0.86,0.456,0.849,0.761,0.595,0.871,0.154,0.666,0.679,0.817,0.636,0.126,0.239,0.319,0.072,0.614,0.544,0.68,0.213,0.77,0.995,0.01,0.661,0.952,0.645,0.54,0.233,0.453,0.906,0.576,0.672,0.777,0.476,0.283
-92,0.281,0.273,0.171,0.536,0.804,0.829,0.557,0.9,0.702,0.516,0.612,0.728,0.675,0.356,0.755,0.095,0.437,0.841,0.739,0.634,0.31,0.991,0.708,0.354,0.762,0.797,0.401,0.114,0.599,0.241,0.217,0.095,0.265,0.067,0.309,0.514,0.993,0.698,0.328,0.559,0.264,0.496,0.907,0.392,0.416,0.168,0.487,0.71,0.895,0.848,0.666,0.994,0.48,0.851,0.622,0.486,0.257,0.904,0.471,0.745,0.756,0.595,0.956,0.183
-90,0.981,0.407,0.883,0.365,0.168,0.102,0.071,0.141,0.175,0.212,0.077,0.511,0.218,0.409,0.935,0.403,0.733,0.036,0.76,0.493,0.609,0.174,0.504,0.928,0.462,0.785,0.779,0.568,0.474,0.091,0.397,0.341,0.951,0.736,0.652,0.545,0.565,0.064,0.241,0.615,0.996,0.854,0.072,0.841,0.327,0.655,0.89,0.43,0.466,0.599,0.435,0.265,0.559,0.259,0.376,0.645,0.204,0.58,0.321,0.782,0.323,0.698,0.588,0.215
-88,0.348,0.846,0.961,0.958,0.096,0.596,0.321,0.491,0.215,0.6,0.598,0.877,0.321,0.201,0.524,0.503,0.86,0.924,0.353,0.464,0.026,0.862,0.738,0.116,0.719,0.946,0.885,0.795,0.466,0.104,0.792,0.237,0.516,0.888,0.378,0.962,0.763,0.162,0.158,0.911,0.286,0.67,0.597,0.326,0.872,0.786,0.331,0.612,0.551,0.807,0.89,0.911,0.007,0.191,0.788,0.149,0.151,0.894,0.558,0.069,0.404,0.892,0.55,0.956
-86,0.682,0.425,0.981,0.532,0.13,0.272,0.244,0.286,0.805,0.138,0.342,0.872,0.741,0.841,0.176,0.687,0.556,0.85,0.284,0.305,0.73,0.675,0.511,0.98,0.93,0.254,0.276,0.55,0.581,0.553,0.927,0.939,0.6,0.207,0.064,0.934,0.403,0.379,0.015,0.452,0.039,0.988,0.849,0.727,0.991,0.517,0.516,0.282,0.843,0.446,0.253,0.814,0.876,0.835,0.846,0.963,0.753,0.808,0.983,0.758,0.603,0.57,0.621,0.974
-84,0.231,0.726,0.349,0.805,0.268,0.376,0.372,0.417,0.645,0.768,0.459,0.363,0.792,0.915,0.129,0.912,0.741,0.259,0.44,0.792,0.933,0.579,0.682,0.96,0.519,0.625,0.043,0.686,0.025,0.686,0.346,0.176,0.318,0.77,0.698,0.227,0.522,0.512,0.819,0.246,0.71,0.234,0.668,0.641,0.98,0.166,0.256,0.59,0.214,0.282,0.407,0.81,0.804,0.545,0.75,0.64,0.681,0.248,0.492,0.93,0.882,0.019,0.934,0.423
-82,0.555,0.858,0.115,0.223,0.501,0.204,0.126,0.722,0.195,0.382,0.665,0.668,0.421,0.19,0.806,0.5,0.228,0.625,0.618,0.271,0.054,0.85,0.572,0.36,0.731,0.31,0.573,0.13,0.715,0.048,0.331,0.3,0.647,0.042,0.907,0.75,0.5,0.433,0.564,0.064,0.525,0.506,0.561,0.864,0.309,0.771,0.338,0.307,0.571,0.888,0.237,0.439,0.735,0.945,0.477,0.893,0.238,0.386,0.542,0.856,0.116,0.555,0.416,0.017
-80,0.032,0.754,0.081,0.525,0.173,0.746,0.149,0.414,0.838,0.14,0.223,0.818,0.674,0.945,0.925,0.541,0.412,0.829,0.909,0.901,0.508,0.872,0.524,0.912,0.26,0.338,0.707,0.303,0.531,0.512,0.29,0.687,0.271,0.433,0.697,0.913,0.572,0.069,0.022,0.14,0.835,0.612,0.317,0.364,0.202,0.32,0.687,0.895,0.217,0.788,0.577,0.048,0.07,0.953,0.819,0.62,0.938,0.044,0.5,0.321,0.646,0.726,0.575,0.27
-78,0.238,0.517,0.825,0.856,0.994,0.302,0.096,0.093,0.685,0.61,0.186,0.286,0.636,0.924,0.015,0.007,0.174,0.497,0.242,0.839,0.061,0.001,0.438,0.462,0.501,0.506,0.589,0.483,0.495,0.217,0.333,0.428,0.637,0.679,0.897,0.04,0.763,0.988,0.123,0.667,0.524,0.831,0.663,0.49,0.967,0.597,0.5,0.301,0.635,0.939,0.472,0.326,0.045,0.943,0.494,0.309,0.158,0.766,0.278,0.49,0.094,0.816,0.87,0.58
-76,0.747,0.394,0.748,0.99,0.789,0.253,0.289,0.83,0.92,0.151,0.109,0.717,0.385,0.117,0.158,0.267,0.634,0.994,0.105,0.573,0.623,0.585,0.886,0.455,0.016,0.414,0.947,0.827,0.21,0.367,0.76,0.204,0.818,0.272,0.989,0.456,0.714,0.462,0.055,0.079,0.406,0.161,0.928,0.39,0.608,0.174,0.679,0.68,0.225,0.491,0.523,0.92,0.785,0.812,0.461,0.535,0.784,0.758,0.949,0.241,0.216,0.46,0.617,0.459
-74,0.02,0.889,0.056,0.349,0.951,0.986,0.098,0.208,0.381,0.331,0.8,0.873,0.151,0.38,0.555,0.054,0.437,0.266,0.391,0.323,0.257,0.801,0.429,0.55,0.319,0.431,0.746,0.453,0.798,0.242,0.885,0.06,0.92,0.249,0.406,0.582,0.535,0.053,0.327,0.03,0.797,0.612,0.708,0.747,0.825,0.015,0.642,0.668,0.723,0.162,0.627,0.764,0.536,0.578,0.122,0.719,0.122,0.071,0.909,0.901,0.199,0.912,0.304,0.854
-72,0.898,0.766,0.773,0.168,0.237,0.187,0.664,0.229,0.682,0.161,0.755,0.731,0.793,0.737,0.901,0.134,0.637,0.383,0.661,0.114,0.882,0.155,0.288,0.734,0.887,0.919,0.325,0.231,0.89,0.079,0.578,0.053,0.731,0.57,0.78,0.62,0.629,0.369,0.248,0.969,0.374,0.015,0.362,0.726,0.227,0.637,0.752,0.884,0.189,0.303,0.229,0.002,0.864,0.971,0.371,0.11,0.672,0.78,0.937,0.947,0.209,0.472,0.059,0.91
-70,0.814,0.838,0.771,0.705,0.32,0.88,0.484,0.874,0.323,0.691,0.835,0.736,0.281,0.106,0.873,0.2,0.732,0.58,0.643,0.264,0.043,0.132,0.301,0.191,0.223,0.951,0.402,0.94,0.201,0.846,0.77,0.658,0.084,0.921,0.555,0.059,0.857,0.681,0.876,0.848,0.825,0.994,0.98,0.654,0.98,0.397,0.624,0.975,0.442,0.73,0.653,0.028,0.491,0.158,0.666,0.747,0.752,0.292,0.683,0.74,0.429,0.866,0.071,0.183
-68,0.82,0.775,0.96,0.471,0.106,0.298,0.901,0.331,0.899,0.418,0.427,0.891,0.114,0.961,0.091,0.665,0.741,0.81,0.466,0.739,0.898,0.395,0.407,0.621,0.712,0.189,0.913,0.013,0.848,0.272,0.151,0.127,0.029,0.905,0.394,0.817,0.459,0.812,0.36,0.071,0.128,0.436,0.471,0.195,0.291,0.325,0.173,0.318,0.283,0.516,0.472,0.496,0.318,0.625,0.837,0.651,0.552,0.648,0.865,0.53,0.223,0.291,0.344,0.031
-66,0.086,0.552,0.683,0.631,0.23,0.825,0.605,0.58,0.53,0.892,0.613,0.557,0.406,0.671,0.091,0.52,0.051,0.189,0.702,0.539,0.981,0.167,0.047,0.141,0.084,0.747,0.841,0.887,0.906,0.195,0.163,0.45,0.565,0.794,0.571,0.477,0.679,0.108,0.811,0.681,0.647,0.432,0.26,0.729,0.007,0.398,0.192,0.337,0.641,0.622,0.557,0.932,0.69,0.842,0.447,0.595,0.148,0.234,0.159,0.39,0.348,0.501,0.776,0.709
-64,0.121,0.872,0.559,0.738,0.052,0.529,0.681,0.859,0.622,0.935,0.355,0.715,0.297,0.954,0.226,0.103,0.965,0.663,0.845,0.377,0.499,0.228,0.593,0.537,0.38,0.498,0.764,0.7,0.918,0.164,0.372,0.206,0.395,0.23,0.235,0.694,0.691,0.448,0.185,0.434,0.489,0.095,0.907,0.07,0.249,0.44,0.321,0.863,0.587,0.525,0.126,0.622,0.576,0.963,0.958,0.143,0.191,0.055,0.381,0.04,0.227,0.128,0.83,0.691
-62,0.255,0.562,0.133,0.114,0.542,0.179,0.557,0.632,0.107,0.372,0.156,0.608,0.901,0.054,0.685,0.893,0.306,0.778,0.682,0.029,0.215,0.295,0.905,0.838,0.13,0.962,0.686,0.532,0.776,0.699,0.423,0.821,0.873,0.248,0.239,0.998,0.316,0.294,0.553,0.128,0.742,0.487,0.671,0.619,0.213,0.756,0.345,0.275,0.562,0.373,0.027,0.063,0.551,0.029,0.01,0.076,0.661,0.938,0.933,0.158,0.727,0.847,0.885,0.839
-60,0.278,0.432,0.579,0.804,0.796,0.153,0.546,0.54,0.504,0.03,0.414,0.826,0.561,0.485,0.735,0.676,0.585,0.509,0.967,0.12,0.07,0.902,0.721,0.845,0.716,0.576,0.274,0.872,0.823,0.178,0.288,0.856,0.1,0.35,0.567,0.479,0.401,0.657,0.299,0.782,0.391,0.776,0.205,0.188,0.193,0.178,0.437,0.985,0.001,0.343,0.049,0.21,0.21,0.259,0.269,0.047,0.13,0.957,0.584,0.563,0.228,0.952,0.289,0.263
-58,0.186,0.771,0.692,0.137,0.507,0.384,0.785,0.515,0.079,0.323,0.066,0.128,0.095,0.646,0.148,0.285,0.126,0.543,0.528,0.727,0.65,0.441,0.851,0.394,0.832,0.145,0.064,0.803,0.859,0.496,0.181,0.871,0.72,0.894,0.064,0.411,0.904,0.18,0.318,0.184,0.051,0.907,0.069,0.687,0.312,0.595,0.803,0.616,0.01,0.553,0.931,0.03,0.121,0.089,0.031,0.213,0.081,0.58,0.494,0.709,0.624,0.027,0.175,0.198
-56,0.465,0.477,0.325,0.299,0.48,0.855,0.081,0.723,0.31,0.91,0.075,0.26,0.432,0.429,0.379,0.203,0.564,0.883,0.464,0.315,0.457,0.75,0.029,0.82,0.661,0.749,0.382,0.242,0.41,0.034,0.985,0.022,0.558,0.942,0.672,0.415,0.811,0.941,0.779,0.225,0.728,0.226,0.965,0.971,0.309,0.009,0.622,0.959,0.976,0.331,0.284,0.693,0.721,0.902,0.66,0.915,0.185,0.121,0.19,0.793,0.101,0.783,0.562,0.625
-54,0.141,0.322,0.901,0.865,0.95,0.398,0.907,0.861,0.555,0.958,0.014,0.294,0.968,0.468,0.758,0.017,0.865,0.196,0.272,0.54,0.78,0.922,0.391,0.992,0.299,0.495,0.816,0.658,0.413,0.121,0.192,0.655,0.084,0.328,0.133,0.797,0.643,0.305,0.893,0.732,0.253,0.404,0.971,0.918,0.115,0.514,0.632,0.772,0.79,0.387,0.847,0.778,0.388,0.669,0.212,0.299,0.076,0.177,0.208,0.101,0.252,0.049,0.009,0.231
-52,0.491,0.882,0.138,0.124,0.513,0.718,0.635,0.084,0.158,0.906,0.422,0.794,0.749,0.957,0.972,0.144,0.566,0.331,0.834,0.225,0.173,0.164,0.383,0.524,0.729,0.074,0.349,0.645,0.996,0.288,0.483,0.426,0.762,0.76,0.077,0.889,0.472,0.457,0.883,0.701,0.098,0.11,0.803,0.776,0.392,0.034,0.081,0.413,0.838,0.175,0.477,0.431,0.873,0.496,0.299,0.179,0.648,0.377,0.405,0.758,0.124,0.853,0.206,0.143
-50,0.821,0.794,0.579,0.244,0.479,0.593,0.778,0.186,0.968,0.555,0.306,0.474,0.662,0.676,0.645,0.38,0.475,0.327,0.083,0.56,0.946,0.472,0.367,0.226,1.0,0.092,0.583,0.396,0.331,0.219,0.017,0.547,0.333,0.774,0.992,0.314,0.838,0.356,0.845,0.517,0.141,0.529,0.132,0.315,0.004,0.553,0.118,0.966,0.813,0.945,0.354,0.981,0.236,0.163,0.987,0.523,0.215,0.986,0.98,0.335,0.119,0.936,0.858,0.759
-48,0.457,0.688,0.766,0.356,0.071,0.751,0.031,0.543,0.656,0.378,0.762,0.48,0.174,0.101,0.693,0.478,0.725,0.995,0.51,0.282,0.355,0.531,0.36,0.499,0.015,0.175,0.23,0.788,0.648,0.995,0.095,0.749,0.356,0.966,0.968,0.836,0.732,0.012,0.16,0.808,0.756,0.184,0.174,0.517,0.575,0.645,0.011,0.707,0.807,0.265,0.428,0.306,0.459,0.284,0.248,0.049,0.47,0.101,0.975,0.773,0.298,0.487,0.912,0.465
-46,0.786,0.656,0.241,0.676,0.074,0.38,0.628,0.02,0.975,0.297,0.157,0.177,0.878,0.59,0.693,0.611,0.0,0.883,0.973,0.862,0.195,0.978,0.809,0.184,0.803,0.99,0.21,0.038,0.825,0.236,0.336,0.505,0.505,0.624,0.802,0.472,0.951,0.289,0.933,0.967,0.877,0.717,0.189,0.336,0.047,0.97,0.219,0.328,0.122,0.542,0.376,0.52,0.947,0.603,0.908,0.319,0.144,0.242,0.075,0.404,0.09,0.22,0.17,0.787
-44,0.419,0.429,0.452,0.77,0.853,0.37,0.855,0.093,0.181,0.832,0.62,0.51,0.126,0.394,0.4,0.161,0.799,0.774,0.44,0.757,0.214,0.114,0.959,0.712,0.27,0.771,0.829,0.005,0.657,0.703,0.685,0.345,0.616,0.282,0.315,0.726,0.474,0.482,0.466,0.821,0.401,0.107,0.123,0.066,0.405,0.525,0.115,0.343,0.629,0.463,0.344,0.235,0.55,0.774,0.934,0.53,0.135,0.661,0.589,0.749,0.965,0.417,0.188,0.572
-42,0.34,0.538,0.068,0.606,0.696,0.51,0.75,0.575,0.314,0.981,0.963,0.895,0.424,0.592,0.78,0.467,0.913,0.633,0.15,0.165,0.033,0.715,0.276,0.007,0.391,0.377,0.4,0.761,0.214,0.35,0.572,0.239,0.25,0.131,0.915,0.414,0.956,0.6,0.553,0.763,0.242,0.535,0.332,0.447,0.696,0.854,0.08,0.741,0.412,0.705,0.641,0.088,0.748,0.288,0.445,0.089,0.229,0.083,0.876,0.871,0.798,0.889,0.92,0.423
-40,0.799,0.507,0.827,0.813,0.019,0.185,0.75,0.251,0.194,0.801,0.498,0.686,0.061,0.088,0.648,0.837,0.978,0.189,0.613,0.618,0.588,0.309,0.563,0.585,0.84,0.439,0.65,0.587,0.016,0.362,0.91,0.526,0.864,0.259,0.068,0.338,0.142,0.82,0.71,0.031,0.027,0.418,0.829,0.66,0.499,0.483,0.487,0.422,0.543,0.763,0.358,0.09,0.641,0.162,0.001,0.047,0.825,0.604,0.354,0.828,0.58,0.05,0.745,0.436
-38,0.286,0.414,0.971,0.74,0.711,0.552,0.81,0.906,0.003,0.624,0.943,0.009,0.692,0.37,0.999,0.121,0.455,0.309,0.915,0.717,0.776,0.714,0.138,0.704,0.881,0.171,0.111,0.78,0.669,0.244,0.909,0.391,0.918,0.668,0.217,0.953,0.323,0.085,0.347,0.389,0.167,0.566,0.243,0.656,0.17,0.218,0.334,0.3,0.664,0.914,0.974,0.965,0.483,0.314,0.889,0.129,0.163,0.47,0.632,0.424,0.654,0.409,0.857,0.995
-36,0.117,0.65,0.024,0.572,0.057,0.414,0.698,0.641,0.91,0.469,0.63,0.714,0.218,0.005,0.203,0.947,0.5,0.508,0.781,0.813,0.673,0.101,0.765,0.114,0.898,0.325,0.088,0.709,0.168,0.901,0.022,0.035,0.279,0.064,0.596,0.861,0.14,0.098,0.019,0.704,0.336,0.381,0.75,0.777,0.652,0.339,0.346,0.77,0.427,0.904,0.648,0.708,0.782,0.616,0.129,0.563,0.871,0.761,0.056,0.378,0.29,0.033,0.183,0.913
-34,0.501,0.633,0.723,0.577,0.653,0.262,0.275,0.293,0.664,0.696,0.747,0.723,0.956,0.393,0.104,0.32,0.594,0.854,0.113,0.126,0.037,0.718,0.236,0.244,0.5,0.37,0.306,0.588,0.665,0.286,0.263,0.94,0.492,0.886,0.773,0.452,0.342,0.802,0.959,0.33,0.677,0.246,0.502,0.222,0.053,0.646,0.637,0.022,0.026,0.1,0.538,0.288,0.313,0.101,0.489,0.788,0.256,0.604,0.535,0.016,0.027,0.537,0.052,0.828
-32,0.642,0.549,0.958,0.418,0.435,0.49,0.09,0.314,0.672,0.071,0.648,0.3,0.385,0.058,0.665,0.603,0.068,0.976,0.592,0.979,0.666,0.846,0.479,0.004,0.395,0.26,0.472,0.064,0.391,0.725,0.789,0.84,0.085,0.342,0.339,0.425,0.937,0.016,0.151,0.634,0.805,0.257,0.241,0.378,0.172,0.085,0.871,0.972,0.879,0.476,0.589,0.124,0.456,0.097,0.253,0.209,0.788,0.78,0.567,0.44,0.459,0.178,0.08,0.887
-30,0.674,0.566,0.695,0.806,0.285,0.08,0.269,0.507,0.524,0.677,0.859,0.937,0.654,0.551,0.835,0.78,0.262,0.44,0.751,0.237,0.539,0.15,0.651,0.243,0.283,0.155,0.36,0.698,0.417,0.4,0.217,0.225,0.403,0.09,0.359,0.85,0.879,0.14,0.144,0.01,0.91,0.691,0.264,0.409,0.948,0.104,0.117,0.011,0.577,0.081,0.051,0.116,0.974,0.637,0.301,0.97,0.824,0.275,0.144,0.49,0.584,0.749,0.712,0.458
-28,0.717,0.638,0.704,0.787,0.016,0.178,0.379,0.482,0.434,0.345,0.383,0.847,0.16,0.522,0.185,0.351,0.307,0.227,0.724,0.877,0.696,0.135,0.936,0.077,0.432,0.972,0.71,0.962,0.103,0.262,0.526,0.596,0.992,0.924,0.377,0.093,0.335,0.651,0.141,0.15,0.723,0.672,0.351,0.628,0.93,0.139,0.076,0.023,0.084,0.328,0.577,0.117,0.394,0.08,0.885,0.654,0.604,0.806,0.599,0.572,0.852,0.122,0.981,0.529
-26,0.272,0.792,0.83,0.98,0.638,0.971,0.673,0.435,0.089,0.232,0.031,0.596,0.293,0.829,0.308,0.855,0.161,0.736,0.343,0.071,0.532,0.54,0.098,0.074,0.987,0.341,0.708,0.597,0.939,0.071,0.455,0.031,0.971,0.078,0.938,0.681,0.635,0.226,0.912,0.45,0.548,0.471,0.582,0.216,0.454,0.701,0.616,0.041,0.625,0.625,0.075,0.394,0.736,0.015,0.167,0.925,0.569,0.739,0.058,0.31,0.688,0.825,0.93,0.679
-24,0.111,0.074,0.706,0.978,0.956,0.252,0.795,0.61,0.152,0.777,0.38,0.261,0.207,0.13,0.674,0.562,0.374,0.93,0.768,0.813,0.646,0.083,0.93,0.334,0.298,0.4,0.013,0.041,0.696,0.502,0.422,0.151,0.573,0.199,0.128,0.153,0.012,0.36,0.294,0.078,0.959,0.011,0.256,0.485,0.473,0.771,0.523,0.045,0.902,0.984,0.242,0.384,0.361,0.82,0.484,0.289,0.642,0.678,0.241,0.326,0.178,0.494,0.86,0.57
-22,0.965,0.656,0.781,0.581,0.643,0.894,0.306,0.307,0.229,0.747,0.366,0.603,0.585,0.123,0.452,0.071,0.609,0.762,0.013,0.232,0.155,0.142,0.746,0.571,0.061,0.252,0.684,0.388,0.608,0.06,0.888,0.548,0.947,0.421,0.041,0.0,0.655,0.405,0.898,0.974,0.317,0.429,0.293,0.906,0.823,0.404,0.723,0.232,0.343,0.199,0.839,0.688,0.429,0.707,0.145,0.204,0.863,0.943,0.548,0.858,0.609,0.924,0.35,0.94
-20,0.43,0.469,0.443,0.418,0.111,0.077,0.22,0.12,0.431,0.241,0.316,0.746,0.851,0.209,0.944,0.031,0.679,0.664,0.862,0.449,0.753,0.072,0.594,0.518,0.125,0.878,0.301,0.929,0.724,0.203,0.453,0.876,0.881,0.573,0.035,0.111,0.435,0.861,0.185,0.718,0.759,0.57,0.846,0.579,0.411,0.133,0.141,0.759,0.789,0.688,0.5,0.723,0.576,0.868,0.096,0.049,0.79,0.71,0.079,0.247,0.58,0.899,0.894,0.928
-18,0.308,0.673,0.429,0.522,0.307,0.725,0.247,0.083,0.459,0.95,0.614,0.794,0.434,0.233,0.97,0.428,0.763,0.732,0.692,0.77,0.435,0.035,0.145,0.994,0.513,0.785,0.12,0.517,0.808,0.977,0.192,0.609,0.681,0.404,0.569,0.618,0.93,0.835,0.021,0.302,0.198,0.805,0.247,0.286,0.912,0.01,0.348,0.546,0.293,0.258,0.876,0.636,0.087,0.062,0.21,0.928,0.65,0.569,0.699,0.813,0.375,0.037,0.827,0.125
-16,0.778,0.317,0.107,0.001,0.712,0.382,0.131,0.762,0.233,0.744,0.489,0.999,0.44,0.225,0.765,0.944,0.013,0.113,0.878,0.632,0.394,0.869,0.834,0.232,0.122,0.77,0.56,0.036,0.736,0.432,0.843,0.887,0.885,0.861,0.674,0.3,0.3,0.146,0.968,0.084,0.034,0.199,0.871,0.655,0.379,0.815,0.594,0.36,0.442,0.882,0.958,0.462,0.046,0.867,0.368,0.987,0.564,0.237,0.896,0.431,0.743,0.576,0.636,0.28
-14,0.466,0.43,0.334,0.533,0.088,0.409,0.996,0.178,0.034,0.649,0.304,0.185,0.811,0.317,0.157,0.498,0.005,0.558,0.156,0.906,0.302,0.463,0.81,0.974,0.378,0.631,0.924,0.044,0.42,0.163,0.289,0.124,0.444,0.584,0.179,0.298,0.324,0.093,0.016,0.225,0.338,0.399,0.562,0.819,0.75,0.071,0.491,0.199,0.605,0.891,0.974,0.32,0.2,0.687,0.535,0.208,0.022,0.164,0.947,0.311,0.916,0.292,0.532,0.349
-12,0.222,0.776,0.783,0.604,0.271,0.192,0.086,0.35,0.114,0.481,0.8,0.146,0.483,0.135,0.666,0.288,0.089,0.076,0.701,0.511,0.594,0.02,0.803,0.374,0.831,0.572,0.695,0.196,0.171,0.771,0.015,0.52,0.59,0.252,0.641,0.917,0.074,0.82,0.993,0.556,0.053,0.476,0.378,0.38,0.864,0.587,0.258,0.847,0.093,0.516,0.737,0.423,0.173,0.9,0.537,0.399,0.13,0.67,0.941,0.621,0.368,0.874,0.787,0.275
-10,0.702,0.07,0.167,0.013,0.091,0.457,0.701,0.347,0.667,0.054,0.082,0.28,0.791,0.167,0.684,0.135,0.647,0.331,0.375,0.27,0.687,0.344,0.256,0.77,0.75,0.582,0.138,0.082,0.418,0.704,0.039,0.676,0.467,0.091,0.704,0.241,0.529,0.111,0.198,0.744,0.165,0.346,0.124,0.672,0.255,0.631,0.145,0.856,0.08,0.455,0.35,0.284,0.158,0.28,0.925,0.633,0.058,0.007,0.193,0.283,0.742,0.376,0.577,0.16
-8,0.473,0.197,0.626,0.218,0.479,0.173,0.188,0.57,0.446,0.238,0.103,0.218,0.498,0.95,0.169,0.477,0.755,0.653,0.318,0.761,0.368,0.936,0.103,0.235,0.674,0.371,0.17,0.216,0.405,0.876,0.414,0.613,0.601,0.476,0.168,0.611,0.526,0.285,0.425,0.524,0.122,0.733,0.654,0.661,0.998,0.691,0.141,0.686,0.16,0.416,0.668,0.801,0.086,0.744,0.964,0.651,0.019,0.923,0.665,0.661,0.289,0.143,0.783,0.423
-6,0.126,0.415,0.707,0.693,0.529,0.77,0.564,0.946,0.576,0.958,0.839,0.292,0.122,0.617,0.056,0.927,0.149,0.371,0.544,0.124,0.094,0.914,0.056,0.241,0.656,0.739,0.616,0.844,0.267,0.795,0.116,0.449,0.092,0.195,0.373,0.426,0.33,0.134,0.612,0.185,0.68,0.855,0.377,0.585,0.382,0.13,0.839,0.908,0.233,0.356,0.549,0.58,0.083,0.549,0.643,0.041,0.62,0.075,0.199,0.419,0.039,0.77,0.178,0.521
-4,0.302,0.649,0.19,0.046,0.295,0.579,0.262,0.917,0.657,0.726,0.159,0.893,0.208,0.731,0.855,0.013,0.241,0.08,0.21,0.87,0.222,0.838,0.543,0.929,0.288,0.797,0.594,0.909,0.813,0.501,0.325,0.527,0.973,0.864,0.112,0.454,0.862,0.654,0.249,0.104,0.505,0.039,0.204,0.436,0.987,0.841,0.794,0.806,0.691,0.249,0.201,0.851,0.999,0.418,0.236,0.857,0.984,0.531,0.364,0.75,0.616,0.298,0.746,0.943
-2,0.023,0.085,0.672,0.277,0.967,0.664,0.009,0.577,0.431,0.775,0.36,0.261,0.277,0.943,0.585,0.083,0.746,0.692,0.215,0.311,0.62,0.43,0.145,0.747,0.401,0.715,0.423,0.57,0.413,0.706,0.43,0.289,0.153,0.977,0.037,0.852,0.764,0.429,0.351,0.749,0.101,0.877,0.736,0.953,0.08,0.773,0.559,0.732,0.129,0.416,0.914,0.309,0.442,0.114,0.544,0.846,0.099,0.935,0.295,0.707,0.723,0.434,0.494,0.248
0,0.102,0.046,0.802,0.4,0.44,0.464,0.077,0.446,0.234,0.652,0.307,0.852,0.604,0.649,0.177,0.946,0.127,0.714,0.39,0.644,0.19,0.063,0.001,0.833,0.174,0.935,0.833,0.749,0.552,0.704,0.591,0.551,0.786,0.528,0.865,0.454,0.558,0.861,0.989,0.298,0.438,0.883,0.588,0.889,0.034,0.988,0.504,0.013,0.681,0.259,0.139,0.6,0.954,0.68,0.224,0.414,0.216,0.634,0.152,0.782,0.228,0.151,0.723,0.462
2,0.049,0.791,0.12,0.493,0.023,0.429,0.227,0.332,0.465,0.599,0.117,0.448,0.059,0.264,0.155,0.989,0.786,0.72,0.859,0.798,0.444,0.079,0.887,0.861,0.885,0.426,0.265,0.266,0.809,0.485,0.285,0.232,0.498,0.129,0.311,0.267,0.387,0.993,0.611,0.715,0.287,0.58,0.935,0.054,0.69,0.933,0.208,0.492,0.544,0.711,0.377,0.512,0.72,0.166,0.498,0.997,0.573,0.212,0.941,0.687,0.685,0.067,0.942,0.756
4,0.172,0.686,0.914,0.595,0.538,0.178,0.151,0.286,0.045,0.018,0.048,0.288,0.503,0.439,0.381,0.373,0.676,0.903,0.881,0.948,0.892,0.596,0.509,0.992,0.319,0.551,0.113,0.511,0.53,0.663,0.327,0.518,0.561,0.241,0.747,0.675,0.887,0.195,0.042,0.14,0.201,0.464,0.732,0.48,0.961,0.197,0.712,0.54,0.3,0.711,0.762,0.263,0.31,0.352,0.197,0.087,0.055,0.909,0.787,0.601,0.179,0.048,0.071,0.416
6,0.709,0.546,0.72,0.755,0.935,0.375,0.725,0.361,0.88,0.956,0.974,0.45,0.534,0.046,0.968,0.501,0.673,0.968,0.07,0.478,0.243,0.338,0.325,0.439,0.686,0.156,0.584,0.693,0.759,0.438,0.155,0.756,0.365,0.47,0.157,0.061,0.714,0.856,0.87,0.458,0.007,0.814,0.765,0.092,0.094,0.7,0.73,0.112,0.295,0.575,0.281,0.991,0.915,0.569,0.752,0.093,0.279,0.019,0.436,0.874,0.561,0.151,0.069,0.153
8,0.18,0.323,0.017,0.801,0.379,0.468,0.196,0.393,0.053,0.534,0.084,0.242,0.375,0.222,0.309,0.189,0.08,0.86,0.436,0.824,0.413,0.494,0.984,0.571,0.973,0.054,0.69,0.529,0.648,0.5,0.289,0.619,0.812,0.13,0.785,0.888,0.334,0.907,0.642,0.031,0.782,0.025,0.19,0.743,0.941,0.816,0.922,0.594,0.907,0.555,0.558,0.285,0.663,0.181,0.643,0.938,0.752,0.97,0.527,0.665,0.711,0.688,0.437,0.442
10,0.666,0.003,0.126,0.042,0.203,0.599,0.273,0.782,0.455,0.352,0.122,0.293,0.482,0.936,0.482,0.129,0.573,0.434,0.688,0.216,0.728,0.613,0.055,0.758,0.233,0.056,0.49,0.619,0.456,0.165,0.552,0.372,0.041,0.704,0.006,0.94,0.754,0.336,0.035,0.539,0.919,0.318,0.077,0.425,0.735,0.339,0.528,0.352,0.517,0.082,0.693,0.233,0.097,0.374,0.101,0.583,0.771,0.762,0.947,0.902,0.121,0.064,0.937,0.81
12,0.89,0.437,0.429,0.249,0.067,0.709,0.214,0.356,0.913,0.616,0.124,0.103,0.494,0.592,0.15,0.044,0.156,0.779,0.861,0.601,0.323,0.775,0.146,0.667,0.925,0.479,0.161,0.29,0.334,0.607,0.554,0.134,0.79,0.187,0.151,0.651,0.77,0.798,0.269,0.64,0.894,0.604,0.393,0.45,0.535,0.753,0.276,0.688,0.131,0.476,0.656,0.554,0.142,0.591,0.486,0.334,0.383,0.316,0.322,0.417,0.32,0.613,0.579,0.566
14,0.565,0.564,0.312,0.356,0.879,0.201,0.387,0.477,0.553,0.592,0.689,0.528,0.96,0.904,0.081,0.659,0.629,0.228,0.794,0.644,0.683,0.27,0.085,0.61,0.091,0.09,0.272,0.853,0.032,0.825,0.954,0.275,0.489,0.226,0.362,0.93,0.022,0.861,0.911,0.602,0.963,0.762,0.246,0.817,0.388,0.51,0.889,0.79,0.097,0.817,0.491,0.46,0.991,0.71,0.722,0.926,0.316,0.84,0.585,0.796,0.8,0.837,0.495,0.902
16,0.232,0.676,0.783,0.71,0.464,0.093,0.487,0.663,0.965,0.868,0.895,0.523,0.758,0.259,0.128,0.857,0.286,0.076,0.835,0.426,0.717,0.038,0.044,0.338,0.748,0.726,0.194,0.357,0.239,0.26,0.148,0.555,0.18,0.208,0.605,0.836,0.589,0.739,0.624,0.413,0.445,0.685,0.336,0.081,0.601,0.741,0.92,0.975,0.718,0.314,0.206,0.81,0.314,0.357,0.619,0.184,0.322,0.344,0.843,0.735,0.984,0.316,0.481,0.284
18,0.242,0.632,0.22,0.585,0.448,0.372,0.123,0.295,0.449,0.966,0.923,0.226,0.871,0.893,0.701,0.664,0.434,0.891,0.354,0.879,0.583,0.465,0.389,0.211,0.285,0.173,0.95,0.349,0.944,0.765,0.321,0.254,0.047,0.207,0.087,0.66,0.792,0.048,0.637,0.046,0.24,0.775,0.643,0.285,0.77,0.97,0.82,0.793,0.563,0.899,0.715,0.972,0.403,0.868,0.908,0.825,0.155,0.484,0.528,0.453,0.488,0.45,0.057,0.961
20,0.734,0.701,0.485,0.669,0.531,0.046,0.343,0.806,0.761,0.479,0.899,0.36,0.734,0.896,0.526,0.036,0.452,0.402,0.322,0.596,0.476,0.975,0.022,0.419,0.321,0.363,0.297,0.312,0.449,0.586,0.524,0.872,0.86,0.567,0.002,0.912,0.711,0.543,0.147,0.823,0.177,0.785,0.567,0.22,0.832,0.564,0.884,0.1,0.842,0.929,0.826,0.806,0.787,0.917,0.169,0.63,0.95,0.249,0.935,0.756,0.781,0.277,0.368,0.372
22,0.493,0.982,0.984,0.869,0.721,0.791,0.782,0.196,0.047,0.025,0.565,0.811,0.727,0.811,0.275,0.97,0.983,0.48,0.902,0.078,0.475,0.197,0.719,0.427,0.152,0.656,0.13,0.315,0.143,0.255,0.496,0.983,0.316,0.015,0.348,0.318,0.507,0.61,0.861,0.475,0.733,0.943,0.496,0.856,0.687,0.727,0.161,0.508,0.514,0.878,0.211,0.844,0.122,0.767,0.668,0.739,0.156,0.474,0.118,0.381,0.871,1.0,0.157,0.27
24,0.624,0.337,0.879,0.521,0.216,0.737,0.502,0.725,0.474,0.058,0.572,0.136,0.131,0.911,0.9,0.312,0.221,0.835,0.403,0.218,0.781,0.679,0.158,0.115,0.256,0.614,0.287,0.581,0.822,0.398,0.26,0.548,0.897,0.321,0.134,0.591,0.161,0.681,0.273,0.523,0.125,0.824,0.828,0.008,0.483,0.048,0.617,0.349,0.899,0.114,0.468,0.717,0.219,0.726,0.581,0.918,0.029,0.646,0.889,0.879,0.925,0.581,0.912,0.403
26,0.054,0.604,0.236,0.788,0.408,0.722,0.155,0.098,0.807,0.919,0.918,0.157,0.963,0.315,0.224,0.607,0.912,0.932,0.219,0.208,0.576,0.912,0.407,0.715,0.918,0.445,0.583,0.019,0.388,0.211,0.472,0.203,0.501,0.946,0.96,0.51,0.332,0.051,0.292,0.116,0.582,0.059,0.414,0.313,0.06,0.653,0.967,0.942,0.336,0.093,0.218,0.939,0.945,0.149,0.31,0.097,0.926,0.618,0.943,0.359,0.741,0.393,0.142,0.293
28,0.248,0.853,0.831,0.064,0.81,0.263,0.545,0.691,0.329,0.811,0.89,0.954,0.157,0.144,0.121,0.051,0.301,0.178,0.339,0.547,0.843,0.76,0.843,0.071,0.397,0.859,0.509,0.147,0.625,0.663,0.693,0.876,0.444,0.333,0.396,0.085,0.218,0.098,0.485,0.95,0.725,0.706,0.841,0.105,0.4,0.374,0.727,0.325,0.269,0.787,0.183,0.729,0.26,0.316,0.758,0.764,0.316,0.102,0.451,0.182,0.069,0.314,0.45,0.374
30,0.115,0.258,0.341,0.663,0.535,0.076,0.76,0.832,0.495,0.991,0.53,0.131,0.906,0.588,0.808,0.415,0.805,0.023,0.819,0.674,0.451,0.413,0.567,0.565,0.452,0.11,0.25,0.95,0.577,0.84,0.638,0.309,0.928,0.063,0.149,0.361,0.576,0.503,0.139,0.338,0.673,0.454,0.278,0.167,0.713,0.566,0.206,0.221,0.594,0.256,0.881,0.5,0.491,0.321,0.203,0.502,0.407,0.109,0.216,0.474,0.03,0.59,0.028,0.862
32,0.21,0.127,0.457,0.293,0.546,0.746,0.211,0.377,0.963,0.949,0.009,0.678,0.142,0.933,0.983,0.943,0.31,0.873,0.644,0.051,0.357,0.467,0.543,0.497,0.806,0.92,0.309,0.859,0.23,0.668,0.337,0.04,0.309,0.999,0.7,0.417,0.713,0.649,0.127,0.14,0.974,0.365,0.817,0.048,0.747,0.492,0.156,0.675,0.783,0.717,0.232,0.74,0.424,0.845,0.506,0.264,0.672,0.697,0.84,0.202,0.894,0.291,0.071,0.57
34,0.859,0.248,0.191,0.392,0.733,0.114,0.009,0.112,0.945,0.969,0.65,0.518,0.879,0.28,0.184,0.809,0.574,0.605,0.88,0.445,0.135,0.654,0.262,0.232,0.742,0.815,0.074,0.862,0.544,0.747,0.587,0.593,0.182,0.894,0.975,0.216,0.893,0.35,0.622,0.664,0.651,0.759,0.349,0.826,0.806,0.289,0.468,0.639,0.151,0.663,0.496,0.036,0.799,0.373,0.919,0.461,0.701,0.66,0.761,0.802,0.037,0.702,0.869,0.697
36,0.695,0.286,0.213,0.014,0.832,0.319,0.308,0.554,0.506,0.473,0.196,0.143,0.675,0.436,0.413,0.22,0.918,0.659,0.564,0.639,0.042,0.083,0.538,0.877,0.297,0.468,0.878,0.726,0.07,0.666,0.136,0.273,0.746,0.649,0.096,0.745,0.789,0.807,0.488,0.174,0.622,0.466,0.096,0.217,0.578,0.603,0.824,0.107,0.177,0.745,0.76,0.249,0.216,0.738,0.444,0.87,0.657,0.11,0.979,0.941,0.679,0.878,0.088,0.751
38,0.654,0.17,0.847,0.863,0.813,0.723,0.105,0.484,0.87,0.761,0.645,0.197,0.601,0.721,0.728,0.641,0.651,0.981,0.417,0.595,0.02,0.152,0.0,0.695,0.441,0.35,0.284,0.561,0.746,0.216,0.751,0.546,0.425,0.453,0.864,0.859,0.787,0.329,0.499,0.724,0.424,0.561,0.673,0.617,0.16,0.683,0.634,0.564,0.431,0.956,0.568,0.611,0.021,0.94,0.017,0.989,0.006,0.473,0.905,0.058,0.271,0.675,0.67,0.108
40,0.349,0.691,0.035,0.979,0.88,0.688,0.106,0.661,0.155,0.606,0.21,0.001,0.419,0.073,0.599,0.68,0.63,0.175,0.125,0.721,0.42,0.937,0.531,0.343,0.54,0.427,0.068,0.463,0.225,0.912,0.275,0.844,0.503,0.809,0.864,0.986,0.917,0.459,0.233,0.009,0.907,0.806,0.66,0.317,0.31,0.265,0.195,0.755,0.182,0.892,0.343,0.297,0.697,0.121,0.296,0.735,0.944,0.752,0.233,0.022,0.914,0.876,0.311,0.384
42,0.888,0.562,0.559,0.958,0.421,0.118,0.92,0.825,0.985,0.209,0.521,0.601,0.571,0.131,0.066,0.037,0.027,0.228,0.631,0.355,0.294,0.444,0.577,0.594,0.039,0.693,0.076,0.16,0.588,0.229,0.511,0.178,0.976,0.533,0.519,0.434,0.107,0.338,0.321,0.286,0.203,0.778,0.99,0.353,0.813,0.792,0.943,0.153,0.409,0.348,0.455,0.02,0.956,0.704,0.888,0.958,0.936,0.491,0.355,0.315,0.766,0.618,0.226,0.809
44,0.352,0.162,0.994,0.749,0.106,0.91,0.385,0.24,0.278,0.033,0.28,0.432,0.956,0.86,0.337,0.414,0.533,0.701,0.294,0.574,0.79,0.305,0.543,0.078,0.196,0.332,0.557,0.918,0.453,0.294,0.243,0.687,0.065,0.223,0.67,0.388,0.879,0.393,0.622,0.992,0.68,0.985,0.158,0.436,0.29,0.079,0.404,0.784,0.804,0.079,0.368,0.706,0.72,0.329,0.327,0.663,0.203,0.57,0.916,0.872,0.903,0.748,0.953,0.663
46,0.882,0.266,0.555,0.252,0.194,0.702,0.572,0.367,0.572,0.606,0.535,0.789,0.752,0.873,0.084,0.81,0.428,0.163,0.872,0.161,0.112,0.753,0.6,0.569,0.394,0.626,0.499,0.158,0.38,0.311,0.413,0.386,0.804,0.213,0.8,0.957,0.422,0.678,0.27,0.747,0.94,0.028,0.832,0.579,0.814,0.568,0.626,0.127,0.956,0.93,0.023,0.17,0.61,0.848,0.504,0.847,0.752,0.583,0.609,0.595,0.323,0.978,0.903,0.964
48,0.692,0.75,0.71,0.792,0.615,0.274,0.047,0.558,0.845,0.635,0.253,0.19,0.402,0.5,0.13,0.732,0.667,0.818,0.529,0.945,0.317,0.094,0.511,0.572,0.723,0.918,0.743,0.438,0.924,0.967,0.911,0.42,0.891,0.105,0.318,0.943,0.013,0.363,0.998,0.024,0.073,0.719,0.281,0.101,0.631,0.192,0.957,0.572,0.76,0.655,0.196,0.524,0.414,0.876,0.195,0.088,0.014,0.566,0.091,0.617,0.463,0.353,0.411,0.215
50,0.174,0.286,0.3,0.984,0.096,0.41,0.637,0.395,0.33,0.858,0.724,0.55,0.559,0.491,0.013,0.034,0.877,0.124,0.789,0.88,0.47,0.27,0.778,0.693,0.934,0.907,0.183,0.433,0.399,0.503,0.964,0.557,0.124,0.312,0.91,0.275,0.374,0.106,0.198,0.043,0.902,0.151,0.209,0.82,0.529,0.318,0.728,0.866,0.731,0.849,0.831,0.94,0.786,0.48,0.961,0.706,0.465,0.55,0.515,0.894,0.699,0.654,0.612,0.488
52,0.207,0.028,0.601,0.42,0.376,0.059,0.199,0.515,0.621,0.155,0.541,0.006,0.334,0.77,0.082,0.298,0.226,0.287,0.453,0.115,0.401,0.216,0.143,0.008,0.418,0.661,0.971,0.911,0.773,0.373,0.721,0.771,0.478,0.603,0.09,0.39,0.018,0.881,0.643,0.436,0.551,0.29,0.415,0.13,0.38,0.593,0.903,0.811,0.833,0.891,0.467,0.342,0.399,0.617,0.796,0.542,0.673,0.24,0.786,0.465,0.379,0.905,0.89,0.944
54,0.764,0.839,0.034,0.427,0.879,0.383,0.054,0.582,0.783,0.319,0.407,0.152,0.851,0.173,0.676,0.831,0.164,0.431,0.11,0.485,0.932,0.331,0.479,0.912,0.898,0.065,0.214,0.496,0.708,0.115,0.429,0.581,0.466,0.23,0.481,0.021,0.306,0.337,0.418,0.337,0.902,0.265,0.973,0.619,0.817,0.374,0.463,0.292,0.616,0.866,0.307,0.789,0.797,0.857,0.951,0.961,0.593,0.366,0.818,0.889,0.3,0.67,0.578,0.884
56,0.82,0.898,0.246,0.843,0.202,0.389,0.534,0.333,0.492,0.397,0.738,0.719,0.736,0.795,0.934,0.207,0.686,0.536,0.645,0.78,0.873,0.1,0.553,0.72,0.942,0.022,0.428,0.495,0.035,0.332,0.886,0.04,0.195,0.555,0.527,0.142,0.783,0.656,0.131,0.259,0.74,0.205,0.562,0.704,0.331,0.547,0.365,0.315,0.738,0.318,0.202,0.715,0.546,0.934,0.486,0.434,0.178,0.244,0.14,0.713,0.906,0.769,0.788,0.28
58,0.016,0.393,0.348,0.094,0.834,0.156,0.383,0.906,0.207,0.778,0.396,0.455,0.409,0.909,0.003,0.231,0.326,0.758,0.639,0.456,0.536,0.274,0.208,0.891,0.891,0.488,0.901,0.861,0.005,0.194,0.491,0.489,0.187,0.572,0.188,0.713,0.714,0.011,0.108,0.494,0.342,0.353,0.151,0.718,0.97,0.576,0.919,0.055,0.743,0.819,0.929,0.447,0.85,0.634,0.716,0.225,0.685,0.159,0.281,0.861,0.632,0.542,0.736,0.498
60,0.256,0.453,0.739,0.637,0.579,0.832,0.283,0.225,0.594,0.111,0.437,0.969,0.911,0.929,0.019,0.619,0.494,0.721,0.685,0.583,0.386,0.467,0.66,0.766,0.842,0.938,0.654,0.756,0.217,0.671,0.5,0.776,0.315,0.839,0.072,0.521,0.504,0.455,0.37,0.238,0.072,0.359,0.057,0.676,0.529,0.323,0.406,0.713,0.817,0.155,0.04,0.742,0.301,0.6,0.072,0.644,0.895,0.562,0.22,0.967,0.532,0.742,0.861,0.606
62,0.379,0.49,0.271,0.985,0.718,0.648,0.628,0.072,0.34,0.447,0.288,0.78,0.8,0.46,0.562,0.744,0.948,0.013,0.814,0.725,0.708,0.359,0.043,0.002,0.331,0.59,0.298,0.504,0.768,0.42,0.468,0.578,0.914,0.114,0.186,0.023,0.182,0.472,0.844,0.967,0.059,0.599,0.139,0.384,0.557,0.16,0.011,0.639,0.754,0.676,0.537,0.809,0.91,0.221,0.226,0.719,0.223,0.987,0.592,0.088,0.829,0.674,0.16,0.891
64,0.35,0.932,0.682,0.376,0.485,0.384,0.709,0.947,0.681,0.033,0.148,0.74,0.552,0.47,0.355,0.751,0.356,0.22,0.755,0.415,0.561,0.169,0.432,0.008,0.769,0.21,0.192,0.819,0.651,0.826,0.242,0.924,0.034,0.232,0.146,0.567,0.197,0.763,0.254,0.858,0.423,0.5,0.363,0.061,0.984,0.656,0.096,0.489,0.796,0.418,0.993,0.829,0.738,0.119,0.92,0.466,0.412,0.214,0.661,0.181,0.247,0.957,0.802,0.941
66,0.591,0.627,0.0,0.641,0.802,0.151,0.835,0.067,0.318,0.585,0.18,0.964,0.306,0.707,0.738,0.553,0.609,0.034,0.642,0.292,0.536,0.77,0.768,0.139,0.447,0.139,0.862,0.542,0.606,0.066,0.997,0.618,0.402,0.08,0.739,0.929,0.902,0.469,0.995,0.767,0.895,0.212,0.798,1.0,0.622,0.596,0.573,0.098,0.619,0.79,0.049,0.197,0.788,0.333,0.555,0.972,0.113,0.027,0.526,0.184,0.153,0.25,0.919,0.67
68,0.926,0.934,0.076,0.084,0.479,0.357,0.106,0.442,0.518,0.338,0.12,0.012,0.882,0.091,0.515,0.647,0.965,0.078,0.182,0.53,0.572,0.107,0.389,0.622,0.083,0.099,0.004,0.845,0.801,0.082,0.988,0.78,0.517,0.997,0.681,0.481,0.263,0.625,0.527,0.952,0.525,0.532,0.873,0.871,0.096,0.601,0.065,0.587,0.046,0.233,0.977,0.278,0.694,0.208,0.908,0.128,0.117,0.835,0.441,0.181,0.182,0.213,0.413,0.882
70,0.024,0.672,0.229,0.924,0.469,0.192,0.989,0.503,0.752,0.74,0.746,0.511,0.948,0.512,0.431,0.741,0.653,0.667,0.927,0.026,0.364,0.22,0.494,0.576,0.629,0.617,0.613,0.276,0.097,0.188,0.565,0.913,0.282,0.384,0.616,0.787,0.573,0.067,0.839,0.843,0.306,0.899,0.157,0.34,0.128,0.366,0.191,0.52,0.038,0.359,0.122,0.409,0.676,0.857,0.816,0.27,0.118,0.231,0.527,0.729,0.683,0.922,0.544,0.31
72,0.466,0.603,0.383,0.967,0.638,0.34,0.665,0.699,0.797,0.49,0.837,0.195,0.487,0.334,0.271,0.194,0.907,0.956,0.146,0.904,0.449,0.712,0.738,0.099,0.162,0.198,0.177,0.694,0.411,0.62,0.281,0.55,0.951,0.364,0.855,0.664,0.366,0.478,0.739,0.467,0.43,0.947,0.568,0.468,0.495,0.645,0.382,0.009,0.859,0.471,0.89,0.674,0.665,0.058,0.345,0.913,0.348,0.594,0.26,0.876,0.519,0.788,0.269,0.552
74,0.341,0.556,0.698,0.253,0.89,0.391,0.445,0.496,0.87,0.208,0.966,0.071,0.006,0.744,0.07,0.84,0.017,0.636,0.361,0.493,0.984,0.346,0.952,0.212,0.413,0.259,0.086,0.403,0.184,0.878,0.015,0.482,0.088,0.239,0.514,0.226,0.355,0.73,0.412,0.174,0.783,0.046,0.249,0.912,0.522,0.471,0.798,0.395,0.617,0.933,0.733,0.94,0.865,0.971,0.178,0.465,0.692,0.852,0.774,0.672,0.956,0.487,0.872,0.97
76,0.723,0.486,0.384,0.331,0.841,0.859,0.151,0.259,0.213,0.701,0.197,0.864,0.384,0.54,0.273,0.3,0.228,0.412,0.296,0.893,0.285,0.453,0.31,0.46,0.568,0.112,0.65,0.415,0.181,0.048,0.804,0.728,0.788,0.778,0.285,0.946,0.843,0.498,0.854,0.722,0.626,0.822,0.416,0.489,0.856,0.138,0.361,0.886,0.371,0.008,0.446,0.772,0.528,0.549,0.677,0.258,0.615,0.727,0.159,0.745,0.098,0.867,0.512,0.496
78,0.15,0.565,0.419,0.653,0.397,0.45,0.649,0.924,0.643,0.52,0.021,0.986,0.498,0.802,0.493,0.251,0.577,0.8,0.437,0.643,0.503,0.903,0.747,0.34,0.644,0.261,0.372,0.942,0.498,0.79,0.319,0.603,0.96,0.566,0.592,0.617,0.475,0.15,0.741,0.286,0.751,0.515,0.015,0.244,0.424,0.839,0.915,0.515,0.754,0.078,0.874,0.828,0.633,0.844,0.855,0.428,0.962,0.648,0.047,0.946,0.671,0.218,0.97,0.808
80,0.696,0.916,0.779,0.685,0.51,0.874,0.643,0.879,0.354,0.553,0.199,0.586,0.149,0.724,0.777,0.839,0.974,0.121,0.172,0.824,0.504,0.542,0.207,0.825,0.415,0.131,0.751,0.732,0.413,0.914,0.674,0.319,0.485,0.719,0.148,0.002,0.882,0.053,0.386,0.794,0.907,0.284,0.638,0.173,0.068,0.146,0.117,0.9,0.085,0.92,0.987,0.733,0.053,0.686,0.711,0.456,0.939,0.392,0.191,0.89,0.372,0.848,0.511,0.288
82,0.896,0.044,0.37,0.68,0.181,0.229,0.553,0.247,0.14,0.222,0.571,0.581,0.096,0.624,0.217,0.853,0.777,0.326,0.976,0.556,0.253,0.149,0.751,0.588,0.57,0.661,0.864,0.469,0.563,0.75,0.562,0.156,0.155,0.432,0.798,0.58,0.138,0.108,0.523,0.005,0.602,0.309,0.413,0.377,0.459,0.987,0.187,0.873,0.907,0.448,0.682,0.859,0.925,0.336,0.303,0.018,0.091,0.913,0.075,0.183,0.206,0.39,0.94,0.693
84,0.693,0.599,0.278,0.961,0.377,0.99,0.228,0.053,0.657,0.182,0.799,0.655,0.576,0.621,0.115,0.378,0.843,0.671,0.646,0.893,0.546,0.14,0.572,0.23,0.359,0.454,0.511,0.48,0.066,0.868,0.742,0.365,0.776,0.687,0.677,0.44,0.819,0.328,0.943,0.732,0.87,0.116,0.711,0.432,0.104,0.902,0.272,0.682,0.488,0.159,0.291,0.633,0.774,0.605,0.882,0.809,0.648,0.707,0.009,0.633,0.053,0.642,0.128,0.409
86,0.383,0.965,0.395,0.685,0.681,0.995,0.468,0.713,0.183,0.972,0.297,0.852,0.429,0.449,0.75,0.705,0.738,0.838,0.539,0.241,0.771,0.368,0.83,0.013,0.428,0.964,0.633,0.996,0.125,0.695,0.011,0.513,0.273,0.271,0.635,0.644,0.526,0.449,0.709,0.48,0.843,0.554,0.733,0.59,0.105,0.298,0.928,0.512,0.078,0.896,0.032,0.152,0.796,0.374,0.862,0.231,0.138,0.418,0.048,0.337,0.565,0.726,0.583,0.19
88,0.987,0.431,0.465,0.154,0.22,0.768,0.101,0.948,0.856,0.973,0.848,0.374,0.19,0.733,0.086,0.482,0.912,0.856,0.761,0.624,0.681,0.944,0.448,0.164,0.526,0.798,0.778,0.184,0.603,0.322,0.127,0.093,0.037,0.94,0.761,0.679,0.82,0.843,0.921,0.67,0.153,0.119,0.327,0.823,0.635,0.019,0.059,0.417,0.551,0.005,0.801,0.624,0.502,0.026,0.8,0.789,0.727,0.248,0.458,0.173,0.383,0.061,0.284,0.883
90,0.8,0.403,0.878,0.26,0.627,0.859,0.814,0.053,0.008,0.837,0.316,0.361,0.328,0.79,0.024,0.734,0.113,0.212,0.268,0.229,0.385,0.467,0.156,0.307,0.687,0.855,0.501,0.261,0.379,0.413,0.955,0.436,0.191,0.998,0.61,0.127,0.216,0.86,0.153,0.165,0.045,0.231,0.019,0.332,0.422,0.702,0.897,0.185,0.294,0.065,0.51,0.122,0.648,0.463,0.481,0.81,0.954,0.683,0.8,0.272,0.508,0.895,0.021,0.594
92,0.845,0.053,0.377,0.841,0.153,0.78,0.568,0.045,0.979,0.63,0.666,0.038,0.208,0.642,0.719,0.298,0.606,0.276,0.097,0.329,0.086,0.001,0.406,0.422,0.405,0.845,0.222,0.275,0.426,0.811,0.294,0.662,0.798,0.874,0.876,0.803,0.787,0.105,0.124,0.263,0.342,0.418,0.102,0.561,0.73,0.164,0.323,0.496,0.009,0.453,0.571,0.279,0.889,0.326,0.669,0.296,0.027,0.129,0.179,0.959,0.539,0.827,0.958,0.047
94,0.223,0.404,0.4,0.955,0.525,0.174,0.898,0.893,0.306,0.456,0.941,0.262,0.883,0.051,0.862,0.16,0.696,0.012,0.02,0.257,0.943,0.483,0.619,0.693,0.344,0.96,0.693,0.079,0.282,0.67,0.829,0.666,0.723,0.378,0.562,0.734,0.699,0.35,0.949,0.949,0.641,0.775,0.09,0.365,0.63,0.218,0.903,0.698,0.238,0.313,0.494,0.972,0.791,0.83,0.507,0.149,0.449,0.032,0.334,0.531,0.558,0.561,0.918,0.21
96,0.996,0.725,0.11,0.704,0.404,0.702,0.707,0.273,0.758,0.336,0.045,0.785,0.414,0.718,0.861,0.042,0.034,0.208,0.439,0.663,0.075,0.963,0.045,0.704,0.207,0.318,0.408,0.178,0.952,0.949,0.312,0.58,0.445,0.615,0.373,0.467,0.635,0.251,0.195,0.76,0.626,0.137,0.657,0.549,0.358,0.939,0.35,0.505,0.999,0.94,0.546,0.9,0.638,0.031,0.43,0.324,0.464,0.915,0.973,0.22,0.308,0.265,0.743,0.291
98,0.58,0.097,0.542,0.522,0.841,0.338,0.444,0.023,0.826,0.26,0.78,0.6,0.232,0.745,0.914,0.368,0.769,0.975,0.726,0.181,0.183,0.93,0.981,0.437,0.283,0.692,0.244,0.804,0.917,0.148,0.605,0.164,0.58,0.719,0.518,0.465,0.1,0.607,0.332,0.904,0.221,0.482,0.668,0.75,0.683,0.597,0.956,0.528,0.694,0.444,0.877,0.527,0.233,0.474,0.076,0.805,0.78,0.822,0.508,0.301,0.958,0.122,0.237,0.502
100,0.255,0.531,0.557,0.841,0.125,0.843,0.55,0.336,0.938,0.497,0.968,0.983,0.386,0.691,0.16,0.401,0.205,0.012,0.716,0.981,0.22,0.059,0.136,0.861,0.912,0.674,0.724,0.124,0.187,0.561,0.312,0.784,0.262,0.635,0.79,0.823,0.509,0.731,0.15,0.402,0.243,0.317,0.146,0.433,0.039,0.926,0.8,0.34,0.648,0.494,0.477,0.805,0.86,0.658,0.883,0.678,0.188,0.447,0.533,0.026,0.505,0.36,0.051,0.083
102,0.678,0.563,0.755,0.302,0.079,0.922,0.431,0.062,0.772,0.454,0.07,0.809,0.513,0.294,0.054,0.954,0.752,0.479,0.129,0.476,0.846,0.06,0.906,0.08,0.918,0.597,0.407,0.89,0.842,0.113,0.64,0.915,0.555,0.726,0.569,0.722,0.699,0.514,0.624,0.252,0.657,0.275,0.478,0.16,0.765,0.508,0.106,0.568,0.982,0.197,0.511,0.749,0.216,0.149,0.975,0.25,0.676,0.424,0.429,0.651,0.416,0.402,0.761,0.049
104,0.767,0.859,0.877,0.183,0.59,0.505,0.684,0.669,0.696,0.011,0.872,0.71,0.118,0.98,0.59,0.096,0.479,0.661,0.815,0.601,0.261,0.637,0.544,0.132,0.793,0.08,0.628,0.319,0.677,0.939,0.13,0.227,0.573,0.349,0.772,0.892,0.852,0.361,0.348,0.426,0.701,0.879,0.51,0.515,0.675,0.333,0.539,0.574,0.504,0.617,0.734,0.32,0.371,0.949,0.165,0.589,0.607,0.245,0.832,0.516,0.043,0.431,0.337,0.164
106,0.759,0.939,0.349,0.33,0.303,0.104,0.585,0.937,0.909,0.085,0.85,0.647,0.334,0.561,0.103,0.951,0.882,0.68,0.799,0.398,0.519,0.303,0.746,0.925,0.443,0.796,0.549,0.573,0.31,0.138,0.639,0.229,0.743,0.502,0.892,0.494,0.468,0.362,0.777,0.686,0.841,0.69,0.614,0.571,0.93,0.075,0.411,0.635,0.937,0.078,0.641,0.489,0.486,0.532,0.574,0.388,0.361,0.063,0.725,0.509,0.473,0.984,0.773,0.78
108,0.661,0.128,0.556,0.223,0.173,0.436,0.328,0.721,0.634,0.635,0.471,0.006,0.514,0.634,0.523,0.021,0.047,0.433,0.584,0.944,0.304,0.637,0.098,0.099,0.76,0.78,0.485,0.929,0.451,0.489,0.408,0.44,0.208,0.061,0.315,0.535,0.624,0.572,0.351,0.008,0.86,0.287,0.267,0.46,0.905,0.089,0.682,0.563,0.757,0.771,0.865,0.729,0.532,0.529,0.06,0.931,0.658,0.527,0.826,0.51,0.029,0.7,0.717,0.638
110,0.73,0.565,0.234,0.498,0.542,0.295,0.3,0.529,0.642,0.934,0.687,0.983,0.923,0.08,0.264,0.244,0.107,0.885,0.761,0.419,0.533,0.481,0.741,0.323,0.547,0.256,0.291,0.878,0.61,0.433,0.605,0.487,0.549,0.408,0.857,0.924,0.696,0.985,0.496,0.183,0.86,0.663,0.064,0.1,0.033,0.581,0.804,0.589,0.448,0.786,0.164,0.839,0.02,0.059,0.667,0.25,0.979,0.631,0.159,0.43,0.484,0.305,0.582,0.624
112,0.494,0.097,0.441,0.954,0.626,0.751,0.595,0.011,0.375,0.425,0.61,0.256,0.268,0.279,0.292,0.812,0.307,0.257,0.258,0.095,0.611,0.352,0.686,0.35,0.64,0.648,0.724,0.478,0.102,0.875,0.695,0.788,0.679,0.214,0.462,0.394,0.099,0.122,0.73,0.934,0.367,0.308,0.719,0.027,0.801,0.65,0.811,0.737,0.817,0.961,0.937,0.82,0.303,0.267,0.207,0.186,0.315,0.046,0.591,0.041,0.426,0.282,0.241,0.982
114,0.704,0.314,0.3,0.354,0.488,0.416,0.493,0.424,0.819,0.789,0.646,0.638,0.02,0.411,0.702,0.73,0.063,0.643,0.66,0.429,0.604,0.099,0.39,0.507,0.426,0.781,0.74,0.072,0.118,0.279,0.391,0.281,0.208,0.964,0.124,0.83,0.411,0.541,0.416,0.462,0.233,0.052,0.176,0.747,0.157,0.808,0.773,0.976,0.509,0.108,0.664,0.916,0.668,0.04,0.7,0.669,0.636,0.928,0.521,0.421,0.339,0.654,0.718,0.57
116,0.855,0.065,0.784,0.293,0.576,0.481,0.23,0.963,0.189,0.153,0.228,0.005,0.105,0.964,0.648,0.415,0.444,0.867,0.714,0.281,0.955,0.881,0.549,0.969,0.095,0.939,0.337,0.85,0.816,0.158,0.911,0.129,0.672,0.769,0.275,0.345,0.018,0.331,0.789,0.134,0.048,0.282,0.983,0.638,0.298,0.331,0.849,0.843,0.26,0.196,0.156,0.79,0.248,0.905,0.18,0.569,0.711,0.333,0.872,0.865,0.271,0.078,0.235,0.153
118,0.646,0.239,0.412,0.814,0.472,0.521,0.897,0.828,0.966,0.903,0.47,0.817,0.782,0.449,0.521,0.628,0.853,0.862,0.223,0.083,0.151,0.278,0.669,0.253,0.235,0.457,0.743,0.296,0.168,0.088,0.927,0.255,0.717,0.47,0.221,0.674,0.382,0.601,0.868,0.981,0.316,0.379,0.602,0.518,0.628,0.438,0.147,0.104,0.799,0.291,0.536,0.555,0.733,0.126,0.245,0.199,0.616,0.797,0.284,0.886,0.477,0.104,0.036,0.449
120,0.231,0.034,0.624,0.354,0.049,0.648,0.029,0.898,0.717,0.609,0.111,0.75,0.64,0.654,0.288,0.834,0.519,0.666,0.55,0.218,0.465,0.747,0.517,0.922,0.894,0.115,0.451,0.559,0.394,0.123,0.663,0.71,0.356,0.186,0.795,0.34,0.563,0.497,0.658,0.731,0.618,0.451,0.679,0.955,0.756,0.477,0.744,0.926,0.058,0.882,0.286,0.697,0.451,0.202,0.313,0.288,0.257,0.943,0.149,0.848,0.927,0.621,0.647,0.142
122,0.277,0.508,0.59,0.769,0.61,0.525,0.718,0.181,0.022,0.434,0.377,0.088,0.925,0.287,0.228,0.242,0.849,0.547,0.594,0.775,0.607,0.593,0.273,0.285,0.714,0.127,0.832,0.527,0.818,0.178,0.444,0.297,0.949,0.733,0.709,0.853,0.175,0.874,0.764,0.358,0.797,0.986,0.54,0.41,0.586,0.277,0.922,0.865,0.245,0.448,0.993,0.589,0.409,0.952,0.287,0.586,0.981,0.697,0.318,0.757,0.514,0.537,0.139,0.982
124,0.403,0.674,0.343,0.837,0.533,0.051,0.989,0.857,0.412,0.945,0.9,0.84,0.67,0.551,0.77,0.133,0.663,0.18,0.818,0.933,0.163,0.514,0.601,0.567,0.683,0.731,0.94,0.675,0.97,0.625,0.828,0.275,0.341,0.753,0.416,0.557,0.457,0.154,0.67,0.454,0.754,0.652,0.41,0.736,0.066,0.718,0.631,0.961,0.623,0.939,0.881,0.369,0.679,0.481,0.998,0.95,0.051,0.881,0.739,0.324,0.712,0.218,0.537,0.031
126,0.213,0.646,0.574,0.061,0.582,0.648,0.393,0.195,0.102,0.1,0.113,0.153,0.162,0.838,0.927,0.8,0.037,0.84,0.333,0.025,0.1,0.983,0.843,0.369,0.452,0.394,0.624,0.559,0.354,0.319,0.616,0.04,0.361,0.447,0.144,0.908,0.034,0.345,0.902,0.994,0.483,0.086,0.457,0.042,0.173,0.238,0.016,0.68,0.804,0.06,0.24,0.907,0.588,0.522,0.128,0.661,0.947,0.298,0.31,0.014,0.102,0.993,0.774,0.498
128,0.661,0.368,0.296,0.213,0.44,0.125,0.269,0.152,0.944,0.245,0.541,0.864,0.51,0.536,0.887,0.347,0.969,0.163,0.612,0.428,0.778,0.9,0.577,0.562,0.832,0.737,0.176,0.626,0.274,0.196,0.399,0.147,0.601,0.46,0.716,0.554,0.91,0.515,0.085,0.235,0.926,0.981,0.813,0.94,0.159,0.705,0.758,0.379,0.741,0.888,0.37,0.195,0.566,0.58,0.413,0.443,0.112,0.257,0.617,0.887,0.853,0.353,0.446,0.694
130,0.564,0.552,0.074,0.638,0.082,0.483,0.613,0.145,0.333,0.945,0.128,0.723,0.122,0.678,0.836,0.261,0.541,0.446,0.847,0.535,0.15,0.202,0.711,0.747,0.426,0.623,0.759,0.223,0.198,0.377,0.237,0.089,0.6,0.425,0.809,0.295,0.951,0.332,0.65,0.508,0.84,0.665,0.857,0.998,0.522,0.062,0.719,0.446,0.344,0.791,0.8,0.015,0.622,0.792,0.325,0.204,0.573,0.29,0.589,0.823,0.499,0.548,0.881,0.897
132,0.787,0.948,0.338,0.762,0.326,0.228,0.163,0.469,0.776,0.811,0.866,0.204,0.278,0.096,0.682,0.786,0.323,0.033,0.319,0.86,0.484,0.379,0.022,0.335,0.256,0.391,0.123,0.887,0.736,0.505,0.885,0.086,0.079,0.451,0.499,0.373,0.564,0.293,0.31,0.699,0.571,0.184,0.208,0.035,0.631,0.177,0.6,0.343,0.84,0.852,0.178,0.282,0.737,0.806,0.551,0.759,0.556,0.055,0.775,0.317,0.502,0.202,0.842,0.19
134,0.045,0.4,0.642,0.187,0.392,0.909,0.184,0.587,0.867,0.432,0.275,0.594,0.737,0.0,0.949,0.265,0.872,0.783,0.86,0.302,0.27,0.213,0.349,0.776,0.729,0.251,0.126,0.895,0.944,0.827,0.666,0.535,0.79,0.378,0.045,0.499,0.577,0.755,0.073,0.309,0.348,0.482,0.294,0.457,0.987,0.922,0.065,0.241,0.363,0.822,0.311,0.447,0.72,0.486,0.812,0.699,0.507,0.559,0.72,0.962,0.4,0.754,0.462,0.349
136,0.8,0.154,0.888,0.233,0.71,0.13,0.207,0.012,0.017,0.126,0.554,0.224,0.181,0.062,0.813,0.311,0.988,0.56,0.932,0.304,0.478,0.227,0.537,0.49,0.719,0.737,0.181,0.386,0.952,0.439,0.266,0.106,0.409,0.641,0.718,0.145,0.488,0.994,0.811,0.52,0.043,0.559,0.608,0.439,0.63,0.75,0.584,0.204,0.982,0.318,0.275,0.607,0.722,0.69,0.021,0.122,0.085,0.12,0.81,0.724,0.019,0.297,0.654,0.473
138,0.854,0.434,0.018,0.608,0.921,0.393,0.5,0.174,0.815,0.945,0.008,0.68,0.622,0.669,0.526,0.123,0.298,0.652,0.325,0.985,0.709,0.848,0.712,0.54,0.194,0.188,0.845,0.468,0.883,0.718,0.187,0.429,0.219,0.735,0.287,0.259,0.349,0.153,0.627,0.834,0.494,0.395,0.874,0.421,0.074,0.527,0.221,0.702,0.603,0.838,0.985,0.238,0.97,0.491,0.501,0.911,0.356,0.361,0.416,0.712,0.41,0.765,0.247,0.177
140,0.415,0.332,0.921,0.143,0.554,0.808,0.518,0.529,0.69,0.518,0.685,0.617,0.64,0.19,0.145,0.264,0.762,0.521,0.398,0.746,0.954,0.993,0.436,0.216,0.512,0.048,0.345,0.465,0.65,0.74,0.566,0.194,0.984,0.939,0.705,0.051,0.886,0.145,0.029,0.018,0.877,0.562,0.047,0.44,0.61,0.305,0.007,0.628,0.636,0.788,0.495,0.157,0.259,0.465,0.787,0.491,0.503,0.027,0.378,0.933,0.971,0.396,0.354,0.599
142,0.676,0.683,0.719,0.67,0.973,0.366,0.275,0.967,0.598,0.323,0.843,0.376,0.088,0.364,0.14,0.571,0.811,0.629,0.826,0.206,0.072,0.43,0.349,0.555,0.483,0.818,0.194,0.98,0.758,0.737,0.647,0.114,0.957,0.637,0.611,0.594,0.099,0.869,0.558,0.884,0.201,0.09,0.636,0.549,0.568,0.122,0.031,0.894,0.706,0.021,0.509,0.187,0.695,0.886,0.249,0.763,0.627,0.078,0.976,0.655,0.312,0.676,0.335,0.498
144,0.951,0.719,0.219,0.045,0.129,0.069,0.91,0.659,0.236,0.349,0.395,0.832,0.336,0.135,0.653,0.241,0.955,0.348,0.249,0.832,0.703,0.514,0.445,0.093,0.53,0.014,0.994,0.968,0.422,0.645,0.37,0.368,0.629,0.517,0.062,0.694,0.942,0.918,0.205,0.485,0.865,0.346,0.231,0.288,0.557,0.636,0.531,0.049,0.711,0.42,0.227,0.019,0.954,0.355,0.09,0.002,0.132,0.484,0.605,0.12,0.406,0.386,0.122,0.84
146,0.614,0.511,0.5,0.251,0.962,0.254,0.427,0.888,0.881,0.516,0.494,0.632,0.624,0.277,0.233,0.625,0.439,0.566,0.115,0.863,0.623,0.065,0.203,0.454,0.575,0.732,0.259,0.201,0.247,0.312,0.61,0.057,0.561,0.614,0.333,0.364,0.105,0.025,0.772,0.265,0.523,0.357,0.141,0.338,0.175,0.24,0.356,0.231,0.702,0.996,0.644,0.946,0.928,0.286,0.284,0.572,0.803,0.485,0.789,0.794,0.668,0.477,0.306,0.604
148,0.871,0.487,0.455,0.717,0.493,0.375,0.392,0.453,0.511,0.206,0.146,0.667,0.214,0.551,0.781,0.565,0.981,0.726,0.063,0.585,0.914,0.344,0.194,0.419,0.122,0.021,0.53,0.283,0.265,0.171,0.131,0.976,0.192,0.087,0.636,0.372,0.021,0.973,0.289,0.804,0.609,0.795,0.401,0.518,0.52,0.049,0.876,0.122,0.783,0.766,0.252,0.268,0.02,0.559,0.913,0.729,0.958,0.871,0.342,0.238,0.063,1.0,0.774,0.707
150,0.603,0.045,0.69,0.147,0.704,0.809,0.731,0.99,0.162,0.507,0.036,0.163,0.984,0.382,0.208,0.293,0.405,0.812,0.517,0.42,0.351,0.678,0.609,0.936,0.715,0.519,0.332,0.537,0.727,0.64,0.327,0.132,0.521,0.138,0.887,0.491,0.673,0.851,0.111,0.022,0.662,0.421,0.097,0.279,0.4,0.932,0.347,0.062,0.108,0.998,0.468,0.344,0.288,0.212,0.953,0.792,0.16,0.203,0.638,0.41,0.126,0.884,0.899,0.942
152,0.971,0.992,0.216,0.141,0.628,0.904,0.803,0.634,0.48,0.538,0.491,0.35,0.534,0.668,0.936,0.512,0.552,0.081,0.61,0.829,0.928,0.307,0.411,0.141,0.26,0.375,0.757,0.793,0.39,0.353,0.792,0.068,0.887,0.719,0.646,0.419,0.135,0.883,0.361,0.361,0.145,0.538,0.56,0.279,0.86,0.299,0.043,0.697,0.072,0.12,0.826,0.804,0.935,0.029,0.24,0.978,0.472,0.729,0.274,0.573,0.705,0.778,0.61,0.385
154,0.14,0.324,0.991,0.101,0.071,0.063,0.275,0.863,0.086,0.004,0.637,0.863,0.89,0.095,0.91,0.641,0.695,0.502,0.899,0.846,0.861,0.407,0.78,0.81,0.936,0.083,0.49,0.901,0.605,0.095,0.518,0.542,0.363,0.365,0.695,0.177,0.499,0.315,0.142,0.644,0.981,0.653,0.604,0.147,0.257,0.259,0.717,0.595,0.784,0.177,0.114,0.658,0.096,0.99,0.091,0.682,0.048,0.581,0.958,0.083,0.728,0.891,0.048,0.27
156,0.504,0.258,0.296,0.179,0.271,0.434,0.145,0.909,0.492,0.85,0.638,0.966,0.593,0.133,0.419,0.205,0.581,0.653,0.658,0.651,0.561,0.038,0.786,0.749,0.675,0.836,0.585,0.084,0.905,0.282,0.19,0.749,0.858,0.413,0.882,0.596,0.907,0.504,0.758,0.252,0.889,0.67,0.764,0.528,0.556,0.58,0.494,0.078,0.599,0.879,0.592,0.766,0.105,0.442,0.345,0.951,0.736,0.867,0.844,0.564,0.0,0.148,0.511,0.696
158,0.852,0.827,0.883,0.928,0.008,0.618,0.067,0.48,0.0,0.402,0.561,0.834,0.409,0.707,0.672,0.842,0.876,0.691,0.733,0.116,0.225,0.798,0.47,0.285,0.571,0.73,0.055,0.139,0.851,0.837,0.407,0.379,0.934,0.224,0.862,0.093,0.327,0.906,0.584,0.132,0.074,0.43,0.065,0.236,0.295,0.443,0.524,0.379,0.093,0.111,0.097,0.427,0.809,0.491,0.158,0.902,0.51,0.564,0.824,0.552,0.404,0.512,0.101,0.555
160,0.752,0.653,0.298,0.734,0.712,0.946,0.231,0.484,0.295,0.907,0.542,0.561,0.582,0.966,0.133,0.495,0.289,0.117,0.788,0.254,0.754,0.852,0.387,0.326,0.266,0.358,0.981,0.621,0.452,0.385,0.062,0.839,0.708,0.397,0.081,0.355,0.986,0.32,0.181,0.299,0.706,0.541,0.308,0.224,0.188,0.479,0.82,0.484,0.529,0.641,0.782,0.826,0.371,0.408,0.289,0.768,0.506,0.314,0.76,0.12,0.428,0.967,0.314,0.296
162,0.461,0.075,0.683,0.856,0.99,0.667,0.307,0.109,0.019,0.9,0.3,0.196,0.182,0.581,0.205,0.775,0.587,0.772,0.487,0.43,0.601,0.411,0.276,0.041,0.383,0.652,0.73,0.708,0.694,0.567,0.268,0.37,0.29,0.294,0.873,0.409,0.684,0.849,0.381,0.06,0.035,0.435,0.837,0.119,0.319,0.105,0.209,0.88,0.069,0.611,0.77,0.178,0.768,0.439,0.784,0.688,0.908,0.132,0.817,0.933,0.598,0.241,0.706,0.045
164,0.94,0.393,0.882,0.328,0.312,0.85,0.611,0.231,0.395,0.256,0.874,0.016,0.891,0.95,0.549,0.223,0.832,0.885,0.754,0.074,0.377,0.617,0.253,0.027,0.982,0.563,0.754,0.658,0.143,0.801,0.495,0.296,0.531,0.603,0.796,0.879,0.839,0.994,0.91,0.621,0.137,0.938,0.315,0.046,0.524,0.725,0.751,0.57,0.383,0.565,0.451,0.726,0.764,0.535,0.569,0.065,0.763,0.827,0.494,0.022,0.677,0.871,0.046,0.838
166,0.944,0.648,0.466,0.958,0.372,0.05,0.438,0.781,0.014,0.604,0.617,0.745,0.599,0.099,0.198,0.713,0.025,0.696,0.462,0.574,0.296,0.248,0.333,0.254,0.204,0.315,0.386,0.993,0.961,0.685,0.235,0.432,0.753,0.914,0.562,0.521,0.454,0.618,0.359,0.62,0.225,0.476,0.038,0.201,0.773,0.872,0.784,0.193,0.68,0.033,0.575,0.68,0.062,0.279,0.633,0.808,0.4,0.342,0.417,0.773,0.336,0.064,0.217,0.415
168,0.963,0.182,0.928,0.954,0.669,0.965,0.123,0.081,0.774,0.161,0.142,0.255,0.198,0.933,0.506,0.011,0.287,0.543,0.774,0.979,0.293,0.171,0.582,0.048,0.051,0.588,0.927,0.635,0.058,0.112,0.352,0.018,0.251,0.965,0.392,0.932,0.211,0.968,0.813,0.073,0.909,0.011,0.978,0.783,0.978,0.958,0.757,0.968,0.91,0.036,0.145,0.729,0.266,0.265,0.769,0.566,0.508,0.118,0.819,0.564,0.704,0.941,0.739,0.002
170,0.872,0.896,0.49,0.908,0.321,0.212,0.92,0.196,0.551,0.102,0.901,0.477,0.814,0.568,0.434,0.486,0.068,0.495,0.29,0.543,0.333,0.492,0.552,0.079,0.566,0.57,0.153,0.381,0.323,0.059,0.004,0.755,0.081,0.922,0.826,0.83,0.626,0.355,1.0,0.746,0.356,0.416,0.314,0.488,0.762,0.679,0.114,0.217,0.238,0.36,0.81,0.734,0.933,0.877,0.786,0.375,0.907,0.728,0.238,0.9,0.841,0.893,0.516,0.267
172,0.313,0.535,0.073,0.054,0.72,0.36,0.832,0.111,0.737,0.358,0.409,0.72,0.906,0.555,0.496,0.338,0.036,0.921,0.015,0.85,0.141,0.693,0.09,0.91,0.524,0.796,0.872,0.42,0.198,0.122,0.137,0.201,0.497,0.963,0.459,0.388,0.632,0.991,0.163,0.33,0.397,0.352,0.335,0.345,0.482,0.605,0.496,0.257,0.383,0.242,0.467,0.289,0.599,0.508,0.635,0.63,0.363,0.718,0.419,0.901,0.838,0.084,0.78,0.647
174,0.619,0.48,0.409,0.394,0.373,0.858,0.17,0.12,0.531,0.509,0.163,0.05,0.925,0.562,0.207,0.934,0.807,0.498,0.098,0.083,0.869,0.501,0.291,0.522,0.437,0.249,0.993,0.64,0.003,0.303,0.363,0.998,0.892,0.655,0.355,0.712,0.937,0.906,0.667,0.812,0.458,0.068,0.671,0.473,0.91,0.728,0.64,0.707,0.733,0.365,0.383,0.199,0.883,0.159,0.232,0.696,0.05,0.106,0.522,0.937,0.218,0.903,0.782,0.928
176,0.13,0.187,0.183,0.434,0.492,0.126,0.772,0.602,0.809,0.804,0.037,0.58,0.385,0.594,0.14,0.635,0.298,0.164,0.587,0.016,0.824,0.121,0.034,0.194,0.429,0.574,0.61,0.024,0.334,0.047,0.889,0.65,0.403,0.798,0.185,0.228,0.344,0.39,0.908,0.276,0.794,0.697,0.739,0.043,0.001,0.727,0.525,0.74,0.876,0.893,0.306,0.72,0.179,0.69,0.094,0.417,0.849,0.432,0.643,0.516,0.442,0.351,0.125,0.796
178,0.332,0.722,0.356,0.53,0.009,0.261,0.968,0.809,0.622,0.191,0.408,0.223,0.166,0.511,0.28,0.772,0.593,0.574,0.792,0.769,0.436,0.305,0.473,0.31,0.384,0.183,0.589,0.077,0.227,0.106,0.949,0.474,0.796,0.218,0.183,0.681,0.595,0.658,0.585,0.181,0.599,0.251,0.431,0.33,0.61,0.305,0.872,0.56,0.781,0.255,0.822,0.501,0.152,0.987,0.242,0.821,0.24,0.848,0.98,0.631,0.078,0.244,0.734,0.415
180,0.861,0.778,0.033,0.69,0.164,0.971,0.692,0.301,0.151,0.178,0.081,0.425,0.854,0.381,0.602,0.685,0.086,0.521,0.908,0.989,0.56,0.093,0.068,0.85,0.411,0.455,0.147,0.135,0.511,0.379,0.05,0.474,0.1,0.677,0.24,0.124,0.156,0.195,0.216,0.427,0.392,0.062,0.873,0.754,0.267,0.149,0.577,0.42,0.311,0.788,0.911,0.87,0.315,0.443,0.434,0.73,0.311,0.538,0.404,0.577,0.028,0.024,0.6,0.652
182,0.306,0.689,0.212,0.504,0.267,0.971,0.019,0.233,0.084,0.16,0.1,0.617,0.145,0.132,0.846,0.458,0.288,0.088,0.658,0.495,0.538,0.0,0.267,0.057,0.381,0.094,0.465,0.02,0.007,0.619,0.602,0.725,0.143,0.19,0.218,0.873,0.926,0.988,0.978,0.175,0.97,0.966,0.489,0.208,0.972,0.59,0.525,0.004,0.944,0.24,0.828,0.965,0.678,0.065,0.007,0.534,0.192,0.77,0.294,0.547,0.636,0.462,0.972,0.384
184,0.933,0.976,0.226,0.25,0.159,0.4,0.387,0.842,0.97,0.096,0.113,0.212,0.438,0.362,0.591,0.345,0.465,0.352,0.468,0.348,0.552,0.888,0.409,0.908,0.863,0.738,0.307,0.34,0.661,0.807,0.642,0.015,0.3,0.383,0.248,0.079,0.732,0.765,0.955,0.279,0.141,0.219,0.585,0.585,0.746,0.305,0.197,0.278,0.106,0.039,0.601,0.946,0.125,0.801,0.173,0.724,0.815,0.569,0.487,0.354,0.08,0.278,0.793,0.447
186,0.887,0.954,0.448,0.082,0.35,0.177,0.018,0.188,0.743,0.346,0.81,0.31,0.355,0.008,0.401,0.156,0.292,0.856,0.287,0.843,0.77,0.916,0.601,0.452,0.199,0.014,0.228,0.673,0.666,0.152,0.24,0.803,0.862,0.122,0.858,0.903,0.146,0.244,0.497,0.794,0.005,0.506,0.875,0.049,0.626,0.276,0.156,0.268,0.961,0.222,0.767,0.254,0.572,0.161,0.295,0.129,0.352,0.504,0.102,0.372,0.59,0.346,0.139,0.665
188,0.281,0.575,0.918,0.013,0.712,0.485,0.679,0.485,0.962,0.499,0.393,0.738,0.65,0.211,0.221,0.184,0.204,0.288,0.488,0.344,0.271,0.59,0.747,0.772,0.753,0.523,0.254,0.83,0.769,0.339,0.602,0.293,0.114,0.211,0.631,0.649,0.047,0.303,0.204,0.98,0.593,0.139,0.306,0.641,0.446,0.762,0.525,0.714,0.658,0.058,0.39,0.249,0.486,0.38,0.287,0.761,0.424,0.823,0.354,1.0,0.539,0.341,0.168,0.119
190,0.201,0.084,0.284,0.951,0.002,0.566,0.654,0.157,0.286,0.662,0.308,0.702,0.29,0.222,0.787,0.059,0.423,0.514,0.664,0.367,0.509,0.406,0.331,0.016,0.593,0.441,0.837,0.413,0.436,0.667,0.212,0.608,0.171,0.123,0.002,0.751,0.182,0.626,0.061,0.027,0.994,0.633,0.516,0.654,0.31,0.612,0.037,0.222,0.943,0.19,0.516,0.37,0.079,0.513,0.098,0.476,0.098,0.849,0.069,0.304,0.753,0.719,0.974,0.886
192,0.706,0.263,0.022,0.208,0.083,0.743,0.438,0.112,0.481,0.332,0.614,0.362,0.072,0.409,0.995,0.372,0.453,0.231,0.787,0.498,0.841,0.828,0.637,0.638,0.558,0.623,0.996,0.53,0.415,0.519,0.335,0.14,0.757,0.286,0.536,0.264,0.262,0.505,0.538,0.96,0.11,0.434,0.672,0.131,0.149,0.23,0.962,0.192,0.449,0.515,0.586,0.304,0.924,0.922,0.291,0.63,0.913,0.336,0.477,0.134,0.507,0.109,0.755,0.446
194,0.542,0.201,0.921,0.581,0.796,0.822,0.028,0.671,0.345,0.641,0.527,0.393,0.744,0.712,0.984,0.133,0.986,0.289,0.48,0.996,0.02,0.013,0.141,0.94,0.641,0.306,0.542,0.589,0.935,0.486,0.998,0.295,0.421,0.741,0.974,0.976,0.172,0.452,0.901,0.628,0.947,0.28,0.529,0.883,0.757,0.36,0.365,0.502,0.281,0.836,0.662,0.936,0.69,0.57,0.735,0.055,0.804,0.05,0.679,0.381,0.892,0.342,1.0,0.292
196,0.076,0.36,0.42,0.101,0.587,0.911,0.72,0.175,0.41,0.57,0.263,0.721,0.285,0.783,0.402,0.741,0.601,0.523,0.513,0.257,0.778,0.574,0.186,0.403,0.699,0.743,0.787,0.002,0.858,0.025,0.514,0.245,0.997,0.468,0.48,0.962,0.628,0.353,0.774,0.61,0.938,0.593,0.66,0.734,0.611,0.405,0.83,0.233,0.723,0.572,0.176,0.247,0.537,0.042,0.927,0.742,0.811,0.778,0.431,0.566,0.123,0.261,0.131,0.563
198,0.491,0.611,0.169,0.432,0.45,0.555,0.849,0.081,0.679,0.607,0.071,0.223,0.34,0.337,0.627,0.867,0.582,0.446,0.008,0.105,0.673,0.636,0.169,0.908,0.102,0.034,0.38,0.443,0.309,0.406,0.241,0.307,0.493,0.041,0.506,0.678,0.877,0.548,0.572,0.46,0.075,0.079,0.177,0.09,0.636,0.256,0.207,0.325,0.598,0.389,0.701,0.274,0.773,0.282,0.352,0.932,0.062,0.333,0.165,0.535,0.093,0.772,0.127,0.1
200,0.123,0.827,0.834,0.305,0.503,0.475,0.571,0.664,0.686,0.716,0.538,0.139,0.288,0.785,0.762,0.029,0.55,0.634,0.758,0.761,0.726,0.746,0.018,0.847,0.321,0.155,0.465,0.505,0.954,0.344,0.77,0.553,0.319,0.002,0.871,0.767,0.055,0.469,0.515,0.174,0.605,0.687,0.491,0.916,0.049,0.661,0.557,0.733,0.865,0.244,0.023,0.421,0.523,0.17,0.45,0.122,0.855,0.195,0.435,0.864,0.237,0.143,0.081,0.307
202,0.391,0.848,0.381,0.913,0.471,0.826,0.898,0.869,0.557,0.745,0.73,0.738,0.608,0.351,0.831,0.942,0.634,0.06,0.577,0.955,0.817,0.928,0.772,0.208,0.662,0.579,0.092,0.31,0.681,0.954,0.865,0.685,0.91,0.293,0.29,0.051,0.365,0.125,0.42,0.931,0.603,0.785,0.725,0.567,0.555,0.571,0.183,0.055,0.527,0.616,0.611,0.791,0.433,0.925,0.332,0.977,0.857,0.377,0.53,0.772,0.454,0.357,0.77,0.319
204,0.031,0.402,0.355,0.924,0.36,0.029,0.977,0.853,0.691,0.714,0.036,0.793,0.054,0.848,0.585,0.651,0.844,0.31,0.729,0.478,0.717,0.659,0.427,0.801,0.352,0.212,0.037,0.068,0.428,0.877,0.667,0.596,0.333,0.537,0.375,0.596,0.574,0.337,0.366,0.598,0.177,0.828,0.549,0.298,0.547,0.375,0.817,0.683,0.85,0.819,0.981,0.751,0.473,0.097,0.097,0.755,0.02,0.407,0.775,0.945,0.259,0.413,0.315,0.855
206,0.39,0.125,0.242,0.278,0.054,0.072,0.19,0.82,0.171,0.812,0.139,0.791,0.926,0.819,0.483,0.742,0.123,0.281,0.928,0.118,0.761,0.913,0.088,0.062,0.078,0.802,0.203,0.046,0.44,0.438,0.838,0.048,0.99,0.863,0.911,0.861,0.285,0.765,0.981,0.584,0.411,0.748,0.4,0.502,0.729,0.439,0.885,0.173,0.919,0.153,0.466,0.427,0.751,0.339,0.982,0.048,0.701,0.981,0.373,0.307,0.267,0.612,0.167,0.059
208,0.211,0.657,0.23,0.031,0.857,0.54,0.06,0.732,0.242,0.734,0.311,0.556,0.369,0.864,0.126,0.376,0.267,0.718,0.963,0.286,0.19,0.956,0.566,0.405,0.966,0.87,0.407,0.693,0.501,0.973,0.928,0.271,0.425,0.212,0.739,0.13,0.348,0.704,0.311,0.911,0.218,0.022,0.709,0.367,0.717,0.681,0.754,0.906,0.493,0.199,0.979,0.472,0.164,0.549,0.538,0.349,0.718,0.031,0.418,0.306,0.095,0.252,0.473,0.035
210,0.616,0.369,0.668,0.748,0.659,0.328,0.024,0.911,0.783,0.5,0.133,0.241,0.562,0.937,0.912,0.443,0.125,0.446,0.283,0.041,0.01,0.498,0.858,0.383,0.785,0.696,0.24,0.798,0.355,0.005,0.676,0.209,0.382,0.568,0.219,0.042,0.985,0.582,0.895,0.85,0.316,0.932,0.523,0.651,0.776,0.188,0.374,0.856,0.129,0.795,0.13,0.48,0.47,0.915,0.815,0.391,0.469,0.498,0.173,0.176,0.699,0.288,0.799,0.844
212,0.711,0.462,0.921,0.195,0.324,0.494,0.124,0.137,0.71,0.281,0.671,0.314,0.098,0.119,0.329,0.637,0.972,0.641,0.043,0.554,0.368,0.524,0.88,0.145,0.266,0.965,0.664,0.191,0.338,0.793,0.501,0.903,0.262,0.976,0.413,0.675,0.67,0.544,0.257,0.403,0.169,0.315,0.754,0.848,0.09,0.207,0.575,0.518,0.727,0.301,0.006,0.353,0.263,0.774,0.535,0.205,0.204,0.518,0.303,0.326,0.676,0.04,0.506,0.885
214,0.17,0.666,0.274,0.313,0.328,0.657,0.429,0.35,0.859,0.172,0.306,0.548,0.401,0.841,0.981,0.856,0.959,0.15,0.499,0.191,0.843,0.356,0.969,0.707,0.364,0.687,0.548,0.138,0.622,0.275,0.182,0.684,0.081,0.347,0.586,0.036,0.7,0.672,0.813,0.836,0.117,0.304,0.189,0.108,0.633,0.171,0.113,0.432,0.639,0.547,0.767,0.474,0.558,0.977,0.527,0.83,0.499,0.306,0.728,0.12,0.76,0.863,0.823,0.562
216,0.602,0.371,0.275,0.806,0.953,0.921,0.36,0.302,0.975,0.376,0.124,0.553,0.585,0.162,0.186,0.114,0.598,0.273,0.904,0.384,0.53,0.202,0.702,0.743,0.814,0.736,0.555,0.766,0.518,0.113,0.372,0.962,0.787,0.667,0.706,0.644,0.648,0.898,0.437,0.665,0.94,0.008,0.572,0.966,0.122,0.805,0.33,0.189,0.179,0.215,0.532,0.598,0.713,0.58,0.601,0.191,0.091,0.212,0.995,0.73,0.253,0.59,0.129,0.857
218,0.94,0.612,0.33,0.686,0.97,0.377,0.58,0.203,0.221,0.594,0.279,0.298,0.947,0.368,0.488,0.472,0.431,0.33,0.319,0.695,0.979,0.486,0.083,0.632,0.441,0.29,0.727,0.997,0.554,0.872,0.68,0.596,0.098,0.04,0.313,0.282,0.645,0.839,0.267,0.836,0.271,0.236,0.641,0.122,0.964,0.687,0.481,0.992,0.506,0.2,0.967,0.63,0.697,0.585,0.152,0.717,0.635,0.501,0.864,0.456,0.697,0.48,0.563,0.822
220,0.66,0.64,0.556,0.321,0.505,0.274,0.986,0.638,0.476,0.681,0.461,0.876,0.9,0.981,0.124,0.883,0.278,0.492,0.641,0.747,0.754,0.703,0.441,0.89,0.861,0.071,0.316,0.279,0.24,0.475,0.924,0.755,0.203,0.335,0.683,0.785,0.009,0.763,0.683,0.59,0.671,0.255,0.712,0.373,0.273,0.023,0.176,0.548,0.183,0.921,0.725,0.597,0.416,0.757,0.106,0.562,0.907,0.412,0.688,0.936,0.482,0.982,0.599,0.572
222,0.417,0.406,0.046,0.0,0.434,0.245,0.849,0.873,0.317,0.159,0.487,0.945,0.324,0.425,0.654,0.195,0.044,0.764,0.305,0.462,0.942,0.168,0.766,0.772,0.615,0.86,0.074,0.375,0.837,0.903,0.968,0.849,0.799,0.06,0.449,0.849,0.796,0.633,0.857,0.897,0.992,0.784,0.166,0.37,0.435,0.31,0.972,0.902,0.297,0.921,0.518,0.85,0.931,0.602,0.729,0.057,0.439,0.935,0.111,0.173,0.965,0.701,0.009,0.334
224,0.14,0.809,0.785,0.673,0.411,0.147,0.771,0.452,0.957,0.39,0.422,0.821,0.123,0.706,0.059,0.635,0.064,0.355,0.535,0.324,0.958,0.025,0.613,0.574,0.0,0.265,0.278,0.643,0.246,0.504,0.174,0.13,0.466,0.031,0.646,0.344,0.075,0.097,0.422,0.649,0.456,0.653,0.814,0.264,0.372,0.946,0.114,0.666,0.395,0.956,0.026,0.045,0.061,0.405,0.994,0.532,0.862,0.366,0.057,0.346,0.18,0.51,0.076,0.642
226,0.894,0.24,0.047,0.318,0.967,0.892,0.265,0.266,0.067,0.093,0.083,0.922,0.354,0.03,0.396,0.253,0.605,0.418,0.567,0.758,0.356,0.799,0.855,0.157,0.283,0.881,0.433,0.515,0.17,0.199,0.003,0.625,0.129,0.479,0.066,0.432,0.778,0.427,0.529,0.126,0.027,0.083,0.801,0.919,0.604,0.856,0.976,0.387,0.188,0.433,0.337,0.351,0.268,0.958,0.456,0.656,0.227,0.08,0.94,0.654,0.69,0.854,0.853,0.431
228,0.466,0.687,0.959,0.533,0.643,0.275,0.48,0.949,0.064,0.649,0.685,0.01,0.529,0.06,0.795,0.865,0.482,0.303,0.201,0.626,0.283,0.412,0.894,0.888,0.58,0.411,0.936,0.209,0.125,0.095,0.49,0.768,0.198,0.612,0.368,0.097,0.818,0.15,0.252,0.577,0.588,0.39,0.895,0.417,0.441,0.537,0.51,0.044,0.29,0.445,0.694,0.409,0.828,0.944,0.415,0.221,0.163,0.714,0.496,0.951,1.0,0.155,0.525,0.999
230,0.941,0.144,0.701,0.423,0.439,0.755,0.598,0.161,0.288,0.298,0.912,0.553,0.559,0.94,0.013,0.777,0.653,0.444,0.544,0.616,0.165,0.94,0.802,0.323,0.142,0.039,0.404,0.576,0.725,0.998,0.259,0.783,0.25,0.076,0.256,0.755,0.003,0.98,0.92,0.398,0.641,0.626,0.481,0.885,0.315,0.621,0.767,0.867,0.638,0.473,0.973,0.63,0.178,0.191,0.802,0.14,0.995,0.982,0.298,0.616,0.987,0.255,0.061,0.933
232,0.841,0.639,0.165,0.861,0.687,0.646,0.32,0.012,0.054,0.48,0.738,0.24,0.539,0.674,0.748,0.993,0.046,0.711,0.648,0.468,0.125,0.002,0.653,0.495,0.142,0.477,0.71,0.503,0.548,0.177,0.214,0.863,0.368,0.744,0.423,0.756,0.173,0.138,0.367,0.948,0.055,0.612,0.33,0.808,0.106,0.979,0.26,0.577,0.46,0.788,0.529,0.334,0.089,0.996,0.009,0.315,0.354,0.719,0.902,0.079,0.818,0.162,0.97,0.58
234,0.379,0.267,0.886,0.049,0.857,0.308,0.978,0.588,0.302,0.934,0.27,0.819,0.897,0.159,0.08,0.149,0.031,0.402,0.783,0.875,0.622,0.905,0.171,0.227,0.62,0.609,0.566,0.468,0.251,0.251,0.265,0.999,0.94,0.354,0.46,0.919,0.964,0.932,0.869,0.807,0.69,0.083,0.15,0.963,0.299,0.627,0.691,0.803,0.563,0.301,0.947,0.722,0.688,0.073,0.618,0.885,0.054,0.553,0.882,0.101,0.562,0.29,0.109,0.684
236,0.54,0.542,0.27,0.531,0.266,0.311,0.355,0.709,0.339,0.311,0.521,0.661,0.92,0.751,0.187,0.738,0.84,0.416,0.352,0.068,0.411,0.398,0.409,0.631,0.06,0.643,0.909,0.664,0.182,0.41,0.678,0.325,0.271,0.327,0.539,0.086,0.313,0.162,0.134,0.316,0.253,0.943,0.283,0.776,0.922,0.333,0.95,0.383,0.927,0.56,0.359,0.117,0.221,0.273,0.514,0.73,0.436,0.982,0.119,0.467,0.938,0.16,0.096,0.225
238,0.332,0.095,0.91,0.167,0.811,0.914,0.764,0.455,0.944,0.693,0.218,0.039,0.936,0.563,0.09,0.313,0.773,0.762,0.715,0.049,0.294,0.931,0.541,0.1,0.794,0.388,0.143,0.131,0.335,0.285,0.665,0.09,0.327,0.948,0.733,0.418,0.188,0.49,0.748,0.097,0.235,0.882,0.821,0.794,0.944,0.92,0.882,0.089,0.321,0.602,0.594,0.335,0.467,0.559,0.681,0.276,0.682,0.871,0.781,0.042,0.748,0.083,0.337,0.475
240,0.879,0.062,0.859,0.543,0.16,0.438,0.707,0.015,0.924,0.057,0.796,0.117,0.781,0.588,0.205,0.481,0.999,0.975,0.714,0.802,0.398,0.489,0.113,0.969,0.533,0.893,0.034,0.672,0.864,0.869,0.496,0.876,0.405,0.28,0.532,0.792,0.308,0.889,0.471,0.325,0.717,0.503,0.891,0.027,0.621,0.945,0.397,0.168,0.014,0.34,0.854,0.773,0.568,0.557,0.619,0.524,0.452,0.287,0.41,0.549,0.559,0.603,0.398,0.222
242,0.346,0.241,0.506,0.59,0.49,0.019,0.01,0.726,0.076,0.467,0.991,0.09,0.402,0.007,0.526,0.526,0.093,0.402,0.51,0.587,0.546,0.839,0.9,0.863,0.836,0.49,0.457,0.392,0.235,0.374,0.753,0.051,0.038,0.247,0.51,0.973,0.458,0.267,0.436,0.701,0.589,0.901,0.8,0.103,0.43,0.966,0.669,0.35,0.891,0.363,0.145,0.966,0.38,0.024,0.858,0.392,0.965,0.633,0.342,0.943,0.872,0.374,0.441,0.597
244,0.576,0.006,0.98,0.775,0.614,0.514,0.972,0.185,0.317,0.535,0.195,0.46,0.922,0.788,0.931,0.753,0.309,0.88,0.848,0.778,0.566,0.858,0.591,0.571,0.837,0.647,0.636,0.465,0.235,0.964,0.603,0.018,0.775,0.194,0.295,0.15,0.961,0.597,0.781,0.476,0.967,0.464,0.901,0.481,0.376,0.04,0.157,0.821,0.693,0.784,0.316,0.748,0.448,0.201,0.091,0.559,0.765,0.743,0.245,0.127,0.092,0.678,0.922,0.874
246,0.892,0.873,0.375,0.78,0.06,0.862,0.746,0.451,0.504,0.508,0.182,0.143,0.29,0.295,0.193,0.233,0.294,0.26,0.451,0.2,0.281,0.154,0.184,0.148,0.549,0.597,0.855,0.92,0.936,0.277,0.997,0.111,0.23,0.688,0.932,0.877,0.102,0.649,0.628,0.074,0.124,0.133,0.964,0.302,0.54,0.683,0.711,0.681,0.156,0.057,0.581,0.005,0.851,0.759,0.39,0.777,0.1,0.899,0.758,0.189,0.181,0.559,0.686,0.76
248,0.865,0.781,0.72,0.334,0.484,0.064,0.925,0.739,0.436,0.952,0.518,0.493,0.702,0.238,0.038,0.258,0.156,0.364,0.31,0.383,0.547,0.82,0.079,0.532,0.226,0.777,0.067,0.755,0.236,0.177,0.995,0.11,0.566,0.737,0.066,0.653,0.006,0.508,0.631,0.147,0.427,0.215,0.654,0.075,0.792,0.486,0.921,0.189,0.442,0.413,0.329,0.628,0.511,0.627,0.786,0.456,0.936,0.618,0.51,0.304,0.936,0.107,0.438,0.482
250,0.919,0.863,0.473,0.311,0.402,0.696,0.996,0.493,0.518,0.588,0.237,0.634,0.041,0.985,0.455,0.235,0.756,0.838,0.579,0.329,0.999,0.405,0.976,0.195,0.24,0.749,0.35,0.232,0.051,0.057,0.032,0.731,0.952,0.69,0.775,0.036,0.226,0.879,0.662,0.852,0.987,0.882,0.979,0.525,0.085,0.777,0.206,0.304,0.922,0.131,0.509,0.129,0.592,0.221,0.168,0.328,0.126,0.567,0.283,0.399,0.528,0.879,0.863,0.583
252,0.267,0.103,0.949,0.69,0.736,0.457,0.381,0.679,0.18,0.86,0.469,0.413,0.696,0.418,0.964,0.582,0.456,0.508,0.979,0.753,0.097,0.763,0.293,0.44,0.354,0.703,0.429,0.17,0.47,0.861,0.802,0.749,0.74,0.55,0.843,0.462,0.611,0.564,0.042,0.161,0.321,0.554,0.725,0.02,0.753,0.827,0.985,0.122,0.525,0.388,0.413,0.823,0.276,0.712,0.201,0.069,0.759,0.579,0.086,0.507,0.335,0.539,0.14,0.821
254,0.603,0.577,0.31,0.744,0.22,0.778,0.895,0.243,0.933,0.009,0.185,0.248,0.057,0.726,0.382,0.431,0.607,0.004,0.486,0.287,0.033,0.711,0.323,0.853,0.289,0.987,0.242,0.411,0.775,0.686,0.396,0.389,0.635,0.3,0.027,0.485,0.029,0.957,0.601,0.501,0.339,0.584,0.06,0.358,0.727,0.589,0.259,0.039,0.021,0.764,0.105,0.893,0.664,0.05,0.671,0.277,0.606,0.96,0.618,0.036,0.088,0.016,0.434,0.331
256,0.912,0.648,0.959,0.633,0.446,0.879,0.565,0.961,0.038,0.101,0.977,0.174,0.826,0.305,0.106,0.241,0.966,0.157,0.012,0.13,0.265,0.365,0.262,0.378,0.816,0.204,0.733,0.458,0.118,0.238,0.048,0.725,0.182,0.89,0.777,0.286,0.477,0.003,0.632,0.995,0.151,0.397,0.848,0.815,0.883,0.326,0.917,0.151,0.203,0.175,0.014,0.304,0.718,0.657,0.362,0.109,0.91,0.894,0.975,0.233,0.433,0.849,0.13,0.45
258,0.473,0.428,0.572,0.813,0.036,0.934,0.336,0.403,0.616,0.488,0.229,0.278,0.86,0.258,0.436,0.836,0.411,0.101,0.729,0.707,0.309,0.565,0.645,0.991,0.384,0.274,0.268,0.338,0.865,0.405,0.205,0.159,0.836,0.378,0.509,0.935,0.482,0.766,0.086,0.783,0.064,0.355,0.881,0.329,0.684,0.248,0.049,0.045,0.964,0.465,0.741,0.187,0.778,0.749,0.174,0.44,0.55,0.731,0.92,0.974,0.906,0.5,0.437,0.865
260,0.659,0.945,0.121,0.563,0.382,0.389,0.244,0.65,0.404,0.216,0.717,0.962,0.705,0.785,0.452,0.56,0.45,0.928,0.487,0.581,0.072,0.5,0.14,0.264,0.363,0.499,0.514,0.972,0.921,0.313,0.996,0.315,0.239,0.277,0.991,0.652,0.889,0.004,0.732,0.216,0.48,0.582,0.314,0.122,0.769,0.111,0.757,0.673,0.986,0.277,0.022,0.597,0.048,0.7,0.189,0.412,0.577,0.665,0.84,0.895,0.385,0.549,0.614,0.047
262,0.378,0.591,0.693,0.73,0.354,0.47,0.058,0.421,1.0,0.659,0.228,0.208,0.104,0.447,0.26,0.579,0.394,0.572,0.067,0.528,0.736,0.455,0.113,0.284,0.586,0.065,0.828,0.853,0.644,0.733,0.924,0.633,0.11,0.177,0.69,0.228,0.977,0.341,0.977,0.982,0.924,0.878,0.144,0.448,0.938,0.054,0.115,0.705,0.687,0.2,0.77,0.793,0.716,0.262,0.783,0.667,0.094,0.801,0.794,0.628,0.953,0.378,0.887,0.757
264,0.197,0.33,0.47,0.974,0.616,0.38,0.679,0.228,0.144,0.881,0.425,0.094,0.144,0.928,0.344,0.622,0.503,0.817,0.325,0.769,0.509,0.833,0.007,0.599,0.177,0.146,0.435,0.813,0.629,0.519,0.194,0.088,0.513,0.266,0.876,0.276,0.335,0.655,0.832,0.631,0.032,0.652,0.808,0.542,0.729,0.773,0.731,0.179,0.314,0.298,0.258,0.11,0.264,0.243,0.258,0.458,0.792,0.763,0.484,0.315,0.029,0.132,0.714,0.095
266,0.781,0.048,0.334,0.772,0.159,0.252,0.92,0.876,0.164,0.196,0.828,0.025,0.887,0.35,0.077,0.024,0.946,0.628,0.743,0.63,0.101,0.012,0.369,0.997,0.224,0.908,0.63,0.948,0.84,0.897,0.832,0.401,0.944,0.369,0.238,0.648,0.951,0.468,0.23,0.636,0.658,0.516,0.863,0.018,0.155,0.104,0.444,0.472,0.261,0.052,0.269,0.521,0.341,0.659,0.449,0.268,0.088,0.103,0.684,0.323,0.591,0.593,0.397,0.827
268,0.703,0.0,0.194,0.529,0.071,0.33,0.03,0.253,0.009,0.113,0.974,0.058,0.227,0.087,0.265,0.984,0.611,0.701,0.536,0.546,0.064,0.057,0.382,0.899,0.995,0.804,0.607,0.107,0.354,0.536,0.532,0.029,0.28,0.076,0.673,0.214,0.961,0.694,0.974,0.882,0.848,0.244,0.189,0.343,0.933,0.743,0.902,0.89,0.568,0.942,0.045,0.812,0.821,0.283,0.567,0.718,0.689,0.375,0.962,0.715,0.349,0.746,0.928,0.37
270,0.062,0.316,0.733,0.856,0.735,0.707,0.209,0.735,0.427,0.771,0.882,0.472,0.124,0.635,0.791,0.968,0.255,0.302,0.484,0.527,0.818,0.923,0.496,0.078,0.752,0.621,0.375,0.125,0.786,0.151,0.079,0.369,0.118,0.836,0.761,0.014,0.687,0.411,0.241,0.931,0.212,0.705,0.642,0.154,0.014,0.874,0.361,0.494,0.89,0.97,0.737,0.394,0.995,0.791,0.215,0.089,0.889,0.005,0.058,0.675,0.799,0.565,0.354,0.521
272,0.682,0.09,0.757,0.71,0.529,0.742,0.984,0.381,0.923,0.828,0.23,0.574,0.901,0.809,0.79,0.654,0.542,0.143,0.211,0.558,0.78,0.218,0.252,0.864,0.316,0.538,0.792,0.089,0.267,0.182,0.773,0.926,0.117,0.433,0.588,0.597,0.923,0.195,0.197,0.038,0.47,0.359,0.349,0.131,0.091,0.823,0.199,0.605,0.014,0.019,0.116,0.038,0.358,0.577,0.203,0.352,0.751,0.056,0.682,0.062,0.708,0.314,1.0,0.79
274,0.944,0.604,0.716,0.875,0.205,0.362,0.113,0.706,0.371,0.191,0.59,0.16,0.499,0.09,0.6,0.195,0.138,0.036,0.146,0.55,0.74,0.226,0.686,0.81,0.936,0.568,0.597,0.722,0.905,0.207,0.607,0.319,0.253,0.51,0.426,0.921,0.4,0.644,0.293,0.078,0.568,0.783,0.265,0.043,0.978,0.467,0.973,0.762,0.738,0.09,0.615,0.174,0.994,0.173,0.681,0.028,0.114,0.878,0.094,0.084,0.248,0.322,0.674,0.836
276,0.646,0.849,0.233,0.705,0.257,0.305,0.856,0.101,0.822,0.514,0.378,0.465,0.789,0.32,0.091,0.36,0.192,0.423,0.662,0.386,0.313,0.92,0.353,0.138,0.274,0.867,0.792,0.18,0.399,0.224,0.605,0.377,0.088,0.117,0.998,0.669,0.323,0.93,0.635,0.458,0.134,0.193,0.004,0.431,0.835,0.027,0.041,0.9,0.534,0.24,0.932,0.968,0.076,0.81,0.409,0.855,0.171,0.941,0.806,0.685,0.137,0.392,0.278,0.535
278,0.43,0.474,0.425,0.008,0.252,0.688,0.504,0.61,0.593,0.443,0.372,0.227,0.939,0.695,0.613,0.861,0.86,0.042,0.696,0.423,0.649,0.375,0.781,0.769,0.851,0.445,0.904,0.426,0.691,0.196,0.696,0.831,0.459,0.783,0.933,0.777,0.447,0.432,0.806,0.18,0.415,0.025,0.146,0.184,0.518,0.916,0.252,0.002,0.282,0.727,0.12,0.89,0.27,0.0,0.324,0.46,0.227,0.393,0.943,0.284,0.532,0.243,0.165,0.773
280,0.043,0.983,0.317,0.42,0.411,0.833,0.06,0.442,0.472,0.704,0.281,0.625,0.706,0.135,0.453,0.837,0.917,0.044,0.189,0.732,0.777,0.097,0.762,0.04,0.264,0.231,0.443,0.717,0.078,0.973,0.46,0.392,0.865,0.556,0.665,0.653,0.641,0.715,0.077,0.664,0.728,0.546,0.343,0.152,0.317,0.899,0.054,0.113,0.387,0.892,0.398,0.558,0.156,0.472,0.22,0.501,0.571,0.121,0.678,0.443,0.471,0.649,0.987,0.676
282,0.183,0.3,0.008,0.743,0.918,0.863,0.207,0.566,0.482,0.906,0.003,0.094,0.974,0.204,0.274,0.033,0.107,0.593,0.953,0.148,0.88,0.44,0.97,0.298,0.623,0.531,0.554,0.897,0.452,0.541,0.988,0.669,0.557,0.595,0.9,0.611,0.001,0.105,0.907,0.078,0.34,0.133,0.483,0.273,0.457,0.172,0.996,0.67,0.478,0.641,0.864,0.49,0.666,0.353,0.689,0.38,0.232,0.579,0.909,0.418,0.332,0.254,0.203,0.187
284,0.373,0.421,0.161,0.989,0.018,0.726,0.934,0.435,0.984,0.316,0.529,0.259,0.64,0.252,0.326,0.777,0.511,0.392,0.196,0.423,0.411,0.977,0.215,0.534,0.027,0.867,0.425,0.803,0.232,0.401,0.039,0.042,0.492,0.258,0.671,0.358,0.147,0.994,0.978,0.045,0.889,0.413,0.863,0.202,0.125,0.935,0.872,0.127,0.151,0.059,0.31,0.322,0.921,0.07,0.428,0.383,0.606,0.202,0.645,0.559,0.939,0.065,0.072,0.938
286,0.647,0.084,0.106,0.443,0.618,0.883,0.678,0.446,0.502,0.92,0.656,0.918,0.43,0.611,0.374,0.821,0.545,0.216,0.972,0.244,0.951,0.968,0.233,0.428,0.519,0.499,0.165,0.063,0.511,0.683,0.875,0.199,0.085,0.602,0.616,0.685,0.974,0.959,0.264,0.317,0.524,0.038,0.347,0.89,0.828,0.467,0.159,0.77,0.344,0.259,0.448,0.787,0.199,0.484,0.005,0.634,0.662,0.17,0.241,0.586,0.078,0.864,0.624,0.237
288,0.683,0.059,0.322,0.812,0.401,0.284,0.97,0.291,0.143,0.455,0.523,0.817,0.342,0.636,0.465,0.164,0.208,0.782,0.182,0.128,0.069,0.426,0.108,0.465,0.404,0.893,0.849,0.813,0.993,0.672,0.699,0.203,0.093,0.765,0.373,0.021,0.836,0.05,0.986,0.976,0.321,0.74,0.124,0.274,0.847,0.34,0.245,0.277,0.987,0.546,0.439,0.508,0.718,0.926,0.004,0.132,0.519,0.195,0.117,0.519,0.938,0.531,0.092,0.522
290,0.542,0.19,0.505,0.659,0.81,0.005,0.806,0.054,0.762,0.941,0.11,0.186,0.449,0.443,0.425,0.289,0.486,0.707,0.779,0.523,0.279,0.811,0.745,0.249,0.052,0.871,0.127,0.359,0.45,0.149,0.716,0.402,0.557,0.64,0.23,0.281,0.323,0.266,0.26,0.443,0.518,0.642,0.927,0.65,0.197,0.567,0.121,0.927,0.214,0.923,0.121,0.815,0.662,0.132,0.176,0.507,0.139,0.978,0.584,0.94,0.305,0.302,0.543,0.583
292,0.718,0.216,0.399,0.822,0.726,0.748,0.546,0.906,0.499,0.859,0.331,0.022,0.38,0.905,0.132,0.652,0.645,0.776,0.67,0.391,0.218,0.99,0.861,0.738,0.381,0.721,0.252,0.712,0.021,0.785,0.99,0.343,0.538,0.161,0.288,0.979,0.39,0.777,0.901,0.741,0.392,0.323,0.791,0.558,0.489,0.607,0.314,0.624,0.951,0.765,0.856,0.716,0.166,0.222,0.733,0.886,0.566,0.672,0.854,0.012,0.773,0.349,0.195,0.491
294,0.833,0.082,0.509,0.526,0.797,0.505,0.511,0.674,0.74,0.294,0.237,0.981,0.26,0.832,0.522,0.777,0.72,0.187,0.828,0.978,0.514,0.269,0.648,0.985,0.498,0.118,0.985,0.549,0.357,0.547,0.291,0.291,0.061,0.07,0.101,0.498,0.243,0.925,0.058,0.87,0.194,0.011,0.332,0.008,0.087,0.9,0.408,0.81,0.701,0.174,0.701,0.51,0.269,0.463,0.443,0.827,0.904,0.34,0.007,0.544,0.973,0.079,0.642,0.933
296,0.063,0.168,0.207,0.623,0.107,0.46,0.925,0.949,0.469,0.752,0.161,0.802,0.939,0.174,0.244,0.121,0.681,0.949,0.638,0.043,0.684,0.163,0.633,0.708,0.644,0.108,0.491,0.633,0.06,0.085,0.639,0.278,0.581,0.845,0.998,0.236,0.954,0.449,0.178,0.066,0.871,0.822,0.327,0.412,0.937,0.154,0.407,0.872,0.601,0.255,0.855,0.366,0.967,0.201,0.079,0.517,0.74,0.406,0.784,0.378,0.733,0.24,0.473,0.652
298,0.509,0.061,0.052,0.614,0.668,0.396,0.824,0.387,0.071,0.007,0.997,0.787,0.648,0.967,0.391,0.761,0.248,0.256,0.156,0.779,0.618,0.777,0.302,0.996,0.835,0.484,0.937,0.18,0.674,0.779,0.51,0.769,0.183,0.231,0.464,0.742,0.298,0.392,0.32,0.873,0.955,0.681,0.175,0.327,0.793,0.713,0.577,0.291,0.631,0.949,0.476,0.394,0.879,0.789,0.163,0.653,0.972,0.425,0.747,0.344,0.595,0.14,0.734,0.376
300,0.219,0.582,0.333,0.112,0.63,0.901,0.922,0.22,0.095,0.085,0.614,0.9,0.522,0.164,0.106,0.275,0.817,0.872,0.749,0.702,0.853,0.211,0.783,0.462,0.199,0.234,0.05,0.166,0.646,0.093,0.069,0.004,0.97,0.258,0.853,0.537,0.904,0.358,0.654,0.904,0.322,0.418,0.621,0.803,0.41,0.354,0.419,0.219,0.539,0.496,0.345,0.913,0.843,0.894,0.749,0.466,0.613,0.853,0.702,0.999,0.614,0.222,0.705,0.868
302,0.934,0.713,0.893,0.885,0.055,0.655,0.764,0.743,0.07,0.651,0.625,0.765,0.897,0.736,0.604,0.8,0.643,0.352,0.896,0.467,0.237,0.826,0.418,0.509,0.103,0.295,0.608,0.896,0.297,0.712,0.383,0.071,0.604,0.117,0.527,0.489,0.991,0.341,0.787,0.62,0.139,0.846,0.629,0.357,0.434,0.591,0.617,0.318,0.599,0.981,0.069,0.976,0.876,0.434,0.641,0.004,0.627,0.758,0.43,0.257,0.596,0.107,0.498,0.002
304,0.701,0.561,0.679,0.414,0.478,0.421,0.488,0.914,0.831,0.904,0.66,0.505,0.615,0.089,0.726,0.362,0.325,0.647,0.081,0.625,0.831,0.211,0.614,0.968,0.771,0.139,0.25,0.642,0.352,0.162,0.281,0.946,0.924,0.932,0.582,0.414,0.73,0.189,0.792,0.001,0.399,0.152,0.1,0.7,0.016,0.939,0.147,0.401,0.369,0.252,0.233,0.174,0.13,0.978,0.816,0.444,0.56,0.207,0.189,0.174,0.604,0.801,0.053,0.777
306,0.525,0.29,0.008,0.908,0.637,0.939,0.787,0.145,0.142,0.282,0.924,0.358,0.506,0.702,0.32,0.484,0.109,0.243,0.589,0.468,0.633,0.99,0.113,0.493,0.279,0.683,0.592,0.405,0.359,0.708,0.785,0.898,0.239,0.596,0.209,0.724,0.16,0.527,0.35,0.654,0.228,0.556,0.749,0.714,0.137,0.018,0.691,0.603,0.251,0.231,0.26,0.126,0.304,0.206,0.327,0.92,0.45,0.418,0.536,0.033,0.007,0.6,0.66,0.403
308,0.774,0.117,0.308,0.947,0.272,0.863,0.784,0.819,0.063,0.579,0.256,0.86,0.244,0.428,0.091,0.801,0.475,0.418,0.275,0.675,0.62,0.146,0.427,0.391,0.637,0.079,0.903,0.062,0.467,0.417,0.319,0.755,0.864,0.814,0.905,0.952,0.6,0.843,0.285,0.853,0.41,0.038,0.788,0.979,0.506,0.687,0.625,0.764,0.858,0.844,0.749,0.713,0.276,0.466,0.596,0.405,0.432,0.911,0.484,0.404,0.118,0.055,0.823,0.266
310,0.637,0.847,0.24,0.727,0.504,0.234,0.33,0.928,0.885,0.613,0.672,0.673,0.862,0.299,0.137,0.295,0.325,1.0,0.482,0.877,0.159,0.497,0.807,0.964,0.053,0.691,0.865,0.029,0.278,0.221,0.855,0.14,0.556,0.552,0.025,0.639,0.313,0.034,0.559,0.863,0.336,0.893,0.672,0.046,0.649,0.327,0.448,0.524,0.765,0.283,0.248,0.455,0.001,0.774,0.366,0.345,0.037,0.115,0.583,0.195,0.369,0.951,0.26,0.705
312,0.158,0.299,0.693,0.232,0.684,0.291,0.941,0.147,0.366,0.376,0.05,0.194,0.669,0.036,0.821,0.077,0.422,0.25,0.387,0.717,0.211,0.427,0.672,0.48,0.573,0.016,0.885,0.383,0.806,0.422,0.392,0.513,0.157,0.282,0.785,0.554,0.423,0.999,0.276,0.87,0.53,0.034,0.143,0.906,0.845,0.143,0.29,0.675,0.58,0.355,0.138,0.933,0.859,0.953,0.326,0.943,0.842,0.26,0.957,0.6,0.203,0.271,0.041,0.435
314,0.918,0.782,0.832,0.811,0.999,0.158,0.633,0.662,0.827,0.77,0.682,0.833,0.456,0.795,0.435,0.891,0.864,0.799,0.6,0.698,0.105,0.651,0.398,0.782,0.312,0.484,0.248,0.726,0.83,0.282,0.422,0.789,0.766,0.9,0.918,0.727,0.016,0.418,0.201,0.189,0.398,0.2,0.938,0.806,0.491,0.617,0.574,0.252,0.648,0.877,0.157,0.815,0.688,0.755,0.472,0.201,0.766,0.627,0.932,0.544,0.015,0.717,0.828,0.546
316,0.008,0.118,0.787,0.786,0.733,0.303,0.078,0.652,0.581,0.176,0.616,0.519,0.634,0.468,0.505,0.479,0.418,0.904,0.97,0.425,0.995,0.957,0.368,0.794,0.042,0.751,0.303,0.576,0.459,0.139,0.371,0.858,0.429,0.948,0.232,0.585,0.602,0.194,0.977,0.905,0.191,0.091,0.058,0.893,0.336,0.604,0.18,0.074,0.278,0.826,0.464,0.616,0.441,0.098,0.737,0.739,0.037,0.862,0.342,0.297,0.575,0.225,0.965,0.848
318,0.448,0.649,0.616,0.588,0.851,0.829,0.286,0.826,0.783,0.191,0.651,0.808,0.131,0.905,0.712,0.04,0.629,0.007,0.91,0.698,0.952,0.096,0.795,0.609,0.101,0.498,0.72,0.516,0.835,0.82,0.368,0.477,0.746,0.395,0.199,0.368,0.589,0.508,0.886,0.071,0.274,0.784,0.525,0.466,0.183,0.823,0.791,0.313,0.614,0.557,0.946,0.636,0.848,0.592,0.01,0.32,0.962,0.355,0.146,0.743,0.376,0.796,0.853,0.25
320,0.416,0.68,0.082,0.385,0.345,0.107,0.009,0.71,0.431,0.75,0.693,0.95,0.156,0.276,0.73,0.961,0.587,0.616,0.594,0.758,0.636,0.413,0.173,0.491,0.749,0.447,0.15,0.973,0.763,0.996,0.456,0.878,0.373,0.375,0.869,0.732,0.448,0.61,0.45,0.032,0.885,0.471,0.631,0.876,0.066,0.741,0.397,0.4,0.276,0.37,0.448,0.507,0.877,0.65,0.46,0.594,0.34,0.858,0.264,0.745,0.775,0.387,0.666,0.257
322,0.84,0.665,0.834,0.766,0.676,0.154,0.525,0.963,0.071,0.752,0.077,0.05,0.592,0.861,0.284,0.837,0.088,0.233,0.402,0.161,0.919,0.896,0.153,0.074,0.801,0.133,0.128,0.341,0.13,0.602,0.605,0.512,0.941,0.796,0.758,0.004,0.341,0.222,0.772,0.938,0.181,0.567,0.28,0.825,0.16,0.944,0.733,0.66,0.254,0.947,0.236,0.473,0.08,0.744,0.757,0.315,0.066,0.778,0.504,0.864,0.185,0.102,0.152,0.13
324,0.82,0.469,0.329,0.746,0.544,0.144,0.904,0.169,0.885,0.54,0.508,0.022,0.819,0.298,0.388,0.95,0.669,0.552,0.36,0.357,0.152,0.824,0.958,0.481,0.714,0.915,0.327,0.755,0.484,0.531,0.68,0.223,0.611,0.963,0.174,0.817,0.125,0.783,0.73,0.407,0.566,0.409,0.838,0.583,0.925,0.54,0.838,0.475,0.144,0.194,0.582,0.002,0.821,0.891,0.289,0.894,0.93,0.326,0.595,0.545,0.753,0.53,0.744,0.778
326,0.922,0.722,0.426,0.747,0.398,0.779,0.556,0.513,0.086,0.29,0.73,0.482,0.108,0.959,0.011,0.226,0.387,0.941,0.366,0.22,0.032,0.929,0.161,0.6,0.2,0.268,0.373,0.872,0.529,0.219,0.93,0.364,0.469,0.794,0.652,0.309,0.744,0.963,0.017,0.537,0.817,0.505,0.311,0.281,0.158,0.461,0.103,0.738,0.826,0.752,0.431,0.134,0.068,0.062,0.57,0.165,0.493,0.983,0.761,0.051,0.294,0.392,0.149,0.207
328,0.336,0.456,0.571,0.984,0.697,0.394,0.576,0.981,0.297,0.981,0.853,0.2,0.743,0.839,0.11,0.555,0.305,0.717,0.749,0.676,0.971,0.254,0.877,0.616,0.551,0.349,0.827,0.72,0.707,0.766,0.692,0.876,0.592,0.832,0.936,0.985,0.548,0.952,0.776,0.904,0.889,0.195,0.6,0.411,0.378,0.47,0.739,0.126,0.296,0.521,0.251,0.589,0.951,0.704,0.967,0.919,0.463,0.219,0.274,0.153,0.1,0.33,0.64,0.245
330,0.543,0.034,0.851,0.262,0.522,0.888,0.363,0.847,0.512,0.074,0.177,0.078,0.683,0.674,0.129,0.713,0.396,0.479,0.049,0.282,0.184,0.826,0.605,0.293,0.236,0.071,0.368,0.367,0.241,0.272,0.808,0.324,0.365,0.738,0.046,0.989,0.98,0.955,0.405,0.389,0.229,0.286,0.948,0.456,0.731,0.777,0.642,0.444,0.686,0.601,0.318,0.349,0.681,0.345,0.946,0.589,0.837,0.562,0.177,0.378,0.449,0.833,0.901,0.796
332,0.675,0.503,0.738,0.724,0.206,0.64,0.75,0.95,0.214,0.12,0.055,0.635,0.584,0.388,0.172,0.509,0.349,0.452,0.767,0.256,0.011,0.642,0.195,0.884,0.545,0.23,0.358,0.654,0.544,0.704,0.399,0.253,0.899,0.539,0.772,0.041,0.739,0.826,0.003,0.947,0.551,0.365,0.812,0.343,0.41,0.222,0.733,0.378,0.318,0.596,0.949,0.245,0.539,0.538,0.088,0.564,0.201,0.087,0.572,0.076,0.773,0.788,0.221,0.233
334,0.769,0.637,0.836,0.371,0.071,0.056,0.118,0.206,0.885,0.289,0.989,0.725,0.925,0.215,0.536,0.374,0.242,0.413,0.183,0.179,0.865,0.715,0.637,0.68,0.853,0.551,0.281,0.081,0.959,0.975,0.437,0.651,0.648,0.069,0.796,0.222,0.836,0.8,0.53,0.292,0.794,0.603,0.74,0.592,0.248,0.422,0.434,0.475,0.559,0.18,0.595,0.398,0.871,0.852,0.891,0.864,0.985,0.071,0.958,0.802,0.753,0.663,0.894,0.104
336,0.141,0.989,0.385,0.838,0.3,0.676,0.576,0.333,0.759,0.298,0.149,0.507,0.768,0.261,0.109,0.048,0.47,0.123,0.362,0.098,0.385,0.665,0.443,0.352,0.215,0.708,0.016,0.052,0.676,0.976,0.819,0.066,0.143,0.153,0.424,0.291,0.744,0.92,0.688,0.821,0.256,0.078,0.023,0.543,0.877,0.572,1.0,0.44,0.986,0.744,0.138,0.909,0.024,0.052,0.914,0.232,0.292,0.179,0.112,0.606,0.587,0.06,0.168,0.478
338,0.536,0.397,0.054,0.1,0.719,0.932,0.609,0.108,0.526,0.655,0.083,0.058,0.357,0.397,0.696,0.477,0.343,0.809,0.2,0.142,0.438,0.824,0.948,0.527,0.297,0.289,0.859,0.646,0.265,0.083,0.938,0.113,0.558,0.115,0.02,0.893,0.518,0.738,0.828,0.086,0.409,0.159,0.94,0.536,0.299,0.845,0.476,0.453,0.768,0.192,0.385,0.961,0.043,0.916,0.077,0.512,0.483,0.464,0.381,0.506,0.797,0.771,0.495,0.476
340,0.244,0.588,0.637,0.968,0.811,0.54,0.545,0.243,0.11,0.185,0.222,0.012,0.264,0.538,0.806,0.404,0.308,0.355,0.904,0.283,0.895,0.002,0.234,0.333,0.614,0.493,0.778,0.917,0.171,0.704,0.994,0.281,0.948,0.022,0.904,0.504,0.788,0.785,0.295,0.391,0.703,0.61,0.477,0.114,0.801,0.367,0.643,0.121,0.313,0.203,0.905,0.88,0.442,0.823,0.342,0.101,0.166,0.238,0.528,0.537,0.321,0.41,0.213,0.851
342,0.612,0.853,0.984,0.424,0.816,0.104,0.264,0.543,0.672,0.049,0.096,0.761,0.176,0.781,0.548,0.605,0.412,0.142,0.596,0.702,0.403,0.887,0.244,0.564,0.819,0.221,0.09,0.463,0.981,0.214,0.253,0.44,0.663,0.093,0.625,0.021,0.933,0.059,0.532,0.063,0.121,0.73,0.957,0.262,0.526,0.03,0.247,0.733,0.826,0.534,0.425,0.286,0.814,0.415,0.278,0.43,0.209,0.4,0.111,0.712,0.839,0.118,0.696,0.978
344,0.727,0.865,0.331,0.051,0.079,0.903,0.836,0.337,0.709,0.019,0.018,0.766,0.253,0.582,0.874,0.208,0.361,0.55,0.861,0.508,0.737,0.981,0.667,0.024,0.496,0.779,0.134,0.796,0.469,0.463,0.057,0.412,0.328,0.882,0.461,0.355,0.08,0.286,0.012,0.136,0.771,0.068,0.991,0.022,0.705,0.735,0.955,0.546,0.497,0.04,0.082,0.537,0.803,0.286,0.634,0.464,0.125,0.777,0.072,0.551,0.114,0.391,0.695,0.041
346,0.238,0.348,0.28,0.672,0.647,0.027,0.351,0.868,0.156,0.101,0.061,0.64,0.012,0.817,0.436,0.579,0.181,0.341,0.123,0.224,0.151,0.418,0.11,0.066,0.728,0.055,0.284,0.257,0.84,0.139,0.939,0.839,0.365,0.344,0.548,0.149,0.604,0.519,0.539,0.783,0.691,0.725,0.691,0.697,0.812,0.038,0.403,0.738,0.814,0.641,0.637,0.998,0.274,0.615,0.991,0.879,0.266,0.887,0.539,0.797,0.795,0.528,0.927,0.23
348,0.673,0.338,0.236,0.709,0.476,0.731,0.734,0.656,0.552,0.87,0.051,0.173,0.945,0.511,0.207,0.864,0.343,0.316,0.517,0.716,0.725,0.586,0.239,0.369,0.566,0.188,0.527,0.189,0.346,0.433,0.195,0.073,0.525,0.56,0.291,0.185,0.012,0.378,0.258,0.758,0.124,0.729,0.992,0.524,0.165,0.879,0.711,0.736,0.145,0.566,0.164,0.035,0.447,0.993,0.51,0.504,0.087,0.538,0.428,0.739,0.532,0.282,0.346,0.677
350,0.158,0.534,0.778,0.403,0.336,0.625,0.335,0.933,0.704,0.822,0.949,0.704,0.471,0.292,0.237,0.763,0.908,0.14,0.182,0.659,0.27,0.169,0.218,0.13,0.222,0.119,0.816,0.747,0.424,0.07,0.765,0.512,0.966,0.427,0.477,0.812,0.726,0.576,0.197,0.594,0.696,0.682,0.469,0.551,0.428,0.635,0.886,0.07,0.771,0.343,0.733,0.888,0.156,0.445,0.876,0.833,0.212,0.569,0.511,0.017,0.025,0.899,0.022,0.711
352,0.704,0.355,0.49,0.119,0.598,0.196,0.631,0.593,0.082,0.381,0.241,0.213,0.947,0.718,0.338,0.292,0.111,0.235,0.905,0.879,0.748,0.999,0.135,0.162,0.767,0.588,0.223,0.763,0.123,0.073,0.721,0.777,0.773,0.609,0.112,0.806,0.102,0.765,0.798,0.465,0.718,0.094,0.495,0.991,0.627,0.103,0.998,0.532,0.34,0.352,0.806,0.368,0.249,0.921,0.436,0.271,0.823,0.637,0.347,0.796,0.178,0.218,0.751,0.876
354,0.961,0.503,0.352,0.396,0.842,0.538,0.412,0.107,0.688,0.978,0.71,0.442,0.831,0.175,0.721,0.488,0.816,0.542,0.623,0.737,0.003,0.996,0.001,0.167,0.813,0.079,0.941,0.448,0.915,0.204,0.074,0.407,0.266,0.25,0.623,0.346,0.637,0.458,0.9,0.041,0.795,0.797,0.798,0.226,0.741,0.704,0.367,0.251,0.392,0.162,0.223,0.448,0.112,0.329,0.893,0.418,0.097,0.401,0.344,0.862,0.763,0.147,0.947,0.337
356,0.306,0.315,0.191,0.679,0.759,0.227,0.574,0.895,0.914,0.239,0.697,0.445,0.819,0.67,0.819,0.302,0.414,0.416,0.943,0.078,0.139,0.724,0.318,0.41,0.66,0.99,0.305,0.388,0.931,0.814,0.433,0.537,0.388,0.09,0.985,0.237,0.106,0.686,0.728,0.375,0.189,0.982,0.185,0.19,0.524,0.174,0.743,0.049,0.752,0.464,0.723,0.459,0.067,0.649,0.434,0.18,0.361,0.453,0.773,0.302,0.678,0.42,0.206,0.916
358,0.263,0.931,0.799,0.879,0.125,0.985,0.082,0.485,0.038,0.717,0.211,0.606,0.476,0.151,0.575,0.825,0.651,0.65,0.388,0.691,0.405,0.378,0.433,0.087,0.066,0.26,0.219,0.519,0.824,0.893,0.866,0.994,0.786,0.626,0.185,0.485,0.646,0.375,0.63,0.785,0.275,0.892,0.989,0.907,0.617,0.231,0.197,0.207,0.927,0.29,0.741,0.528,0.467,0.059,0.487,0.413,0.424,0.315,0.911,0.265,0.744,0.129,0.731,0.778
360,0.227,0.703,0.758,0.673,0.898,0.46,0.995,0.548,0.966,0.923,0.711,0.732,0.307,0.601,0.423,0.856,0.206,0.552,0.92,0.875,0.799,0.935,0.585,0.555,0.72,0.12,0.336,0.23,0.255,0.118,0.817,0.695,0.841,0.408,0.53,0.597,0.439,0.134,0.582,0.679,0.022,0.406,0.362,0.034,0.923,0.467,0.841,0.389,0.293,0.265,0.557,0.957,0.693,0.841,0.678,0.187,0.438,0.25,0.925,0.119,0.127,0.523,0.869,0.533
362,0.24,0.847,0.312,0.805,0.262,0.815,0.769,0.159,0.725,0.392,0.923,0.67,0.578,0.574,0.654,0.158,0.129,0.507,0.732,0.679,0.758,0.624,0.781,0.931,0.775,0.954,0.709,0.029,0.31,0.609,0.314,0.098,0.444,0.951,0.788,0.524,0.716,0.15,0.183,0.811,0.393,0.402,0.641,0.959,0.165,0.999,0.236,0.675,0.834,0.89,0.987,0.006,0.363,0.097,0.779,0.777,0.51,0.337,0.737,0.552,0.105,0.051,0.263,0.443
364,0.289,0.428,0.686,0.84,0.937,0.922,0.324,0.642,0.216,0.719,0.253,0.269,0.648,0.583,0.253,0.014,0.872,0.088,0.424,0.619,0.58,0.625,0.834,0.102,0.796,0.322,0.962,0.82,0.79,0.954,0.951,0.392,0.944,0.068,0.948,0.846,0.699,0.261,0.392,0.74,0.049,0.751,0.55,0.079,0.048,0.538,0.216,0.294,0.947,0.225,0.381,0.322,0.437,0.222,0.366,0.154,0.313,0.768,0.246,0.369,0.031,0.073,0.26,0.108
366,0.792,0.752,0.875,0.214,0.411,0.607,0.867,0.428,0.939,0.053,0.621,0.153,0.994,0.235,0.324,0.236,0.399,0.995,0.321,0.17,0.311,0.655,0.096,0.427,0.682,0.8,0.692,0.304,0.102,0.844,0.607,0.432,0.456,0.65,0.93,0.987,0.917,0.102,0.074,0.436,0.92,0.411,0.158,0.378,0.226,0.669,0.708,0.376,0.965,0.137,0.043,0.028,0.698,0.178,0.506,0.457,0.147,0.576,0.821,0.522,0.07,0.603,0.745,0.745
368,0.327,0.71,0.662,0.753,0.693,0.036,0.107,0.64,0.984,0.905,0.12,0.109,0.864,0.633,0.195,0.452,0.74,0.194,0.618,0.524,0.249,0.376,0.419,0.603,0.331,0.736,0.101,0.589,0.92,0.135,0.138,0.487,0.987,0.854,0.237,0.666,0.965,0.746,0.7,0.1,0.905,0.305,0.044,0.715,0.593,0.325,0.623,0.454,0.909,0.369,0.999,0.822,0.285,0.94,0.162,0.289,0.246,0.147,0.891,0.547,0.354,0.048,0.963,0.488
370,0.888,0.968,0.401,0.089,0.541,0.933,0.256,0.541,0.814,0.702,0.677,0.251,0.436,0.626,0.821,0.257,0.216,0.361,0.17,0.881,0.888,0.441,0.87,0.573,0.992,0.552,0.849,0.728,0.78,0.85,0.449,0.842,0.92,0.778,0.666,0.048,0.748,0.666,0.802,0.129,0.431,0.435,0.979,0.247,0.503,0.316,0.259,0.159,0.796,0.963,0.205,0.442,0.621,0.482,0.098,0.592,0.753,0.027,0.793,0.829,0.738,0.269,0.612,0.466
372,0.26,0.741,0.395,0.657,0.523,0.472,0.187,0.651,0.731,0.772,0.31,0.905,0.142,0.952,0.594,0.236,0.032,0.726,0.547,0.215,0.119,0.529,0.042,0.581,0.687,0.291,0.297,0.994,0.532,0.455,0.765,0.518,0.037,0.529,0.428,0.542,0.766,0.057,0.833,0.84,0.707,0.112,0.959,0.601,0.059,0.46,1.0,0.688,0.349,0.819,0.339,0.113,0.795,0.924,0.836,0.132,0.711,0.0,0.725,0.517,0.497,0.28,0.162,0.77
374,0.549,0.526,0.56,0.706,0.755,0.82,0.634,0.821,0.022,0.578,0.643,0.902,0.897,0.208,0.583,0.488,0.028,0.103,0.29,0.65,0.314,0.878,0.295,0.327,0.358,0.879,0.779,0.274,0.828,0.35,0.041,0.827,0.463,0.478,0.219,0.711,0.357,0.488,0.212,0.646,0.415,0.336,0.927,0.699,0.685,0.139,0.468,0.592,0.559,0.578,0.378,0.056,0.235,0.234,0.506,0.422,0.539,0.317,0.517,0.162,0.835,0.963,0.796,0.422
376,0.439,0.507,0.814,0.778,0.296,0.562,0.374,0.683,0.964,0.019,0.747,0.157,0.609,0.692,0.162,0.164,0.908,0.414,0.433,0.52,0.4,0.199,0.542,0.542,0.041,0.863,0.68,0.443,0.448,0.978,0.224,0.72,0.981,0.163,0.802,0.137,0.292,0.303,0.202,0.344,0.171,0.958,0.861,0.334,0.142,0.79,0.117,0.037,0.18,0.707,0.632,0.117,0.454,0.648,0.084,0.653,0.2,0.539,0.11,0.026,0.779,0.453,0.942,0.932
378,0.189,0.943,0.725,0.103,0.028,0.419,0.611,0.455,0.491,0.145,0.766,0.965,0.754,0.946,0.732,0.088,0.621,0.373,0.516,0.886,0.542,0.04,0.157,0.678,0.286,0.082,0.909,0.706,0.06,0.429,0.031,0.701,0.771,0.591,0.215,0.012,0.831,0.787,0.622,0.607,0.118,0.276,0.886,0.909,0.486,0.485,0.429,0.022,0.95,0.216,0.586,0.74,0.228,0.473,0.909,0.937,0.185,0.288,0.394,0.695,0.51,0.166,0.423,0.171
380,0.741,0.927,0.27,0.584,0.815,0.807,0.651,0.792,0.831,0.452,0.563,0.051,0.922,0.977,0.225,0.119,0.487,0.512,0.797,0.264,0.361,0.276,0.646,0.191,0.776,0.235,0.692,0.538,0.054,0.665,0.724,0.8,0.604,0.72,0.838,0.456,0.945,0.011,0.643,0.498,0.95,0.98,0.021,0.719,0.502,0.062,0.05,0.488,0.024,0.415,0.905,0.571,0.373,0.898,0.272,0.581,0.352,0.595,0.498,0.097,0.039,0.562,0.652,0.813
382,0.477,0.094,0.819,0.67,0.854,0.145,0.769,0.904,0.22,0.702,0.997,0.035,0.93,0.805,0.507,0.301,0.011,0.955,0.194,0.174,0.247,0.304,0.929,0.74,0.009,0.999,0.057,0.468,0.905,0.181,0.623,0.574,0.329,0.704,0.074,0.304,0.05,0.379,0.056,0.624,0.66,0.289,0.596,0.67,0.726,0.119,0.884,0.984,0.229,0.836,0.441,0.684,0.4,0.263,0.407,0.06,0.663,0.817,0.63,0.007,0.654,0.341,0.956,0.006
384,0.778,0.305,0.747,0.835,0.043,0.766,0.868,0.312,0.257,0.262,0.857,0.562,0.596,0.795,0.976,0.202,0.929,0.684,0.671,0.524,0.802,0.342,0.986,0.406,0.693,0.407,0.751,0.418,0.751,0.847,0.556,0.966,0.628,0.734,0.67,0.95,0.196,0.203,0.625,0.87,0.751,0.472,0.648,0.551,0.952,0.53,0.417,0.722,0.374,0.776,0.467,0.521,0.291,0.741,0.879,0.267,0.162,0.271,0.98,0.889,0.53,0.625,0.95,0.937
386,0.244,0.495,0.549,0.472,0.54,0.546,0.415,0.209,0.205,0.877,0.838,0.455,0.52,0.509,0.106,0.556,0.178,0.811,0.39,0.069,0.235,0.447,0.58,0.515,0.151,0.403,0.919,0.027,0.863,0.664,0.87,0.458,0.544,0.963,0.84,0.963,0.209,0.134,0.063,0.45,0.11,0.039,0.018,0.064,0.159,0.712,0.877,0.039,0.106,0.469,0.359,0.882,0.868,0.45,0.564,0.258,0.815,0.499,0.113,0.566,0.678,0.545,0.53,0.191
388,0.896,0.524,0.518,0.999,0.547,0.255,0.713,0.872,0.44,0.193,0.475,0.307,0.042,0.606,0.807,0.184,0.632,0.011,0.625,0.372,0.669,0.859,0.937,0.087,0.641,0.4,0.71,0.718,0.45,0.978,0.434,0.398,0.704,0.263,0.324,0.573,0.163,0.022,0.041,0.514,0.917,0.755,0.998,0.246,0.31,0.453,0.055,0.169,0.246,0.786,0.372,0.233,0.009,0.938,0.264,0.417,0.047,0.185,0.25,0.776,0.949,0.727,0.348,0.345
390,0.801,0.429,0.758,0.507,0.451,0.634,0.253,0.058,0.62,0.42,0.743,0.449,0.994,0.93,0.218,0.294,0.396,0.248,0.098,0.534,0.895,0.077,0.903,0.408,0.148,0.439,0.604,0.784,0.517,0.743,0.695,0.185,0.049,0.068,0.889,0.235,0.254,0.334,0.792,0.463,0.095,0.592,0.431,0.139,0.777,0.557,0.586,0.022,0.085,0.83,0.328,0.846,0.131,0.893,0.7,0.117,0.885,0.608,0.968,0.516,0.212,0.112,0.607,0.035
392,0.452,0.34,0.3,0.692,0.747,0.461,0.06,0.686,0.56,0.089,0.059,0.22,0.323,0.497,0.119,0.929,0.848,0.149,0.438,0.565,0.746,0.932,0.888,0.664,0.325,0.831,0.486,0.819,0.698,0.214,0.428,0.471,0.302,0.938,0.305,0.517,0.026,0.074,0.073,0.167,0.518,0.831,0.459,0.908,0.129,0.781,0.691,0.876,0.826,0.687,0.563,0.098,0.188,0.238,0.627,0.652,0.619,0.841,0.85,0.387,0.409,0.115,0.541,0.495
394,0.154,0.507,0.585,0.958,0.742,0.456,0.662,0.748,0.305,0.439,0.176,0.733,0.455,0.985,0.371,0.601,0.144,0.49,0.624,0.635,0.809,0.412,0.683,0.349,0.734,0.815,0.439,0.435,0.189,0.569,0.235,0.264,0.943,0.519,0.03,0.397,0.477,0.689,0.084,0.469,0.432,0.364,0.843,0.169,0.968,0.863,0.893,0.888,0.913,0.192,0.693,0.753,0.795,0.857,0.786,0.011,0.785,0.805,0.061,0.566,0.279,0.442,0.653,0.483
396,0.299,0.963,0.828,0.982,0.788,0.526,1.0,0.965,0.092,0.234,0.401,0.219,0.561,0.216,0.731,0.402,0.882,0.709,0.891,0.505,0.223,0.225,0.114,0.122,0.293,0.197,0.515,0.244,0.69,0.362,0.554,0.291,0.884,0.233,0.535,0.643,0.947,0.413,0.31,0.61,0.573,0.505,0.109,0.72,0.376,0.109,0.362,0.325,0.267,0.313,0.005,0.758,0.991,0.398,0.852,0.364,0.08,0.091,0.367,0.815,0.521,0.378,0.046,0.013
398,0.075,0.952,0.011,0.398,0.043,0.165,0.561,0.041,0.23,0.04,0.546,0.122,0.869,0.331,0.184,0.245,0.652,0.512,0.799,0.176,0.881,0.326,0.67,0.197,0.908,0.837,0.714,0.098,0.94,0.097,0.476,0.384,0.292,0.58,0.179,0.462,0.164,0.555,0.665,0.843,0.517,0.653,0.349,0.606,0.475,0.188,0.087,0.081,0.12,0.671,0.051,0.517,0.764,0.481,0.18,0.1,0.132,0.53,0.576,0.996,0.898,0.683,0.959,0.181
