time,CP6,F7,CP2,FT8,P1,PO8,P9,P4,CPz,P6,FT7,AF8,Fp2,P2,CP5,Pz,O1,FC5,F8,P5,Oz,FC3,P3,PO7,F5,FC2,TP8,CP1,TP7,POz,CP3,T8,Fp1,FC1,F10,F1,C3,T7,C1,C2,C4,FC4,C6,C5,F2,F6,AF3,PO4,P10,P8,P7,PO3,Fz,AF7,FCz,CP4,F4,AF4,Cz,FC6,F9,F3,O2,AFz
-100,0.022,0.758,0.723,0.913,0.457,0.801,0.091,0.552,0.587,0.348,0.243,0.003,0.397,0.772,0.824,0.954,0.825,0.325,0.419,0.951,0.195,0.574,0.203,0.037,0.266,0.902,0.892,0.473,0.932,0.666,0.547,0.527,0.216,0.867,0.546,0.817,0.971,0.139,0.609,0.754,0.793,0.594,0.733,0.664,0.133,0.484,0.814,0.382,0.709,0.331,0.713,0.591,0.415,0.984,0.685,0.365,0.03,0.653,0.245,0.463,0.45,0.6,0.052,0.298
-98,0.962,0.922,0.755,0.25,0.972,0.792,0.946,0.208,0.345,0.378,0.815,0.202,0.089,0.708,0.984,0.215,0.033,0.078,0.308,0.817,0.884,0.49,0.594,0.208,0.703,0.744,0.794,0.513,0.269,0.749,0.406,0.56,0.798,0.599,0.278,0.875,0.548,0.59,0.664,0.299,0.169,0.612,0.281,0.454,0.927,0.058,0.962,0.76,0.202,0.417,0.15,0.311,0.86,0.78,0.343,0.571,0.508,0.193,0.419,0.305,0.555,0.763,0.564,0.412
-96,0.942,0.714,0.88,0.078,0.856,0.643,0.018,0.302,0.817,0.807,0.537,0.446,0.623,0.648,0.341,0.747,0.478,0.111,0.75,0.213,0.417,0.612,0.877,0.13,0.588,0.765,0.434,0.099,0.767,0.111,0.929,0.742,0.158,0.766,0.319,0.416,0.07,0.325,0.288,0.361,0.06,0.27,0.42,0.904,0.395,0.899,0.68,0.272,0.024,0.737,0.309,0.485,0.037,0.756,0.826,0.715,0.939,0.819,0.636,0.352,0.156,0.824,0.9,0.533
-94,0.539,0.539,0.107,0.942,0.985,0.483,0.442,0.884,0.517,0.364,0.273,0.969,0.624,0.323,0.088,0.618,0.191,0.704,0.545,0.37,0.51,0.264,0.167,0.765,0.515,0.323,0.67,0.674,0.559,0.773,0.439,0.715,0.187,0.891,0.277,0.368,0.639,0.357,0.28,0.806,0.397,0.643,0.284,0.204,0.2,0.019,0.514,0.513,0.536,0.489,0.295,0.375,0.64,0.313,0.319,0.527,0.25,0.874,0.609,0.147,0.372,0.902,0.522,0.619
-92,0.553,0.043,0.156,0.756,0.597,0.499,0.746,0.733,0.643,0.437,0.806,0.278,0.271,0.743,0.283,0.976,0.82,0.105,0.189,0.539,0.721,0.06,0.164,0.186,0.839,0.892,0.944,0.832,0.957,0.502,0.825,0.89,0.966,0.209,0.599,0.285,0.238,0.544,0.851,0.165,0.227,0.532,0.962,0.1,0.242,0.227,0.424,0.908,0.19,0.303,0.005,0.924,0.994,0.971,0.115,0.338,0.529,0.557,0.158,0.95,0.256,0.182,0.815,0.333
-90,0.69,0.649,0.915,0.084,0.772,0.182,0.198,0.71,0.619,0.586,0.102,0.762,0.116,0.489,0.926,0.729,0.842,0.276,0.522,0.822,0.581,0.986,0.263,0.891,0.701,0.561,0.722,0.179,0.349,0.006,0.979,0.785,0.795,0.681,0.544,0.539,0.022,0.084,0.409,0.179,0.714,0.163,0.829,0.126,0.393,0.122,0.395,0.607,0.641,0.661,0.157,0.534,0.826,0.31,0.014,0.487,0.073,0.682,0.19,0.547,0.518,0.364,0.678,0.314
-88,0.175,0.793,0.271,0.046,0.244,0.31,0.371,0.413,0.493,0.878,0.656,0.524,0.181,0.219,0.593,0.633,0.524,0.27,0.23,0.81,0.988,0.465,0.438,0.537,0.905,0.207,0.029,0.333,0.608,0.985,0.597,0.225,0.038,0.898,0.155,0.706,0.536,0.205,0.279,0.769,0.878,0.02,0.929,0.82,0.163,0.973,0.261,0.891,0.97,0.38,0.7,0.302,0.42,0.635,0.034,0.363,0.971,0.404,0.225,0.475,0.976,0.566,0.801,0.286
-86,0.547,0.159,0.682,0.131,0.701,0.867,0.649,0.507,0.299,0.845,0.851,0.583,0.027,0.127,0.407,0.464,0.058,0.422,0.343,0.811,0.662,0.706,0.301,0.142,0.93,0.814,0.879,0.717,0.781,0.516,0.646,0.146,0.323,0.366,0.471,0.235,0.752,0.8,0.76,0.951,0.258,0.791,0.182,0.437,0.064,0.624,0.059,0.536,0.578,0.926,0.652,0.105,0.632,0.476,0.656,0.344,0.15,0.297,0.675,0.906,0.124,0.019,0.735,0.033
-84,0.797,0.603,0.677,0.952,0.971,0.421,0.658,0.053,0.511,0.596,0.17,0.742,0.004,0.552,0.378,0.793,0.1,0.664,0.17,0.42,0.34,0.94,0.323,0.115,0.859,0.815,0.05,0.468,0.538,0.433,0.348,0.673,0.522,0.894,0.346,0.151,0.027,0.168,0.553,0.638,0.283,0.339,0.587,0.907,0.566,0.898,0.419,0.5,0.32,0.753,0.637,0.173,0.933,0.225,0.622,0.211,0.44,0.22,0.068,0.515,0.495,0.652,0.108,0.735
-82,0.053,0.6,0.64,0.177,0.185,0.775,0.174,0.421,0.941,0.696,0.201,0.608,0.467,0.614,0.167,0.934,0.234,0.062,0.955,0.826,0.979,0.685,0.139,0.912,0.091,0.203,0.709,0.631,0.842,0.119,0.306,0.425,0.964,0.947,0.962,0.145,0.608,0.001,0.718,0.824,0.386,0.247,0.152,0.217,0.737,0.426,0.231,0.623,0.618,0.563,0.279,0.148,0.728,0.089,0.774,0.856,0.548,0.142,0.937,0.245,0.283,0.742,0.844,0.591
-80,0.386,0.187,0.031,0.323,0.655,0.418,0.6,0.575,0.753,0.606,0.095,0.72,0.097,0.113,0.027,0.336,0.716,0.905,0.849,0.414,0.859,0.706,0.909,0.025,0.967,0.791,0.541,0.423,0.925,0.492,0.292,0.386,0.195,0.592,0.806,0.44,0.713,0.685,0.236,0.461,0.608,0.393,0.362,0.214,0.991,0.277,0.414,0.988,0.998,0.309,0.618,0.982,0.138,0.261,0.473,0.783,0.228,0.081,0.838,0.281,0.303,0.877,0.869,0.118
-78,0.429,0.052,0.643,0.053,0.486,0.244,0.058,0.583,0.598,0.205,0.697,0.262,0.632,0.799,0.418,0.159,0.762,0.714,0.582,0.114,0.093,0.112,0.399,0.995,0.496,0.748,0.833,0.137,0.522,0.179,0.709,0.446,0.377,0.837,0.995,0.091,0.152,0.056,0.448,0.493,0.251,0.631,0.178,0.758,0.283,0.014,0.267,0.026,0.463,0.931,0.253,0.621,0.21,0.019,0.213,0.934,0.086,0.618,0.251,0.16,0.857,0.258,0.662,0.625
-76,0.07,0.315,0.36,0.365,0.773,0.752,0.802,0.443,0.322,0.749,0.215,0.726,0.989,0.561,0.799,0.229,0.512,0.825,0.946,0.501,0.155,0.103,0.038,0.459,0.392,0.621,0.475,0.089,0.468,0.231,0.683,0.558,0.016,0.642,0.303,0.29,0.211,0.739,0.924,0.862,0.296,0.534,0.882,0.56,0.122,0.706,0.051,0.999,0.231,0.355,0.891,0.648,0.337,0.812,0.819,0.909,0.314,0.528,0.333,0.497,0.059,0.19,0.301,0.734
-74,0.161,0.576,0.688,0.968,0.119,0.008,0.804,0.512,0.808,0.637,0.392,0.075,0.906,0.614,0.082,0.49,0.592,0.952,0.756,0.26,0.799,0.859,0.626,0.896,0.286,0.286,0.774,0.253,0.376,0.58,0.947,0.443,0.755,0.179,0.427,0.403,0.827,0.471,0.749,0.524,0.585,0.976,0.738,0.35,0.95,0.671,0.507,0.246,0.126,0.367,0.106,0.157,0.87,0.326,0.43,0.585,0.207,0.205,0.261,0.177,0.202,0.627,0.771,0.544
-72,0.071,0.806,0.074,0.262,0.27,0.64,0.431,0.363,0.244,0.153,0.971,0.624,0.497,0.22,0.337,0.917,0.605,0.059,0.711,0.553,0.227,0.427,0.752,0.637,0.239,0.049,0.601,0.371,0.814,0.567,0.377,0.075,0.076,0.111,0.758,0.491,0.998,0.96,0.222,0.095,0.581,0.693,0.644,0.848,0.896,0.697,0.05,0.337,0.672,0.067,0.354,0.348,0.643,0.073,0.207,0.518,0.677,0.533,0.766,0.676,0.776,0.006,0.406,0.766
-70,0.658,0.598,0.703,0.081,0.498,0.888,0.044,0.7,0.356,0.254,0.201,0.003,0.569,0.61,0.996,0.009,0.078,0.037,0.402,0.378,0.528,0.971,0.598,0.998,0.973,0.846,0.5,0.876,0.922,0.267,0.782,0.391,0.477,0.301,0.468,0.919,0.397,0.937,0.27,0.616,0.904,0.853,0.501,0.184,0.15,0.865,0.562,0.775,0.976,0.404,0.807,0.28,0.786,0.856,0.338,0.934,0.123,0.612,0.739,0.736,0.443,0.512,0.338,0.328
-68,0.537,0.481,0.815,0.681,0.113,0.108,0.823,0.634,0.782,0.363,0.749,0.058,0.188,0.643,0.262,0.481,0.89,0.088,0.37,0.65,0.426,0.457,0.186,0.489,0.986,0.488,0.941,0.801,0.514,0.974,0.975,0.745,0.141,0.672,0.749,0.892,0.928,0.164,0.189,0.619,0.609,0.645,0.59,0.512,0.886,0.949,0.114,0.175,0.524,0.996,0.89,0.685,0.409,0.953,0.925,0.633,0.053,0.066,0.517,0.092,0.411,0.677,0.136,0.412
-66,0.258,0.25,0.678,0.669,0.77,0.648,0.398,0.461,0.482,0.223,0.296,0.027,0.245,0.419,0.872,0.863,0.438,0.621,0.35,0.924,0.499,0.435,0.549,0.376,0.989,0.079,0.443,0.01,0.992,0.761,0.595,0.708,0.566,0.001,0.568,0.95,0.62,0.76,0.856,0.088,0.441,0.729,0.943,0.148,0.501,0.991,0.215,0.745,0.611,0.577,0.679,0.7,0.059,0.936,0.412,0.541,0.333,0.772,0.414,0.862,0.517,0.912,0.617,0.389
-64,0.866,0.091,0.699,0.185,0.673,0.427,0.821,0.4,0.015,0.955,0.618,0.356,0.828,0.49,0.992,0.636,0.596,0.939,0.691,0.917,0.311,0.786,0.902,0.874,0.974,0.117,0.217,0.405,0.541,0.87,0.712,0.921,0.752,0.524,0.355,0.688,0.554,0.569,0.583,0.041,0.853,0.394,0.321,0.719,0.983,0.442,0.226,0.835,0.453,0.918,0.706,0.475,0.284,0.044,0.242,0.397,0.383,0.674,0.961,0.041,0.414,0.804,0.509,0.982
-62,0.619,0.912,0.123,0.589,0.644,0.145,0.054,0.553,0.333,0.114,0.997,0.552,0.791,0.512,0.497,0.748,0.813,0.448,0.743,0.769,0.733,0.774,0.12,0.505,0.928,0.548,0.891,0.638,0.576,0.279,0.499,0.146,0.387,0.706,0.407,0.225,0.971,0.543,0.909,0.29,0.968,0.109,0.72,0.939,0.868,0.943,0.375,0.453,0.877,0.042,0.131,0.213,0.409,0.762,0.117,0.805,0.841,0.901,0.062,0.567,0.255,0.648,0.525,0.048
-60,0.45,0.229,0.266,0.896,0.769,0.126,0.963,0.344,0.787,0.128,0.093,0.03,0.548,0.008,0.793,0.576,0.839,0.3,0.457,0.738,0.785,0.421,0.236,0.821,0.225,0.273,0.592,0.407,0.167,0.406,0.54,0.425,0.32,0.37,0.202,0.643,0.391,0.889,0.585,0.847,0.178,0.157,0.778,0.295,0.466,0.664,0.045,0.938,0.749,0.155,0.579,0.508,0.798,0.615,0.806,0.366,0.145,0.471,0.24,0.203,0.598,0.409,0.902,0.067
-58,0.899,0.727,0.287,0.202,0.815,0.233,0.163,0.121,0.948,0.692,0.192,0.097,0.568,0.458,0.031,0.178,0.217,0.125,0.71,0.689,0.754,0.866,0.712,0.283,0.255,0.141,0.26,0.259,0.105,0.016,0.227,0.107,0.005,0.174,0.255,0.629,0.661,0.15,0.904,0.879,0.272,0.772,0.503,0.907,0.198,0.357,0.537,0.578,0.176,0.731,0.026,0.857,0.402,0.596,0.432,0.193,0.341,0.436,0.72,0.293,0.593,0.746,0.939,0.826
-56,0.189,0.798,0.891,0.332,0.961,0.736,0.095,0.611,0.734,0.403,0.528,0.356,0.394,0.765,0.506,0.322,0.537,0.168,0.433,0.002,0.794,0.728,0.952,0.162,0.708,0.468,0.153,0.841,0.537,0.499,0.871,0.797,0.637,0.517,0.997,0.705,0.302,0.001,0.392,0.694,0.449,0.84,0.256,0.041,0.236,0.498,0.405,0.622,0.214,0.266,0.844,0.263,0.921,0.022,0.369,0.038,0.419,0.798,0.146,0.425,0.633,0.369,0.333,0.146
-54,0.288,0.083,0.61,0.536,0.273,0.757,0.378,0.852,0.834,0.864,0.077,0.393,0.012,0.099,0.928,0.617,0.864,0.29,0.707,0.891,0.949,0.727,0.729,0.096,0.826,0.535,0.172,0.897,0.851,0.992,0.896,0.973,0.357,0.558,0.434,0.503,0.914,0.535,0.204,0.677,0.288,0.047,0.154,0.065,0.857,0.035,0.961,0.238,0.638,0.152,0.636,0.849,0.637,0.759,0.213,0.023,0.629,0.363,0.718,0.072,0.869,0.598,0.716,0.608
-52,0.718,0.488,0.677,0.146,0.152,0.402,0.324,0.572,0.022,0.146,0.221,0.474,0.629,0.951,0.073,0.202,0.935,0.674,0.131,0.105,0.121,0.084,0.898,0.982,0.313,0.697,0.164,0.064,0.591,0.538,0.913,0.493,0.75,0.659,0.608,0.079,0.604,0.988,0.235,0.7,0.556,0.776,0.157,0.667,0.886,0.56,0.429,0.77,0.085,0.487,0.008,0.776,0.253,0.689,0.013,0.235,0.788,0.814,0.658,0.977,0.16,0.887,0.224,0.615
-50,0.625,0.471,0.756,0.587,0.43,0.339,0.712,0.18,0.225,0.951,0.65,0.551,0.202,0.192,0.171,0.686,0.313,0.224,0.019,0.05,0.594,0.732,0.536,0.471,0.672,0.504,0.115,0.686,0.467,0.605,0.522,0.859,0.157,0.472,0.721,0.195,0.611,0.344,0.585,0.713,0.354,0.045,0.073,0.203,0.368,0.204,0.998,0.553,0.017,0.698,0.184,0.024,0.373,0.161,0.633,0.641,0.191,0.735,0.19,0.018,0.602,0.11,0.651,0.655
-48,0.298,0.5,0.373,0.115,0.761,0.402,0.932,0.601,0.266,0.449,0.346,0.734,0.542,0.117,0.484,0.18,0.227,0.504,0.399,0.902,0.8,0.938,0.159,0.256,0.618,0.995,0.18,0.025,0.86,0.588,0.036,0.215,0.364,0.055,0.134,0.821,0.996,0.482,0.209,0.917,0.457,0.185,0.1,0.818,0.625,0.429,0.503,0.978,0.94,0.783,0.738,0.995,0.71,0.46,0.396,0.277,0.793,0.925,0.62,0.38,0.913,0.024,0.474,0.197
-46,0.655,0.287,0.8,0.948,0.422,0.323,0.702,0.566,0.68,0.024,0.415,0.121,0.903,0.052,0.69,0.647,0.455,0.201,0.674,0.618,0.454,0.076,0.222,0.454,0.389,0.882,0.377,0.861,0.047,0.677,0.937,0.249,0.556,0.691,0.257,0.825,0.471,0.616,0.859,0.966,0.59,0.363,0.688,0.755,0.086,0.175,0.452,0.03,0.142,0.36,0.383,0.394,0.988,0.075,0.657,0.645,0.445,0.705,0.697,0.374,0.244,0.824,0.942,0.222
-44,0.288,0.852,0.257,0.997,0.926,0.724,0.298,0.884,0.294,0.046,0.517,0.123,0.186,0.482,0.473,0.855,0.802,0.16,0.93,0.905,0.877,0.527,0.62,0.359,0.973,0.584,0.289,0.692,0.826,0.307,0.501,0.267,0.668,0.661,0.833,0.539,0.147,0.87,0.634,0.551,0.956,0.624,0.335,0.779,0.089,0.55,0.635,0.193,0.81,0.589,0.845,0.589,0.764,0.677,0.107,0.923,0.398,0.988,0.704,0.994,0.855,0.68,0.636,0.67
-42,0.455,0.685,0.046,0.124,0.075,0.279,0.423,0.425,0.776,0.664,0.131,0.76,0.916,0.686,0.441,0.636,0.941,0.428,0.861,0.417,0.087,0.165,0.07,0.742,0.303,0.728,0.368,0.823,0.816,0.384,0.564,0.75,0.954,0.467,0.446,0.028,0.47,0.526,0.682,0.297,0.282,0.473,0.735,0.46,0.363,0.884,0.411,0.083,0.233,0.935,0.666,0.306,0.457,0.439,0.146,0.056,0.985,0.085,0.231,0.18,0.832,0.083,0.799,0.004
-40,0.763,0.506,0.236,0.316,0.319,0.822,0.484,0.7,0.888,0.653,0.721,0.431,0.376,0.254,0.952,0.741,0.425,0.296,0.929,0.991,0.259,0.225,0.544,0.834,0.473,0.91,0.198,0.065,0.29,0.897,0.726,0.94,0.449,0.846,0.756,0.806,0.301,0.787,0.01,0.443,0.344,0.136,0.327,0.43,0.772,0.705,0.818,0.066,0.11,0.435,0.275,0.713,0.332,0.686,0.295,0.332,0.602,0.549,0.231,0.627,0.665,0.897,0.961,0.332
-38,0.862,0.957,0.588,0.127,0.301,0.595,0.581,0.988,0.544,0.31,0.944,0.821,0.191,0.068,0.338,0.244,0.616,0.964,0.186,0.169,0.552,0.677,0.212,0.618,0.844,0.68,0.808,0.136,0.308,0.472,0.174,0.68,0.73,0.977,0.684,0.377,0.423,0.84,0.204,0.826,0.486,0.486,0.349,0.312,0.745,0.15,0.636,0.033,0.353,0.404,0.62,0.828,0.919,0.543,0.739,0.254,0.926,0.421,0.172,0.997,0.215,0.623,0.881,0.857
-36,0.509,0.485,0.885,0.792,0.436,0.631,0.51,0.809,0.418,0.983,0.449,0.575,0.275,0.77,0.945,0.934,0.404,0.284,0.747,0.699,0.317,0.677,0.185,0.706,0.04,0.096,0.697,0.285,0.835,0.779,0.458,0.892,0.252,0.023,0.897,0.184,0.381,0.132,0.303,0.784,0.873,0.924,0.523,0.596,0.52,0.683,1.0,0.117,0.308,0.812,0.166,0.701,0.378,0.165,0.399,0.116,0.538,0.447,0.441,0.677,0.367,0.018,0.286,0.034
-34,0.701,0.465,0.136,0.121,0.209,0.47,0.377,0.819,0.072,0.465,0.536,0.725,0.065,0.55,0.496,0.337,0.463,0.179,0.8,0.49,0.182,0.504,0.393,0.436,0.455,0.51,0.081,0.963,0.239,0.114,0.221,0.038,0.112,0.737,0.173,0.747,0.358,0.563,0.856,0.865,0.147,0.995,0.245,0.94,0.128,0.908,0.224,0.354,0.338,0.835,0.62,0.837,0.553,0.668,0.341,0.943,0.47,0.403,0.315,0.221,0.969,0.297,0.156,0.727
-32,0.986,0.226,0.059,0.23,0.484,0.23,0.534,0.179,0.476,0.914,0.351,0.648,0.614,0.564,0.185,0.328,0.492,0.982,0.234,0.637,0.788,0.439,0.006,0.286,0.436,0.96,0.508,0.466,0.701,0.079,0.132,0.767,0.214,0.907,0.432,0.885,0.429,0.029,0.792,0.552,0.309,0.988,0.664,0.985,0.473,0.006,0.847,0.075,0.978,0.122,0.243,0.61,0.939,0.366,0.928,0.684,0.647,0.592,0.983,0.106,0.614,0.204,0.397,0.319
-30,0.692,0.185,0.636,0.333,0.726,0.571,0.86,0.789,0.963,0.161,0.895,0.877,0.555,0.922,0.322,0.3,0.337,0.414,0.566,0.898,0.235,0.444,0.571,0.834,0.448,0.975,0.719,0.122,0.165,0.116,0.016,0.606,0.866,0.72,0.893,0.96,0.563,0.731,0.699,0.761,0.719,0.715,0.996,0.869,0.034,0.943,0.479,0.253,0.307,0.539,0.434,0.138,0.586,0.887,0.223,0.013,0.32,0.633,0.181,0.261,0.472,0.627,0.536,0.662
-28,0.161,0.413,0.245,0.579,0.124,0.92,0.153,0.225,0.117,0.374,0.912,0.651,0.446,0.359,0.713,0.57,0.702,0.524,0.684,0.282,0.59,0.745,0.361,0.602,0.109,0.432,0.812,0.839,0.277,0.754,0.045,0.253,0.18,0.096,0.185,0.43,0.896,0.553,0.08,0.119,0.359,0.868,0.512,0.695,0.983,0.157,0.647,0.752,0.048,0.926,0.406,0.308,0.252,0.115,0.432,0.354,0.773,0.755,0.742,0.233,0.956,0.291,0.3,0.613
-26,0.271,0.981,0.983,0.463,0.919,0.096,0.833,0.637,0.197,0.478,0.383,0.683,0.157,0.476,0.212,0.446,0.837,0.255,0.173,0.982,0.731,0.759,0.396,0.852,0.652,0.616,0.242,0.719,0.658,0.871,0.187,0.782,0.121,0.302,0.514,0.757,0.081,0.254,0.007,0.951,0.679,0.231,0.875,0.896,0.195,0.973,0.515,0.22,0.721,0.311,0.737,0.138,0.166,0.327,0.684,0.267,0.738,0.039,0.187,0.69,0.005,0.926,0.596,0.247
-24,0.756,0.583,0.807,0.146,0.047,0.414,0.485,0.187,0.556,0.997,0.729,0.404,0.796,0.454,0.861,0.643,0.687,0.84,0.443,0.905,0.308,0.501,0.988,0.506,0.199,0.877,0.997,0.105,0.003,0.398,0.167,0.281,0.963,0.663,0.877,0.903,0.477,0.192,0.811,0.763,0.084,0.776,0.212,0.707,0.371,0.261,0.373,0.281,0.791,0.36,0.499,0.397,0.342,0.533,0.505,0.619,0.334,0.636,0.312,0.744,0.021,0.733,0.226,0.489
-22,0.79,0.282,0.554,0.571,0.477,0.521,0.615,0.199,0.911,0.948,0.679,0.265,0.661,0.589,0.997,0.453,0.972,0.264,0.97,0.002,0.56,0.826,0.344,0.632,0.984,0.53,0.184,0.362,0.577,0.417,0.297,0.029,0.446,0.386,0.611,0.073,0.425,0.581,0.521,0.63,0.53,0.506,0.235,0.944,0.803,0.848,0.965,0.495,0.951,0.346,0.13,0.847,0.518,0.183,0.105,0.849,0.739,0.881,0.721,0.588,0.717,0.774,0.165,0.258
-20,0.814,0.486,0.276,0.533,0.775,0.947,0.818,0.485,0.278,0.034,0.974,0.224,0.944,0.507,0.931,0.159,0.24,0.637,0.058,0.511,0.099,0.313,0.221,0.417,0.187,0.147,0.351,0.363,0.718,0.743,0.431,0.861,0.365,0.196,0.192,0.7,0.968,0.282,0.514,0.31,0.026,0.457,0.674,0.569,0.663,0.356,0.125,0.344,0.648,0.979,0.575,0.098,0.117,0.17,0.989,0.047,0.754,0.292,0.001,0.699,0.507,0.046,0.187,0.996
-18,0.027,0.938,0.525,0.005,0.697,0.932,0.978,0.633,0.436,0.227,0.09,0.785,0.06,0.618,0.428,0.069,0.379,0.999,0.1,0.187,0.144,0.891,0.175,0.567,0.763,0.541,0.169,0.074,0.344,0.603,0.973,0.803,0.945,0.63,0.359,0.689,0.651,0.636,0.41,0.505,0.249,0.408,0.906,0.881,0.894,0.2,0.785,0.421,0.798,0.28,0.271,0.429,0.204,0.812,0.18,0.246,0.248,0.511,0.097,0.398,0.443,0.752,0.515,0.673
-16,0.45,0.697,0.662,0.818,0.362,0.768,0.284,0.268,0.852,0.263,0.315,0.527,0.427,0.162,0.916,0.277,0.729,0.632,0.338,0.384,0.782,0.86,0.294,0.865,0.662,0.12,0.627,0.918,0.77,0.451,0.168,0.773,0.896,0.659,0.676,0.331,0.39,0.547,0.167,0.904,0.003,0.952,0.394,0.345,0.132,0.562,0.251,0.68,0.999,0.149,0.345,0.512,0.162,0.258,0.98,0.715,0.902,0.232,0.046,0.664,0.968,0.624,0.761,0.213
-14,0.916,0.179,0.277,0.876,0.238,0.63,0.461,0.338,0.252,0.702,0.147,0.947,0.214,0.21,0.763,0.089,0.499,0.987,0.482,0.821,0.727,0.845,0.129,0.538,0.328,0.98,0.671,0.842,0.258,0.163,0.803,0.181,0.909,0.823,0.462,0.223,0.198,0.217,0.304,0.246,0.392,0.105,0.692,0.056,0.373,0.854,0.639,0.122,0.824,0.35,0.034,0.694,0.35,0.146,0.644,0.832,0.427,0.069,0.934,0.988,0.164,0.512,0.145,0.481
-12,0.448,0.646,0.03,0.329,0.83,0.67,0.972,0.05,0.007,0.954,0.11,0.833,0.194,0.411,0.951,0.73,0.642,0.237,0.138,0.076,0.086,0.715,0.968,0.435,0.613,0.406,1.0,0.515,0.53,0.58,0.162,0.077,0.286,0.994,0.929,0.627,0.097,0.291,0.245,0.298,0.556,0.768,0.949,0.691,0.825,0.689,0.991,0.07,0.157,0.331,0.285,0.989,0.79,0.104,0.506,0.025,0.497,0.296,0.553,0.976,0.385,0.835,0.904,0.393
-10,0.957,0.041,0.426,0.828,0.436,0.884,0.456,0.562,0.231,0.9,0.033,0.221,0.439,0.173,0.195,0.257,0.346,0.521,0.47,0.389,0.591,0.022,0.951,0.976,0.012,0.274,0.856,0.657,0.646,0.084,0.753,0.535,0.108,0.457,0.538,0.209,0.994,0.315,0.761,0.436,0.887,0.695,0.806,0.03,0.251,0.555,0.791,0.176,0.407,0.901,0.389,0.18,0.93,0.067,0.797,0.418,0.311,0.667,0.066,0.587,0.584,0.736,0.834,0.082
-8,0.486,0.975,0.275,0.796,0.513,0.444,0.205,0.29,0.196,0.142,0.426,0.29,0.241,0.961,0.69,0.542,0.086,0.465,0.253,0.282,0.132,0.372,0.639,0.937,0.609,0.177,0.369,0.296,0.6,0.98,0.984,0.25,0.393,0.449,0.159,0.131,0.396,0.877,0.528,0.916,0.379,0.022,0.927,0.681,0.403,0.3,0.91,0.245,0.491,0.342,0.417,0.197,0.253,0.731,0.033,0.559,0.764,0.066,0.716,0.129,0.046,0.732,0.839,0.498
-6,0.651,0.446,0.867,0.706,0.763,0.292,0.31,0.626,0.223,0.396,0.852,0.215,0.176,0.911,0.234,0.589,0.515,0.684,0.991,0.159,0.391,0.035,0.562,0.358,0.85,0.251,0.055,0.969,0.077,0.957,0.154,0.393,0.422,0.384,0.575,0.67,0.338,0.544,0.739,0.628,0.319,0.932,0.115,0.193,0.691,0.566,0.353,0.953,0.181,0.878,0.656,0.903,0.59,0.466,0.348,0.914,0.515,0.458,0.313,0.794,0.552,0.117,0.113,0.667
-4,0.35,0.98,0.29,0.073,0.753,0.963,0.997,0.124,0.607,0.705,0.801,0.31,0.42,0.884,0.127,0.481,0.857,0.588,0.119,0.093,0.626,0.213,0.923,0.568,0.344,0.868,0.368,0.243,0.167,0.547,0.157,0.144,0.85,0.062,0.686,0.016,0.314,0.479,0.229,0.522,0.588,0.139,0.328,0.699,0.497,0.581,0.887,0.89,0.755,0.691,0.57,0.846,0.064,0.283,0.332,0.345,0.706,0.096,0.24,0.598,0.2,0.761,0.966,0.228
-2,0.8,0.762,0.124,0.476,0.91,0.241,0.877,0.112,0.801,0.666,0.66,0.762,0.519,0.474,0.118,0.851,0.52,0.979,0.532,0.477,0.729,0.361,0.924,0.649,0.342,0.933,0.243,0.655,0.21,0.894,0.258,0.07,0.112,0.266,0.191,0.378,0.316,0.087,0.666,0.413,0.274,0.039,0.588,0.214,0.732,0.754,0.26,0.274,0.929,0.313,0.844,0.194,0.162,0.253,0.329,0.552,0.425,0.144,0.593,0.165,0.966,0.026,0.402,0.39
0,0.586,0.98,0.548,0.418,0.35,0.941,0.168,0.431,0.316,0.816,0.729,0.518,0.204,0.862,0.376,0.882,0.28,0.543,0.577,0.656,0.598,0.21,0.662,0.799,0.057,0.729,0.836,0.112,0.767,0.449,0.423,0.855,0.67,0.003,0.562,0.16,0.948,0.882,0.698,0.237,0.639,0.062,0.299,0.628,0.603,0.8,0.32,0.565,0.937,0.161,0.515,0.332,0.929,0.277,0.288,0.81,0.191,0.107,0.832,0.111,0.499,0.775,0.598,0.427
2,0.375,0.912,0.029,0.316,0.968,0.474,0.096,0.347,0.913,0.837,0.15,0.957,0.482,0.522,0.634,0.877,0.533,0.546,0.618,0.621,0.854,0.778,0.625,0.511,0.789,0.575,0.066,0.027,0.452,0.94,0.119,0.149,0.31,0.54,0.607,0.013,0.91,0.571,0.757,0.426,0.12,0.862,0.712,0.988,0.832,0.189,0.698,0.926,0.755,0.585,0.245,0.175,0.343,0.364,0.94,0.277,0.992,0.129,0.916,0.903,0.946,0.959,0.267,0.764
4,0.96,0.229,0.725,0.029,0.577,0.9,0.814,0.13,0.306,0.552,0.562,0.014,0.695,0.992,0.71,0.157,0.137,0.035,0.258,0.788,0.934,0.385,0.922,0.326,0.497,0.298,0.247,0.989,0.077,0.914,0.475,0.813,0.357,0.7,0.441,0.432,0.504,0.847,0.565,0.453,0.54,0.73,0.827,0.101,0.595,0.651,0.024,0.228,0.726,0.173,0.424,0.463,0.427,0.925,0.719,0.331,0.88,0.906,0.446,0.539,0.599,0.311,0.341,0.532
6,0.817,0.011,0.656,0.784,0.182,0.479,0.59,0.792,0.175,0.814,0.049,0.506,0.535,0.073,0.57,0.946,0.68,0.591,0.733,0.879,0.203,0.51,0.314,0.584,0.648,0.267,0.164,0.592,0.853,0.561,0.141,0.011,0.922,0.703,0.894,0.788,0.851,0.858,0.418,0.768,0.622,0.2,0.608,0.446,0.986,0.89,0.279,0.671,0.725,0.791,0.877,0.582,0.411,0.143,0.731,0.174,0.33,0.602,0.064,0.412,0.751,0.558,0.244,0.062
8,0.978,0.44,0.578,0.507,0.52,0.265,0.849,0.508,0.219,0.313,0.717,0.339,0.631,0.638,0.899,0.254,0.548,0.137,0.826,0.851,0.211,0.235,0.03,0.418,0.985,0.551,0.377,0.602,0.398,0.591,0.569,0.577,0.093,0.636,0.549,0.423,0.08,0.007,0.859,0.355,0.709,0.288,0.678,0.86,0.626,0.97,0.228,0.712,0.834,0.186,0.071,0.911,0.885,0.143,0.986,0.902,0.049,0.507,0.131,0.281,0.944,0.016,0.396,0.755
10,0.321,0.217,0.568,0.764,0.12,0.845,0.293,0.257,0.834,0.615,0.373,0.688,0.245,0.883,0.496,0.125,0.289,0.503,0.463,0.081,0.923,0.293,0.014,0.574,0.503,0.955,0.487,0.466,0.698,0.798,0.338,0.268,0.133,0.89,0.718,0.041,0.678,0.512,0.855,0.038,0.032,0.679,0.505,0.952,0.479,0.913,0.96,0.434,0.505,0.432,0.323,0.67,0.47,0.056,0.905,0.824,0.136,0.172,0.855,0.378,0.906,0.844,0.409,0.755
12,0.981,0.635,0.676,0.812,0.323,0.418,0.957,0.981,0.931,0.493,0.195,0.191,0.567,0.553,0.534,0.065,0.454,0.724,0.633,0.794,0.575,0.317,0.268,0.216,0.83,0.52,0.063,0.241,0.885,0.396,0.551,0.749,0.716,0.01,0.422,0.247,0.231,0.894,0.096,0.94,0.391,0.309,0.363,0.535,0.61,0.246,0.715,0.449,0.896,0.408,0.621,0.338,0.631,0.189,0.236,0.688,0.92,0.672,0.129,0.95,0.45,0.397,0.732,0.831
14,0.119,0.759,0.122,0.357,0.207,0.265,0.959,0.301,0.342,0.768,0.772,0.887,0.53,0.696,0.04,0.364,0.334,0.163,0.241,0.116,0.658,0.025,0.065,0.269,0.16,0.816,0.254,0.235,0.582,0.708,0.42,0.351,0.515,0.523,0.813,0.39,0.018,0.89,0.387,0.505,0.843,0.441,0.672,0.112,0.272,0.236,0.276,0.481,0.968,0.707,0.239,0.268,0.406,0.673,0.834,0.195,0.983,0.811,0.357,0.151,0.186,0.982,0.341,0.201
16,0.38,0.387,0.703,0.653,0.525,0.57,0.726,0.443,0.375,0.762,0.305,0.66,0.774,0.747,0.956,0.287,0.141,0.697,0.659,0.169,0.806,0.068,0.467,0.271,0.204,0.44,0.782,0.734,0.524,0.188,0.994,0.991,0.71,0.769,0.196,0.133,0.358,0.363,0.656,0.551,0.543,0.326,0.14,0.801,0.764,0.714,0.966,0.93,0.046,0.289,0.705,0.099,0.207,0.013,0.267,0.072,0.912,0.723,0.033,0.61,0.569,0.665,0.721,0.719
18,0.755,0.352,0.46,0.674,0.053,0.3,0.75,0.251,0.507,0.934,0.402,0.167,0.376,0.163,0.334,0.284,0.14,0.191,0.558,0.755,0.537,0.298,0.766,0.36,0.939,0.86,0.296,0.365,0.331,0.862,0.662,0.88,0.028,0.122,0.448,0.832,0.79,0.365,0.299,0.071,0.841,0.726,0.741,0.223,0.017,0.233,0.85,0.276,0.92,0.153,0.527,0.445,0.713,0.132,0.932,0.651,0.331,0.091,0.343,0.82,0.57,0.463,0.645,0.751
20,0.785,0.703,0.629,0.157,0.672,0.185,0.576,0.488,0.928,0.854,0.144,0.118,0.13,0.365,0.58,0.36,0.776,0.818,0.358,0.027,0.403,0.441,0.921,0.507,0.781,0.026,0.517,0.192,0.854,0.697,0.576,0.892,0.948,0.209,0.883,0.612,0.969,0.271,0.937,0.137,0.149,0.099,0.017,0.244,0.291,0.051,0.866,0.45,0.033,0.647,0.39,0.177,0.861,0.501,0.133,0.386,0.492,0.476,0.626,0.755,0.849,0.989,0.568,0.183
22,0.626,0.461,0.077,0.178,0.824,0.002,0.504,0.786,0.667,0.514,0.323,0.879,0.506,0.677,0.006,0.928,0.251,0.178,0.233,0.959,0.106,0.299,0.543,0.321,0.324,0.743,0.0,0.032,0.066,0.306,0.715,0.438,0.068,0.493,0.617,0.446,0.62,0.304,0.769,0.781,0.529,0.614,0.03,0.864,0.251,0.931,0.912,0.864,0.334,0.079,0.849,0.441,0.206,0.287,0.856,0.323,0.835,0.933,0.401,0.253,0.121,0.117,0.51,0.045
24,0.996,0.28,0.232,0.364,0.072,0.724,0.632,0.642,0.06,0.558,0.081,0.511,0.417,0.948,0.908,0.026,0.102,0.003,0.16,0.253,0.38,0.016,0.294,0.162,0.245,0.993,0.166,0.101,0.411,0.104,0.065,0.62,0.078,0.039,0.176,0.604,0.766,0.151,0.082,0.54,0.286,0.851,0.615,0.653,0.145,0.378,0.966,0.686,0.169,0.326,0.947,0.433,0.412,0.56,0.682,0.953,0.396,0.881,0.882,0.197,0.155,0.901,0.798,0.922
26,0.709,0.103,0.545,0.773,0.031,0.057,0.533,0.997,0.886,0.816,0.884,0.929,0.712,0.104,0.382,0.266,0.921,0.433,0.015,0.194,0.212,0.642,0.84,0.562,0.545,0.331,0.842,0.185,0.756,0.714,0.638,0.537,0.231,0.621,0.931,0.571,0.775,0.319,0.418,0.992,0.891,0.735,0.775,0.722,0.427,0.25,0.776,0.813,0.197,0.085,0.554,0.798,0.792,0.536,0.407,0.02,0.383,0.559,0.927,0.597,0.673,0.987,0.233,0.493
28,0.81,0.441,0.049,0.808,0.913,0.445,0.119,0.553,0.481,0.765,0.698,0.071,0.355,0.129,0.722,0.486,0.786,0.402,0.393,0.757,0.07,0.882,0.755,0.893,0.983,0.414,0.532,0.217,0.303,0.001,0.801,0.657,0.453,0.092,0.897,0.445,0.894,0.455,0.11,0.914,0.438,0.318,0.366,0.597,0.268,0.436,0.038,0.948,0.031,0.616,0.793,0.235,0.137,0.124,0.048,0.444,0.053,0.57,0.129,0.044,0.282,0.564,0.125,0.796
30,0.384,0.189,0.711,0.854,0.2,0.588,0.508,0.288,0.064,0.69,0.234,0.079,0.453,0.012,0.52,0.072,0.392,0.546,0.446,0.897,0.979,0.312,0.107,0.162,0.034,0.099,0.294,0.415,0.504,0.347,0.989,0.902,0.335,0.789,0.998,0.064,0.52,0.881,0.246,0.787,0.199,0.719,0.631,0.528,0.329,0.308,0.598,0.945,0.444,0.592,0.942,0.934,0.575,0.454,0.122,0.736,0.805,0.815,0.995,0.133,0.609,0.927,0.51,0.878
32,0.698,0.222,0.01,0.01,0.121,0.945,0.461,0.596,0.888,0.19,0.838,0.183,0.638,0.77,0.563,0.031,0.947,0.982,0.042,0.324,0.253,0.166,0.716,0.406,0.388,0.261,0.113,0.367,0.27,0.638,0.136,0.018,0.016,0.515,0.063,0.858,0.86,0.31,0.928,0.954,0.263,0.554,0.627,0.129,0.468,0.715,0.073,0.147,0.925,0.634,0.61,0.901,0.804,0.118,0.191,0.329,0.12,0.119,0.604,0.259,0.991,0.113,0.323,0.239
34,0.662,0.262,0.038,0.771,0.054,0.387,0.42,0.315,0.601,0.862,0.669,0.266,0.034,0.329,0.46,0.577,0.757,0.946,0.749,0.254,0.181,0.188,0.735,0.017,0.884,0.403,0.626,0.947,0.7,0.402,0.702,0.187,0.073,0.496,0.842,0.545,0.06,0.996,0.664,0.464,0.074,0.619,0.675,0.44,0.263,0.748,0.488,0.052,0.157,0.246,0.404,0.717,0.697,0.282,0.608,0.582,0.607,0.74,0.075,0.611,0.143,0.224,0.898,0.069
36,0.728,0.773,0.004,0.228,0.676,0.203,0.05,0.495,0.839,0.854,0.653,0.584,0.393,0.276,0.126,0.031,0.435,0.825,0.313,0.452,0.578,0.892,0.84,0.521,0.39,0.51,0.502,0.679,0.487,0.585,0.615,0.278,0.768,0.631,0.044,0.649,0.651,0.41,0.504,0.866,0.698,0.16,0.59,0.881,0.489,0.594,0.548,0.254,0.437,0.666,0.959,0.835,0.768,0.011,0.257,0.655,0.085,0.061,0.502,0.937,0.764,0.915,0.26,0.19
38,0.418,0.099,0.2,0.444,0.033,0.994,0.728,0.955,0.948,0.042,0.098,0.623,0.089,0.38,0.971,0.725,0.112,0.744,0.913,0.4,0.197,0.189,0.429,0.816,0.42,0.172,0.764,0.262,0.101,0.031,0.534,0.351,0.22,0.396,0.48,0.778,0.814,0.753,0.949,0.39,0.28,0.327,0.645,0.41,0.43,0.797,0.749,0.722,0.084,0.442,0.464,0.667,0.268,0.334,0.007,0.965,0.893,0.929,0.438,0.836,0.984,0.121,0.424,0.829
40,0.669,0.308,0.437,0.495,0.403,0.393,0.378,0.387,0.662,0.403,0.12,0.474,0.884,0.941,0.12,0.189,0.337,0.852,0.812,0.763,0.342,0.179,0.97,0.361,0.688,0.532,0.941,0.38,0.119,0.922,0.851,0.013,0.473,0.989,0.329,0.217,0.913,0.789,0.94,0.292,0.729,0.192,0.557,0.161,0.091,0.027,0.736,0.959,0.834,0.432,0.67,0.506,0.613,0.152,0.548,0.316,0.937,0.427,0.563,0.008,0.041,0.364,0.738,0.758
42,0.648,0.492,0.242,0.893,0.23,0.53,0.904,0.385,0.001,0.954,0.564,0.979,0.46,0.269,0.096,0.808,0.934,0.998,0.284,0.479,0.266,0.615,0.207,0.595,0.496,0.307,0.837,0.805,0.054,0.306,0.153,0.885,0.753,0.207,0.931,0.169,0.026,0.12,0.483,0.609,0.096,0.815,0.388,0.877,0.811,0.34,0.249,0.711,0.589,0.735,0.231,0.747,0.978,0.448,0.183,0.253,0.255,0.69,0.917,0.165,0.96,0.989,0.874,0.662
44,0.551,0.962,0.372,0.384,0.521,0.997,0.54,0.598,0.365,0.133,0.098,0.778,0.331,0.769,0.897,0.525,0.759,0.319,0.195,0.921,0.55,0.059,0.473,0.81,0.758,0.669,0.046,0.364,0.292,0.083,0.778,0.289,0.212,0.815,0.92,0.336,0.471,0.149,0.847,0.785,0.458,0.985,0.387,0.752,0.241,0.752,0.931,0.836,0.724,0.21,0.467,0.737,0.323,0.665,0.206,0.123,0.412,0.427,0.913,0.355,0.544,0.584,0.04,0.438
46,0.905,0.284,0.437,0.132,0.182,0.734,0.825,0.498,0.313,0.47,0.299,0.941,0.448,0.662,0.851,0.455,0.786,0.419,0.363,0.029,0.923,0.148,0.36,0.573,0.422,0.672,0.947,0.641,0.352,0.947,0.547,0.42,0.791,0.875,0.519,0.417,0.415,0.486,0.284,0.647,0.682,0.015,0.592,0.46,0.384,0.499,0.183,0.203,0.614,0.099,0.607,0.265,0.204,0.772,0.615,0.329,0.687,0.185,0.869,0.875,0.272,0.307,0.477,0.781
48,0.119,0.688,0.037,0.29,0.473,0.927,0.885,0.136,0.922,0.359,0.746,0.916,0.789,0.716,0.619,0.881,0.842,0.601,0.727,0.666,0.714,0.573,0.66,0.951,0.991,0.219,0.539,0.528,0.457,0.668,0.113,0.019,0.976,0.261,0.177,0.04,0.883,0.428,0.23,0.978,0.721,0.628,0.639,0.868,0.89,0.772,0.83,0.977,0.247,0.466,0.906,0.776,0.334,0.598,0.551,0.522,0.791,0.758,0.973,0.01,0.763,0.229,0.381,0.584
50,0.294,0.685,0.112,0.58,0.89,0.884,0.502,0.701,0.684,0.016,0.599,0.573,0.654,0.732,0.489,0.283,0.855,0.423,0.618,0.061,0.293,0.979,0.999,0.141,0.225,0.537,0.583,0.474,0.845,0.996,0.113,0.305,0.608,0.114,0.732,0.304,0.572,0.991,0.551,0.415,0.2,0.403,0.158,0.961,0.092,0.719,0.647,0.444,0.024,0.846,0.025,0.547,0.394,0.504,0.536,0.244,0.965,0.557,0.94,0.117,0.322,0.774,0.283,0.224
52,0.173,0.384,0.389,0.796,0.081,0.348,0.563,0.363,0.172,0.338,0.461,0.149,0.903,0.08,0.21,0.461,0.037,0.702,0.16,0.143,0.226,0.542,0.869,0.79,0.175,0.108,0.105,0.808,0.153,0.937,0.84,0.889,0.065,0.268,0.675,0.014,0.089,0.701,0.421,0.454,0.882,0.665,0.796,0.39,0.951,0.432,0.383,0.419,0.517,0.303,0.314,0.233,0.292,0.208,0.393,0.645,0.471,0.983,0.574,0.974,0.353,0.78,0.08,0.418
54,0.865,0.157,0.39,0.774,0.853,0.969,0.073,0.846,0.481,1.0,0.407,0.918,0.443,0.069,0.658,0.617,0.559,0.104,0.346,0.481,0.245,0.176,0.652,0.736,0.34,0.562,0.732,0.062,0.007,0.438,0.989,0.542,0.835,0.587,0.351,0.317,0.323,0.435,0.54,0.278,0.96,0.397,0.192,0.994,0.56,0.426,0.134,0.843,0.72,0.957,0.475,0.777,0.219,0.317,0.214,0.45,0.324,0.908,0.04,0.391,0.187,0.57,0.229,0.085
56,0.415,0.278,0.128,0.741,0.806,0.759,0.742,0.821,0.559,0.412,0.715,0.727,0.07,0.605,0.491,0.341,0.147,0.3,0.174,0.332,0.315,0.201,0.333,0.462,0.124,0.427,0.357,0.738,0.106,0.64,0.19,0.79,0.661,0.214,0.683,0.285,0.295,0.64,0.496,0.709,0.318,0.221,0.561,0.296,0.525,0.747,0.335,0.774,0.64,0.6,0.612,0.237,0.933,0.647,0.802,0.962,0.685,0.914,0.195,0.278,0.988,0.1,0.818,0.749
58,0.26,0.369,0.385,0.68,0.338,0.222,0.333,0.287,0.402,0.682,0.06,0.75,0.354,0.137,0.219,0.907,0.99,0.668,0.138,0.927,0.014,0.133,0.35,0.533,0.866,0.681,0.139,0.948,0.428,0.637,0.418,0.882,0.856,0.717,0.533,0.674,0.046,0.861,0.137,0.615,0.56,0.776,0.255,0.254,0.43,0.313,0.409,0.964,0.169,0.578,0.247,0.99,0.042,0.827,0.408,0.856,0.436,0.197,0.343,0.961,0.913,0.925,0.646,0.656
60,0.533,0.011,0.504,0.79,0.953,0.954,0.436,0.544,0.117,0.484,0.326,0.817,0.818,0.863,0.226,0.584,0.504,0.715,0.919,0.603,0.392,0.348,0.748,0.512,0.007,0.616,0.941,0.358,0.072,0.397,0.718,0.796,0.704,0.893,0.741,0.53,0.24,0.188,0.058,0.974,0.924,0.943,0.908,0.863,0.51,0.57,0.464,0.611,0.499,0.171,0.202,0.847,0.915,0.885,0.918,0.286,0.72,0.407,0.653,0.933,0.74,0.436,0.083,0.24
62,0.759,0.551,0.025,0.113,0.662,0.352,0.836,0.215,0.308,0.465,0.491,0.946,0.181,0.548,0.613,0.568,0.59,0.517,0.822,0.277,0.046,0.202,0.49,0.224,0.754,0.241,0.272,0.6,0.954,0.167,0.521,0.519,0.334,0.544,0.906,0.247,0.593,0.093,0.321,0.297,0.345,0.467,0.599,0.085,0.841,0.05,0.07,0.545,0.102,0.532,0.918,0.981,0.691,0.617,0.167,0.025,0.326,0.659,0.777,0.079,0.824,0.365,0.399,0.069
64,0.014,0.25,0.083,0.606,0.594,0.26,0.056,0.811,0.869,0.208,0.842,0.218,0.41,0.54,0.549,0.197,0.739,0.22,0.711,0.252,0.267,0.494,0.204,0.278,0.803,0.671,0.694,0.635,0.989,0.228,0.379,0.551,0.47,0.969,0.819,0.707,0.752,0.776,0.247,0.904,0.09,0.292,0.779,0.876,0.069,0.165,0.681,0.422,0.178,0.678,0.835,0.26,0.523,0.251,0.769,0.238,0.364,0.09,0.918,0.566,0.916,0.225,0.63,0.931
66,0.499,0.663,0.979,0.022,0.874,0.129,0.486,0.863,0.75,0.166,0.37,0.267,0.265,0.528,0.762,0.401,0.217,0.947,0.025,0.59,0.499,0.849,0.287,0.023,0.672,0.946,0.39,0.177,0.717,0.309,0.343,0.063,0.258,0.652,0.623,0.17,0.748,0.512,0.256,0.813,0.527,0.901,0.212,0.676,0.532,0.816,0.482,0.51,0.723,0.355,0.534,0.719,0.518,0.845,0.399,0.005,0.691,0.067,0.958,0.247,0.742,0.466,0.063,0.976
68,0.897,0.522,0.719,0.686,0.997,0.158,0.53,0.485,0.633,0.031,0.225,0.519,0.315,0.176,0.258,0.786,0.99,0.88,0.047,0.034,0.877,0.405,0.789,0.94,0.311,0.94,0.178,0.2,0.433,0.125,0.893,0.187,0.976,0.238,0.321,0.199,0.276,0.919,0.517,0.669,0.103,0.1,0.966,0.103,0.906,0.192,0.337,0.835,0.742,0.45,0.254,0.239,0.497,0.235,0.635,0.855,0.711,0.92,0.383,0.829,0.64,0.478,0.615,0.072
70,0.68,0.877,0.115,0.142,0.816,0.068,0.72,0.898,0.427,0.75,0.65,0.388,0.324,0.253,0.596,0.382,0.26,0.473,0.894,0.206,0.513,0.753,0.953,0.129,0.244,0.036,0.485,0.237,0.613,0.404,0.6,0.01,0.235,0.738,0.019,0.13,0.107,0.591,0.288,0.704,0.264,0.204,0.041,0.435,0.902,0.697,0.078,0.846,0.623,0.4,0.893,0.61,0.771,0.791,0.817,0.724,0.882,0.485,0.56,0.728,0.695,0.228,0.101,0.483
72,0.168,0.411,0.751,0.351,0.797,0.489,0.026,0.361,0.129,0.206,0.165,0.755,0.884,0.366,0.304,0.998,0.564,0.06,0.508,0.999,0.565,0.479,0.598,0.958,0.526,0.02,0.83,0.404,0.238,0.107,0.509,0.635,0.322,0.626,0.869,0.153,0.984,0.963,0.622,0.782,0.85,0.676,0.04,0.825,0.726,0.576,0.093,0.508,0.052,0.107,0.885,0.785,0.172,0.816,0.55,0.855,0.89,0.483,0.681,0.279,0.323,0.126,0.315,0.865
74,0.298,0.021,0.346,0.913,0.931,0.394,0.023,0.664,0.871,0.51,0.555,0.54,0.41,0.761,0.523,0.475,0.8,0.395,0.344,0.106,0.957,0.167,0.802,0.621,0.787,0.55,0.854,0.891,0.426,0.4,0.132,0.461,0.466,0.887,0.823,0.248,0.58,0.668,0.933,0.121,0.268,0.287,0.665,0.1,0.673,0.847,0.641,0.191,0.057,0.318,0.763,0.024,0.176,0.254,0.324,0.387,0.649,0.681,0.623,0.22,0.136,0.699,0.168,0.035
76,0.181,0.918,0.236,0.37,0.716,0.504,0.403,0.138,0.687,0.415,0.142,0.994,0.472,0.841,0.524,0.258,0.704,0.918,0.717,0.167,0.793,0.19,0.13,0.156,0.804,0.503,0.003,0.269,0.852,0.224,0.688,0.677,0.091,0.749,0.317,0.22,0.932,0.449,0.844,0.767,0.964,0.822,0.758,0.446,0.208,0.595,0.992,0.88,0.342,0.455,0.164,0.652,0.492,0.266,0.245,0.454,0.934,0.04,0.364,0.431,0.273,0.286,0.388,0.549
78,0.34,0.548,0.965,0.615,0.924,0.832,0.276,0.634,0.47,0.055,0.575,0.591,0.603,0.149,0.245,0.737,0.034,0.182,0.971,0.081,0.672,0.238,0.472,0.371,0.244,0.755,0.168,1.0,0.452,0.734,0.852,0.621,0.777,0.726,0.967,0.84,0.923,0.742,0.881,0.587,0.923,0.393,0.081,0.226,0.534,0.822,0.817,0.232,0.247,0.39,0.74,0.806,0.002,0.508,0.683,0.3,0.892,0.999,0.602,0.61,0.028,0.071,0.73,0.942
80,0.799,0.563,0.26,0.092,0.254,0.504,0.437,0.811,0.97,0.961,0.126,0.656,0.676,0.664,0.902,0.453,0.738,0.136,0.398,0.137,0.956,0.99,0.407,0.774,0.931,0.156,0.101,0.224,0.668,0.71,0.905,0.131,0.746,0.192,0.725,0.967,0.399,0.662,0.097,0.529,0.777,0.016,0.62,0.099,0.967,0.76,0.612,0.945,0.543,0.872,0.52,0.787,0.585,0.01,0.219,0.683,0.326,0.724,0.761,0.19,0.269,0.369,0.125,0.65
82,0.064,0.74,0.536,0.546,0.361,0.598,0.254,0.783,0.364,0.498,0.182,0.163,0.786,0.025,0.629,0.973,0.783,0.191,0.747,0.903,0.516,0.51,0.335,0.339,0.267,0.975,0.142,0.988,0.967,0.59,0.344,0.253,0.891,0.635,0.334,0.181,0.438,0.662,0.572,0.974,0.11,0.909,0.751,0.494,0.195,0.896,0.125,0.72,0.218,0.94,0.46,0.291,0.89,0.459,0.883,0.062,0.105,0.902,0.403,0.068,0.886,0.107,0.727,0.876
84,0.673,0.403,0.689,0.197,0.23,0.373,0.234,0.516,0.515,0.133,0.327,0.414,0.167,0.459,0.015,0.655,0.073,0.553,0.609,0.373,0.362,0.466,0.338,0.891,0.29,0.127,0.141,0.5,0.787,0.583,0.084,0.632,0.179,0.04,0.419,0.889,0.524,0.635,0.877,0.202,0.307,0.68,0.353,0.047,0.064,0.597,0.576,0.046,0.338,0.004,0.596,0.635,0.618,0.381,0.294,0.246,0.919,0.011,0.229,0.643,0.946,0.086,0.073,0.255
86,0.267,0.35,0.859,0.814,0.202,0.564,0.755,0.855,0.258,0.133,0.058,0.895,0.862,0.129,0.918,0.788,0.159,0.226,0.835,0.032,0.56,0.569,0.355,0.165,0.831,0.156,0.453,0.598,0.473,0.674,0.825,0.417,0.634,0.742,0.543,0.942,0.872,0.049,0.05,0.699,0.03,0.222,0.094,0.622,0.902,0.986,0.367,0.518,0.589,0.357,0.264,0.883,0.322,0.55,0.992,0.692,0.982,0.798,0.479,0.921,0.131,0.268,0.247,0.253
88,0.108,0.622,0.287,0.821,0.921,0.047,0.074,0.682,0.324,0.718,0.449,0.137,0.262,0.399,0.088,0.408,0.354,0.837,0.81,0.382,0.076,0.246,0.087,0.545,0.358,0.584,0.61,0.086,0.041,0.041,0.69,0.959,0.698,0.9,0.999,0.083,0.031,0.014,0.67,0.433,0.999,0.625,0.508,0.259,0.395,0.617,0.09,0.792,0.833,0.665,0.881,0.69,0.78,0.442,0.458,0.877,0.668,0.368,0.105,0.168,0.576,0.098,0.575,0.865
90,0.231,0.374,0.242,0.134,0.995,0.78,0.756,0.22,0.119,0.281,0.922,0.306,0.431,0.717,0.944,0.228,0.233,0.472,0.449,0.599,0.501,0.711,0.096,0.146,0.913,0.404,0.142,0.854,0.163,0.866,0.786,0.684,0.631,0.151,0.976,0.953,0.15,0.332,0.036,0.119,0.733,0.698,0.188,0.16,0.078,0.785,0.897,0.162,0.387,0.921,0.037,0.119,0.498,0.853,0.155,0.274,0.023,0.247,0.688,0.977,0.564,0.195,0.384,0.502
92,0.941,0.038,0.677,0.352,0.156,0.708,0.807,0.295,0.847,0.723,0.618,0.726,0.933,0.585,0.197,0.176,0.313,0.58,0.708,0.496,0.383,0.453,0.509,0.243,0.02,0.711,0.458,0.314,0.455,0.603,0.814,0.033,0.211,0.977,0.774,0.305,0.444,0.777,0.666,0.001,0.004,0.233,0.062,0.926,0.153,0.092,0.338,0.926,0.067,0.416,0.943,0.439,0.896,0.374,0.973,0.808,0.048,0.417,0.547,0.95,0.913,0.382,0.295,0.897
94,0.166,0.279,0.226,0.029,0.539,0.166,0.696,0.483,0.832,0.513,0.874,0.754,0.762,0.744,0.759,0.473,0.519,0.205,0.748,0.486,0.274,0.768,0.9,0.238,0.586,0.891,0.368,0.268,0.022,0.529,0.958,0.384,0.326,0.511,0.448,0.477,0.713,0.414,0.159,0.049,0.451,0.028,0.421,0.597,0.098,0.822,0.531,0.601,0.422,0.485,0.103,0.105,0.753,0.549,0.03,0.743,0.584,0.585,0.635,0.945,0.936,0.157,0.86,0.762
96,0.111,0.892,0.665,0.984,0.562,0.965,0.211,0.443,0.082,0.082,0.848,0.406,0.03,0.22,0.612,0.649,0.037,0.129,0.192,0.451,0.94,0.805,0.891,0.491,0.561,0.619,0.085,0.44,0.311,0.09,0.477,0.193,0.183,0.066,0.239,0.978,0.4,0.276,0.45,0.102,0.42,0.512,0.443,0.513,0.372,0.498,0.239,0.003,0.119,0.038,0.872,0.772,0.578,0.276,0.92,0.686,0.876,0.592,0.599,0.69,0.957,0.453,0.464,0.735
98,0.209,0.663,0.342,0.915,0.599,0.94,0.124,0.895,0.484,0.39,0.074,0.424,0.199,0.134,0.925,0.748,0.494,0.763,0.078,0.049,0.924,0.781,0.655,0.195,0.522,0.17,0.979,0.937,0.992,0.754,0.928,0.499,0.881,0.2,0.315,0.413,0.322,0.199,0.789,0.687,0.083,0.196,0.562,0.293,0.453,0.382,0.891,0.435,0.302,0.604,0.672,0.343,0.759,0.55,0.411,0.434,0.229,0.265,0.337,0.332,0.296,0.804,0.092,0.277
100,0.399,0.148,0.988,0.158,0.024,0.525,0.401,0.897,0.665,0.592,0.664,0.262,0.621,0.394,0.55,0.344,0.677,0.241,0.7,0.032,0.092,0.046,0.807,0.3,0.737,0.165,0.324,0.658,0.439,0.577,0.636,0.095,0.314,0.604,0.282,0.242,0.849,0.531,0.056,0.691,0.496,0.988,0.286,0.441,0.168,0.648,0.023,0.992,0.603,0.573,0.63,0.673,0.598,0.791,0.813,0.041,0.358,0.586,0.027,0.332,0.521,0.324,0.923,0.013
102,0.383,0.887,0.144,0.143,0.029,0.324,0.086,0.897,0.234,0.738,0.58,0.849,0.824,0.516,0.185,0.207,0.418,0.249,0.947,0.059,0.006,0.658,0.503,0.353,0.383,0.672,0.83,0.542,0.648,0.998,0.452,0.418,0.581,0.09,0.08,0.497,0.924,0.571,0.384,0.661,0.138,0.262,0.472,0.393,0.163,0.441,0.925,0.511,0.633,0.399,0.806,0.348,0.95,0.938,0.605,0.539,0.465,0.457,0.894,0.777,0.773,0.767,0.001,0.804
104,0.989,0.556,0.125,0.506,0.269,0.31,0.369,0.319,0.706,0.149,0.534,0.136,0.393,0.536,0.184,0.652,0.851,0.352,0.153,0.845,0.763,0.824,0.207,0.014,0.184,0.93,0.351,0.019,0.561,0.502,0.813,0.763,0.094,0.55,0.806,0.399,0.33,0.697,0.032,0.192,0.324,0.739,0.076,0.441,0.56,0.366,0.425,0.846,0.084,0.8,0.019,0.015,0.711,0.14,0.485,0.659,0.47,0.46,0.796,0.299,0.263,0.717,0.26,0.958
106,0.845,0.35,0.914,0.928,0.336,0.123,0.89,0.463,0.525,0.299,0.182,0.388,0.172,0.535,0.538,0.923,0.646,0.614,0.906,0.993,0.885,0.305,0.791,0.338,0.503,0.163,0.439,0.171,0.828,0.915,0.465,0.619,0.435,0.234,0.713,0.985,0.236,0.782,0.736,0.888,0.319,0.861,0.575,0.595,0.466,0.226,0.584,0.131,0.745,0.987,0.586,0.119,0.569,0.75,0.484,0.981,0.566,0.392,0.993,0.775,0.53,0.18,0.302,0.058
108,0.748,0.433,0.217,0.676,0.915,0.852,0.332,0.159,0.25,0.709,0.583,0.166,0.5,0.882,0.808,0.261,0.829,0.083,0.767,0.319,0.92,0.105,0.301,0.213,0.086,0.84,0.722,0.74,0.443,0.896,0.864,0.185,0.052,0.474,0.275,0.32,0.387,0.133,0.467,0.678,0.265,0.637,0.767,0.227,0.536,0.26,0.594,0.932,0.344,0.437,0.912,0.229,0.959,0.046,0.621,0.324,0.441,0.831,0.778,0.602,0.006,0.864,0.384,0.155
110,0.522,0.01,0.761,0.669,0.954,0.16,0.702,0.042,0.396,0.04,0.512,0.834,0.386,0.856,0.805,0.492,0.692,0.93,0.424,0.709,0.691,0.351,0.279,0.894,0.801,0.501,0.99,0.595,0.337,0.585,0.889,0.058,0.574,0.626,0.232,0.226,0.946,0.881,0.874,0.437,0.337,0.389,0.776,0.628,0.932,0.927,0.992,0.678,0.271,0.514,0.613,0.837,0.201,0.945,0.76,0.195,0.544,0.215,0.795,0.332,0.821,0.407,0.319,0.438
112,0.725,0.956,0.885,0.583,0.649,0.929,0.896,0.243,0.903,0.695,0.137,0.192,0.504,0.865,0.152,0.71,0.769,0.709,0.188,0.538,0.274,0.169,0.29,0.782,0.937,0.656,0.659,0.134,0.099,0.025,0.587,0.315,0.608,0.492,0.156,0.902,0.246,0.809,0.024,0.038,0.149,0.638,0.494,0.775,0.598,0.511,0.23,0.432,0.303,0.807,0.387,0.488,0.317,0.146,0.203,0.908,0.908,0.885,0.588,0.15,0.603,0.361,0.942,0.193
114,0.371,0.44,0.398,0.264,0.946,0.376,0.037,0.622,0.005,0.551,0.324,0.275,0.331,0.34,0.54,0.378,0.393,0.191,0.924,0.363,0.134,0.995,0.974,0.338,0.037,0.846,0.943,0.433,0.932,0.123,0.396,0.584,0.229,0.78,0.678,0.017,0.674,0.245,0.735,0.621,0.184,0.823,0.409,0.503,0.074,0.381,0.929,0.211,0.752,0.569,0.371,0.413,0.112,0.041,0.621,0.747,0.733,0.862,0.714,0.299,0.116,0.311,0.82,0.182
116,0.342,0.973,0.066,0.326,0.543,0.735,0.918,0.256,0.02,0.231,0.908,0.648,0.811,0.253,0.496,0.485,0.285,0.464,0.094,0.01,0.339,0.398,0.128,0.888,0.527,0.078,0.28,0.774,0.078,0.279,0.818,0.395,0.29,0.543,0.738,0.212,0.594,0.734,0.627,0.877,0.427,0.11,0.887,0.929,0.816,0.609,0.683,0.744,0.106,0.281,0.247,0.066,0.468,0.307,0.158,0.256,0.624,0.388,0.214,0.54,0.604,0.342,0.504,0.505
118,0.914,0.843,0.021,0.149,0.077,0.569,0.016,0.747,0.258,0.782,0.891,0.247,0.102,0.006,0.623,0.686,0.87,0.695,0.095,0.091,0.358,0.895,0.796,0.137,0.253,0.015,0.013,0.713,0.579,0.712,0.78,0.428,0.809,0.762,0.082,0.726,0.571,0.02,0.307,0.406,0.078,0.714,0.607,0.885,0.421,0.172,0.109,0.217,0.04,0.647,0.227,0.054,0.45,0.665,0.482,0.673,0.063,0.48,0.059,0.125,0.247,0.833,0.2,0.825
120,0.361,0.992,0.476,0.59,0.335,0.962,0.516,0.031,0.112,0.727,0.579,0.522,0.395,0.094,0.128,0.757,0.452,0.555,0.086,0.402,0.747,0.271,0.371,0.354,0.243,0.627,0.72,0.297,0.723,0.721,0.406,0.247,0.582,0.88,0.137,0.416,0.04,0.718,0.719,0.539,0.037,0.148,0.081,0.811,0.362,0.054,0.419,0.909,0.947,0.219,0.308,0.665,0.15,0.312,0.737,0.638,0.315,0.574,0.579,0.819,0.148,0.15,0.56,0.776
122,0.534,0.602,0.351,0.484,0.598,0.015,0.558,0.058,0.686,0.335,0.401,0.618,0.946,0.389,0.289,0.936,0.302,0.609,0.746,0.815,0.518,0.982,0.382,0.121,0.209,0.808,0.638,0.732,0.122,0.574,0.292,0.548,0.785,0.043,0.558,0.426,0.274,0.749,0.172,0.735,0.896,0.204,0.636,0.346,0.385,0.052,0.038,0.599,0.698,0.148,0.718,0.696,0.297,0.328,0.252,0.601,0.326,0.296,0.502,0.603,0.38,0.391,0.813,0.535
124,0.049,0.027,0.315,0.689,0.315,0.391,0.713,0.28,0.292,0.586,0.761,0.31,0.606,0.401,0.675,0.837,0.165,0.551,0.367,0.774,0.478,0.813,0.13,0.224,0.408,0.863,0.425,0.623,0.693,0.98,0.974,0.658,0.595,0.924,0.49,0.911,0.733,0.367,0.522,0.221,0.886,0.018,0.722,0.651,0.633,0.404,0.041,0.128,0.002,0.895,0.995,0.533,0.336,0.456,0.79,0.232,0.595,0.942,0.317,0.976,0.889,0.007,0.333,0.064
126,0.183,0.271,0.138,0.665,0.059,0.701,0.637,0.419,0.854,0.144,0.467,0.657,0.328,0.093,0.969,0.282,0.145,0.555,0.307,0.614,0.877,0.84,0.912,0.817,0.231,0.889,0.655,0.805,0.143,0.727,0.191,0.545,0.9,0.754,0.056,0.196,0.841,0.756,0.909,0.902,0.788,0.507,0.27,0.594,0.378,0.286,0.409,0.906,0.008,0.823,0.07,0.37,0.784,0.751,0.524,0.862,0.291,0.262,0.534,0.563,0.273,0.836,0.031,0.354
128,0.542,0.391,0.756,0.349,0.043,0.184,0.176,0.386,0.451,0.498,0.185,0.017,0.696,0.292,0.751,0.64,0.245,0.005,0.396,0.277,0.442,0.051,0.069,0.545,0.936,0.945,0.153,0.857,0.585,0.562,0.789,0.085,0.608,0.136,0.416,0.272,0.754,0.873,0.795,0.461,0.369,0.205,0.178,0.016,0.529,0.654,0.964,0.62,0.383,0.367,0.858,0.497,0.577,0.112,0.033,0.372,0.335,0.346,0.76,0.12,0.057,0.395,0.726,0.61
130,0.603,0.595,0.525,0.582,0.689,0.128,0.456,0.498,0.637,0.762,0.94,0.855,0.621,0.75,0.934,0.973,0.406,0.894,0.687,0.515,0.621,0.975,0.691,0.647,0.483,0.295,0.387,0.892,0.923,0.464,0.223,0.676,0.478,0.726,0.912,0.69,0.732,0.131,0.57,0.916,0.105,0.871,0.178,0.765,0.101,0.537,0.947,0.94,0.757,0.384,0.827,0.113,0.87,0.154,0.281,0.79,0.703,0.412,0.666,0.849,0.081,0.729,0.498,0.75
132,0.818,0.943,0.891,0.474,0.712,0.989,0.255,0.941,0.166,0.402,0.167,0.871,0.242,0.958,0.356,0.426,0.433,0.692,0.66,0.272,0.45,0.754,0.07,0.763,0.671,0.726,0.336,0.442,0.571,0.682,0.669,0.901,0.156,0.124,0.346,0.491,0.716,0.517,0.074,0.786,0.803,0.809,0.243,0.36,0.875,0.513,0.384,0.811,0.286,0.221,0.985,0.677,0.454,0.036,0.714,0.97,0.125,0.44,0.126,0.937,0.593,0.822,0.851,0.31
134,0.532,0.448,0.344,0.167,0.64,0.795,0.741,0.812,0.544,0.888,0.818,0.184,0.609,0.531,0.801,0.156,0.618,0.865,0.15,0.159,0.116,0.947,0.232,0.147,0.283,0.682,0.029,0.668,0.849,0.212,0.973,0.849,0.468,0.646,0.541,0.059,0.184,0.894,0.719,0.323,0.861,0.136,0.155,0.973,0.022,0.071,0.127,0.377,0.519,0.005,0.051,0.864,0.031,0.142,0.268,0.959,0.896,0.95,0.72,0.482,0.689,0.557,0.132,0.484
136,0.683,0.577,0.448,0.409,0.489,0.309,0.916,0.684,0.225,0.997,0.005,0.056,0.919,0.156,0.869,0.414,0.719,0.36,0.168,0.917,0.029,0.889,0.674,0.157,0.338,0.954,0.285,0.816,0.354,0.202,0.191,0.017,0.556,0.98,0.342,0.456,0.508,0.599,0.002,0.199,0.146,0.091,0.127,0.991,0.718,0.364,0.237,0.577,0.027,0.285,0.708,0.676,0.103,0.571,0.561,0.438,0.015,0.842,0.808,0.958,0.432,0.097,0.094,0.442
138,0.571,0.52,0.454,0.742,0.831,0.873,0.934,0.197,0.246,0.65,0.188,0.037,0.948,0.159,0.175,0.522,0.792,0.028,0.086,0.393,0.555,0.035,0.784,0.935,0.513,0.732,0.211,0.026,0.786,0.87,0.919,0.385,0.09,0.12,0.081,0.136,0.296,0.654,0.677,0.279,0.378,0.587,0.955,0.007,0.858,0.952,0.722,0.812,0.011,0.727,0.871,0.373,0.287,0.075,0.15,0.806,0.216,0.411,0.544,0.689,0.191,0.653,0.674,0.544
140,0.275,0.275,0.536,0.592,0.127,0.928,0.654,0.064,0.876,0.736,0.17,0.416,0.591,0.795,0.535,0.978,0.53,0.123,0.582,0.379,0.648,0.376,0.166,0.379,0.903,0.286,0.061,0.81,0.825,0.11,0.408,0.941,0.751,0.024,0.651,0.598,0.717,0.043,0.988,0.097,0.117,0.886,0.735,0.126,0.689,0.378,0.707,0.406,0.172,0.488,0.397,0.282,0.043,0.564,0.846,0.19,0.612,0.819,0.476,0.143,0.51,0.481,0.266,0.744
142,0.979,0.045,0.751,0.912,0.462,0.083,0.724,0.756,0.397,0.767,0.729,0.541,0.327,0.122,0.679,0.911,0.774,0.499,0.43,0.491,0.558,0.329,0.719,0.29,0.74,0.695,0.943,0.456,0.81,0.22,0.294,0.495,0.876,0.857,0.684,0.964,0.265,0.076,0.489,0.048,0.428,0.708,0.467,0.856,0.042,0.059,0.245,0.462,0.041,0.696,0.528,0.957,0.866,0.409,0.88,0.604,0.219,0.248,0.449,0.027,0.192,0.399,0.658,0.301
144,0.431,0.326,0.315,0.888,0.125,0.876,0.592,0.287,0.078,0.303,0.328,0.614,0.711,0.775,0.01,0.307,0.737,0.066,0.868,0.217,0.018,0.842,0.756,0.374,0.307,0.662,0.291,0.632,0.261,0.889,0.1,0.122,0.956,0.935,0.564,0.031,0.808,0.637,0.703,0.685,0.282,0.321,0.006,0.212,0.526,0.357,0.075,0.579,0.288,0.098,0.66,0.824,0.485,0.384,0.957,0.725,0.145,0.519,0.569,0.864,0.785,0.056,0.67,0.028
146,0.497,0.713,0.826,0.866,0.89,0.251,0.802,0.944,0.371,0.272,0.442,0.953,0.272,0.76,0.791,0.614,0.881,0.834,0.877,0.917,0.212,0.435,0.505,0.084,0.492,0.639,0.412,0.547,0.734,0.48,0.249,0.676,0.593,0.066,0.107,0.226,0.076,0.613,0.479,0.285,0.027,0.907,0.186,0.489,0.138,0.072,0.473,0.789,0.62,0.873,0.646,0.149,0.892,0.411,0.812,0.32,0.834,0.275,0.947,0.999,0.919,0.651,0.79,0.429
148,0.548,0.906,0.295,0.71,0.686,0.883,0.291,0.094,0.114,0.592,0.8,0.528,0.425,0.312,0.705,0.102,0.535,0.044,0.944,0.437,0.132,0.193,0.787,0.355,0.875,0.983,0.564,0.772,0.036,0.105,0.523,0.671,0.269,0.235,0.557,0.769,0.243,0.975,0.368,0.489,0.31,0.205,0.103,0.272,0.772,0.196,0.029,0.266,0.692,0.6,0.872,0.468,0.52,0.056,0.955,0.432,0.106,0.742,0.733,0.038,0.447,0.108,0.508,0.477
150,0.915,0.757,0.167,0.356,0.393,0.985,0.693,0.73,0.371,0.452,0.269,0.97,0.971,0.006,0.441,0.747,0.446,0.574,0.807,0.5,0.36,0.405,0.177,0.395,0.633,0.234,0.164,0.653,0.291,0.567,0.083,0.713,0.291,0.646,0.665,0.196,0.18,0.276,0.458,0.853,0.344,0.303,0.559,0.414,0.343,0.563,0.682,0.951,0.822,0.501,0.573,0.377,0.207,0.561,0.304,0.697,0.458,0.646,0.765,0.375,0.678,0.897,0.798,0.648
152,0.416,0.235,0.042,0.091,0.834,0.021,0.761,0.331,0.075,0.969,0.835,0.805,0.769,0.423,0.253,0.187,0.497,0.737,0.303,0.146,0.543,0.129,0.862,0.082,0.278,0.608,0.69,0.887,0.718,0.6,0.662,0.871,0.903,0.322,0.52,0.316,0.312,0.053,0.046,0.31,0.615,0.561,0.724,0.227,0.239,0.92,0.398,0.526,0.759,0.276,0.397,0.663,0.62,0.581,0.883,0.219,0.389,0.055,0.355,0.607,0.148,0.439,0.331,0.831
154,0.781,0.817,0.192,0.182,0.262,0.506,0.374,0.537,0.712,0.31,0.206,0.445,0.274,0.969,0.382,0.107,0.858,0.139,0.234,0.963,0.529,0.787,0.707,0.261,0.352,0.133,0.486,0.188,0.017,0.437,0.423,0.35,0.652,0.058,0.381,0.562,0.786,0.654,0.855,0.307,0.637,0.77,0.887,0.813,0.403,0.732,0.495,0.117,0.179,0.482,0.667,0.696,0.88,0.954,0.092,0.195,0.824,0.74,0.268,0.13,0.484,0.122,0.517,0.479
156,0.345,0.547,0.144,0.462,0.838,0.548,0.784,0.768,0.031,0.453,0.318,0.871,0.662,0.069,0.837,0.405,0.656,0.628,0.235,0.821,0.348,0.554,0.426,0.264,0.784,0.699,0.782,0.116,0.361,0.177,0.492,0.167,0.458,0.244,0.337,0.012,0.729,0.276,0.256,0.942,0.988,0.714,0.933,0.118,0.766,0.462,0.212,0.353,0.622,0.002,0.037,0.663,0.996,0.391,0.257,0.422,0.008,0.686,0.592,0.524,0.776,0.3,0.92,0.789
158,0.686,0.315,0.655,0.422,0.401,0.52,0.242,0.137,0.268,0.122,0.6,0.349,0.634,0.947,0.433,0.388,0.759,0.381,0.406,0.269,0.184,0.391,0.852,0.318,0.525,0.932,0.973,0.378,0.01,0.547,0.879,0.314,0.821,0.235,0.67,0.413,0.349,0.229,0.267,0.436,0.271,0.964,0.915,0.422,0.173,0.277,0.108,0.377,0.821,0.64,0.642,0.822,0.222,0.09,0.7,0.309,0.976,0.776,0.623,0.234,0.906,0.464,0.08,0.533
160,0.499,0.626,0.384,0.942,0.84,0.985,0.654,0.163,0.112,0.248,0.249,0.644,0.394,0.278,0.939,0.332,0.684,0.029,0.068,0.139,0.656,0.391,0.194,0.163,0.294,0.877,0.871,0.867,0.766,0.349,0.673,0.156,0.851,0.776,0.935,0.765,0.178,0.671,0.868,0.01,0.73,0.434,0.635,0.175,0.139,0.166,0.799,0.675,0.099,0.016,0.394,0.072,0.999,0.045,0.937,0.33,0.539,0.354,0.258,0.388,0.883,0.055,0.008,0.637
162,0.004,0.668,0.369,0.802,0.716,0.275,0.249,0.584,0.208,0.589,0.762,0.536,0.963,0.869,0.146,0.4,0.237,0.292,0.454,0.66,0.306,0.146,0.864,0.427,0.975,0.856,0.843,0.997,0.711,0.845,0.809,0.172,0.027,0.536,0.217,0.396,0.693,0.219,0.032,0.617,0.508,0.896,0.818,0.453,0.943,0.383,0.363,0.177,0.379,0.06,0.834,0.355,0.524,0.118,0.827,0.984,0.723,0.436,0.081,0.456,0.539,0.39,0.762,0.297
164,0.327,0.791,0.25,0.326,0.741,0.573,0.222,0.357,0.116,0.294,0.322,0.926,0.008,0.015,0.229,0.741,0.99,0.879,0.968,0.398,0.774,0.292,0.235,0.341,0.063,0.705,0.954,0.411,0.877,0.452,0.482,0.536,0.702,0.671,0.522,0.911,0.477,0.864,0.003,0.763,0.858,0.95,0.442,0.902,0.724,0.571,0.66,0.043,0.005,0.321,0.491,0.153,0.105,0.172,0.4,0.738,0.091,0.984,0.001,0.701,0.158,0.877,0.911,0.604
166,0.349,0.169,0.886,0.167,0.922,0.12,0.852,0.51,0.012,0.421,0.363,0.437,0.101,0.558,0.138,0.186,0.386,0.165,0.258,0.779,0.603,0.789,0.567,0.906,0.929,0.819,0.462,0.407,0.628,0.463,0.106,0.626,0.09,0.695,0.166,0.104,0.766,0.181,0.973,0.409,0.709,0.483,0.039,0.989,0.857,0.563,0.123,0.082,0.573,0.496,0.068,0.62,0.061,0.543,0.528,0.715,0.533,0.426,0.005,0.309,0.398,0.811,0.985,0.166
168,0.829,0.727,0.553,0.985,0.068,0.314,0.689,0.68,0.818,0.801,0.124,0.751,0.305,0.234,0.403,0.885,0.067,0.403,0.456,0.533,0.048,0.504,0.039,0.163,0.007,0.986,0.751,0.126,0.888,0.88,0.639,0.959,0.239,0.205,0.586,0.717,0.997,0.46,0.524,0.544,0.642,0.195,0.99,0.127,0.908,0.752,0.097,0.636,0.184,0.062,0.305,0.873,0.313,0.982,0.006,0.886,0.157,0.358,0.983,0.904,0.086,0.135,0.948,0.797
170,0.465,0.897,0.212,0.799,0.776,0.18,0.016,0.72,0.448,0.361,0.38,0.419,0.414,0.594,0.613,0.596,0.538,0.89,0.211,0.502,0.356,0.044,0.06,0.85,0.668,0.93,0.123,0.569,0.26,0.805,0.932,0.579,0.817,0.838,0.456,0.065,0.967,0.758,0.566,0.692,0.963,0.319,0.452,0.87,0.466,0.261,0.772,0.916,0.513,0.795,0.643,0.938,0.604,0.175,0.711,0.556,0.642,0.705,0.194,0.835,0.972,0.985,0.958,0.467
172,0.177,0.559,0.03,0.809,0.933,0.051,0.087,0.655,0.908,0.65,0.793,0.777,0.096,0.062,0.76,0.943,0.111,0.001,0.74,0.651,0.405,0.414,0.883,0.963,0.585,0.164,0.362,0.064,0.018,0.432,0.994,0.773,0.118,0.643,0.932,0.927,0.812,0.095,0.539,0.431,0.302,0.671,0.486,0.337,0.855,0.4,0.41,0.755,0.997,0.773,0.483,0.989,0.618,0.342,0.648,0.865,0.884,0.506,0.725,0.519,0.529,0.112,0.197,0.724
174,0.345,0.07,0.185,0.495,0.965,0.053,0.541,0.21,0.019,0.74,0.554,0.965,0.122,0.514,0.653,0.229,0.976,0.169,0.786,0.267,0.147,0.234,0.502,0.788,0.287,0.11,0.57,0.649,0.727,0.325,0.468,0.079,0.24,0.289,0.678,0.913,0.791,0.056,0.611,0.643,0.278,0.346,0.277,0.38,0.439,0.468,0.058,0.505,0.639,0.071,0.644,0.086,0.978,0.228,0.879,0.52,0.595,0.296,0.955,0.32,0.488,0.337,0.35,0.128
176,0.129,0.924,0.187,0.779,0.866,0.211,0.837,0.837,0.446,0.778,0.336,0.167,0.22,0.339,0.879,0.149,0.344,0.925,0.009,0.776,0.672,0.708,0.831,0.151,0.44,0.965,0.558,0.28,0.676,0.133,0.231,0.573,0.766,0.786,0.035,0.568,0.739,0.476,0.383,0.478,0.108,0.969,0.927,0.527,0.938,0.05,0.035,0.141,0.539,0.185,0.77,0.898,0.606,0.031,0.646,0.222,0.49,0.055,0.635,0.452,0.903,0.86,0.419,0.54
178,0.327,0.633,0.642,0.613,0.524,0.364,0.277,0.78,0.275,0.323,0.453,0.955,0.902,1.0,0.59,0.068,0.748,0.345,0.796,0.839,0.153,0.24,0.334,0.355,0.081,0.955,0.302,0.51,0.556,0.154,0.834,0.526,0.552,0.861,0.862,0.548,0.553,0.71,0.415,0.568,0.415,0.678,0.94,0.626,0.279,0.426,0.47,0.808,0.0,0.123,0.347,0.827,0.501,0.883,0.653,0.063,0.455,0.458,0.601,0.097,0.894,0.276,0.172,0.88
180,0.272,0.43,0.34,0.459,0.338,0.696,0.644,0.666,0.107,0.844,0.675,0.24,0.308,0.112,0.402,0.644,0.144,0.859,0.135,0.173,0.758,0.316,0.474,0.618,0.947,0.89,0.742,0.666,1.0,0.372,0.169,0.444,0.465,0.641,0.888,0.766,0.106,0.295,0.051,0.414,0.748,0.435,0.652,0.429,0.112,0.157,0.001,0.946,0.733,0.011,0.625,0.609,0.819,0.01,0.828,0.632,0.505,0.622,0.539,0.65,0.703,0.11,0.818,0.661
182,0.103,0.355,0.526,0.054,0.904,0.127,0.631,0.189,0.874,0.731,0.46,0.741,0.72,0.44,0.924,0.204,0.808,0.969,0.333,0.28,0.473,0.181,0.319,0.859,0.089,0.965,0.036,0.572,0.485,0.16,0.097,0.24,0.888,0.725,0.266,0.776,0.305,0.019,0.534,0.664,0.653,0.504,0.573,0.412,0.298,0.092,0.114,0.531,0.891,0.544,0.939,0.966,0.154,0.31,0.562,0.634,0.983,0.248,0.753,0.172,0.305,0.741,0.403,0.141
184,0.904,0.205,0.388,0.151,0.529,0.881,0.285,0.048,0.363,0.705,0.733,0.87,0.942,0.811,0.404,0.836,0.267,0.644,0.058,0.639,0.817,0.335,0.916,0.385,0.516,0.672,0.601,0.032,0.561,0.099,0.201,0.838,0.803,0.791,0.319,0.352,0.425,0.13,0.115,0.337,0.115,0.358,0.725,0.294,0.326,0.444,0.149,0.974,0.019,0.939,0.166,0.772,0.941,0.263,0.333,0.876,0.117,0.148,0.321,0.863,0.077,0.814,0.58,0.034
186,0.457,0.765,0.433,0.855,0.386,0.379,0.845,0.314,0.734,0.805,0.519,0.391,0.26,0.36,0.673,0.804,0.21,0.985,0.773,0.422,0.409,0.609,0.9,0.285,0.33,0.615,0.594,0.953,0.242,0.385,0.023,0.343,0.655,0.662,0.91,0.844,0.629,0.772,0.711,0.522,0.26,0.206,0.179,0.087,0.666,0.674,0.842,0.026,0.214,0.98,0.982,0.914,0.575,0.867,0.318,0.46,0.499,0.929,0.096,0.492,0.207,0.859,0.206,0.834
188,0.58,0.817,0.168,0.745,0.126,0.408,0.017,0.508,0.862,0.2,0.491,0.378,0.722,0.86,0.754,0.688,0.937,0.945,0.94,0.409,0.944,0.516,0.279,0.457,0.237,0.259,0.987,0.43,0.496,0.991,0.898,0.187,0.505,0.57,0.526,0.075,0.503,0.226,0.985,0.523,0.845,0.52,0.919,0.643,0.182,0.145,0.831,0.995,0.422,0.102,0.241,0.287,0.608,0.705,0.722,0.026,0.972,0.522,0.028,0.639,0.365,0.224,0.613,0.656
190,0.328,0.257,0.078,0.663,0.527,0.731,0.566,0.954,0.274,0.646,0.509,0.793,0.432,0.781,0.268,0.501,0.25,0.501,0.899,0.742,0.673,0.511,0.398,0.501,0.37,0.699,0.296,0.581,0.699,0.498,0.04,0.108,0.452,0.608,0.955,0.485,0.687,0.957,0.463,0.994,0.457,0.077,0.349,0.19,0.166,0.314,0.887,0.213,0.183,0.304,0.415,0.291,0.184,0.756,0.202,0.395,0.7,0.52,0.848,0.594,0.716,0.486,0.639,0.429
192,0.958,0.915,0.138,0.116,0.141,0.044,0.828,0.545,0.4,0.688,0.229,0.0,0.631,0.369,0.537,0.569,0.301,0.994,0.103,0.85,0.749,0.067,0.589,0.633,0.931,0.266,0.724,0.698,0.427,0.614,0.961,0.733,0.847,0.444,0.515,0.921,0.134,0.967,0.833,0.529,0.004,0.601,0.221,0.915,0.554,0.08,0.454,0.577,0.496,0.362,0.161,0.344,0.541,0.759,0.507,0.553,0.025,0.177,0.482,0.31,0.755,0.717,0.615,0.328
194,0.11,0.236,0.072,0.365,0.743,0.676,0.209,0.436,0.249,0.422,0.129,0.045,0.204,0.984,0.852,0.691,0.606,0.465,0.69,0.841,0.309,0.256,0.84,0.727,0.495,0.339,0.203,0.797,0.459,0.335,0.731,0.055,0.067,0.851,0.987,0.696,0.868,0.089,0.32,1.0,0.566,0.386,0.29,0.874,0.059,0.832,0.306,0.792,0.49,0.669,0.456,0.868,0.425,0.796,0.649,0.59,0.847,0.559,0.653,0.574,0.362,0.903,0.734,0.443
196,0.489,0.726,0.253,0.896,0.051,0.209,0.877,0.945,0.615,0.643,0.062,0.322,0.323,0.879,0.381,0.795,0.838,0.121,0.142,0.828,0.416,0.121,0.022,0.242,0.332,0.619,0.42,0.983,0.235,0.451,0.03,0.036,0.037,0.461,0.069,0.765,0.196,0.421,0.271,0.001,0.605,0.288,0.128,0.599,0.183,0.526,0.115,0.498,0.494,0.191,0.731,0.846,0.846,0.659,0.842,0.866,0.805,0.321,0.99,0.291,0.387,0.453,0.11,0.42
198,0.661,0.959,0.042,0.397,0.673,0.793,0.019,0.108,0.444,0.789,0.037,0.929,0.538,0.558,0.299,0.871,0.803,0.685,0.087,0.92,0.627,0.472,0.071,0.436,0.676,0.397,0.999,0.384,0.385,0.574,0.689,0.472,0.793,0.728,0.83,0.572,0.925,0.404,0.208,0.338,0.636,0.922,0.07,0.503,0.062,0.311,0.253,0.262,0.706,0.786,0.512,0.406,0.214,0.274,0.972,0.637,0.256,0.07,0.948,0.909,0.911,0.737,0.359,0.686
200,0.818,0.737,0.464,0.025,0.215,0.789,0.458,0.033,0.698,0.134,0.536,0.663,0.883,0.682,0.388,0.412,0.997,0.039,0.503,0.453,0.919,0.619,0.614,0.189,0.949,0.924,0.117,0.499,0.513,0.745,0.934,0.089,0.095,0.843,0.518,0.169,0.201,0.435,0.656,0.501,0.717,0.397,0.071,0.397,0.085,0.494,0.765,0.697,0.404,0.294,0.315,0.058,0.903,0.972,0.997,0.132,0.748,0.802,0.883,0.564,0.972,0.157,0.729,0.064
202,0.743,0.432,0.699,0.147,0.717,0.34,0.061,0.188,0.074,0.002,0.153,0.579,0.962,0.051,0.508,0.043,0.224,0.935,0.499,0.215,0.903,0.665,0.108,0.804,0.624,0.967,0.473,0.508,0.295,0.542,0.195,0.191,0.439,0.11,0.993,0.563,0.462,0.664,0.411,0.667,0.153,0.17,0.768,0.235,0.532,0.229,0.878,0.798,0.814,0.378,0.937,0.099,0.398,0.343,0.209,0.868,0.31,0.338,0.089,0.165,0.725,0.729,0.886,0.854
204,0.515,0.465,0.834,0.081,0.622,0.617,0.524,0.577,0.57,0.901,0.789,0.501,0.164,0.07,0.763,0.615,0.955,0.562,0.482,0.618,0.234,0.191,0.218,0.309,0.145,0.494,0.554,0.646,0.396,0.583,0.916,0.274,0.52,0.729,0.91,0.733,0.965,0.137,0.271,0.812,0.159,0.794,0.647,0.277,0.179,0.736,0.555,0.882,0.54,0.388,0.981,0.78,0.098,0.148,0.736,0.835,0.436,0.329,0.527,0.6,0.415,0.107,0.246,0.69
206,0.489,0.95,0.92,0.654,0.428,0.15,0.498,0.876,0.508,0.79,0.412,0.371,0.229,0.079,0.255,0.775,0.426,0.448,0.709,0.016,0.895,0.016,0.703,0.0,0.193,0.811,0.806,0.347,0.141,0.704,0.585,0.574,0.446,0.208,0.157,0.727,0.315,0.337,0.59,0.894,0.264,0.622,0.35,0.723,0.19,0.446,0.729,0.699,0.856,0.859,0.131,0.169,0.198,0.122,0.068,0.362,0.938,0.669,0.932,0.568,0.346,0.376,0.246,0.708
208,0.631,0.269,0.541,0.032,0.484,0.49,0.477,0.221,0.164,0.218,0.903,0.72,0.714,0.989,0.414,0.378,0.179,0.489,0.202,0.372,0.754,0.281,0.122,0.846,0.461,0.816,0.851,0.359,0.193,0.513,0.767,0.887,0.547,0.683,0.814,0.002,0.004,0.425,0.722,0.294,0.316,0.942,0.145,0.295,0.286,0.79,0.402,0.773,0.274,0.783,0.792,0.141,0.996,0.067,0.452,0.13,0.05,0.542,0.228,0.776,0.522,0.421,0.702,0.661
210,0.302,0.287,0.665,0.255,0.621,0.361,0.382,0.23,0.801,0.33,0.126,0.393,0.906,0.83,0.249,0.784,0.628,0.782,0.509,0.782,0.588,0.846,0.266,0.895,0.643,0.792,0.365,0.288,0.036,0.939,0.688,0.087,0.768,0.827,0.704,0.143,0.411,0.914,0.377,0.485,0.968,0.917,0.576,0.411,0.112,0.926,0.617,0.432,0.686,0.147,0.558,0.186,0.95,0.976,0.795,0.298,0.077,0.411,0.342,0.231,0.183,0.814,0.153,0.065
212,0.69,0.519,0.64,0.646,0.587,0.204,0.144,0.291,0.789,0.526,0.588,0.037,0.776,0.352,0.952,0.297,0.39,0.115,0.83,0.705,0.923,0.435,0.991,0.238,0.826,0.104,0.884,0.349,0.198,0.442,0.988,0.18,0.074,0.794,0.093,0.87,0.894,0.293,0.279,0.881,0.718,0.263,0.982,0.317,0.128,0.95,0.996,0.076,0.328,0.999,0.46,0.17,0.302,0.703,0.079,0.752,0.525,0.541,0.987,0.545,0.252,0.052,0.621,0.526
214,0.896,0.767,0.953,0.677,0.895,0.721,0.804,0.115,0.855,0.499,0.477,0.876,0.746,0.813,0.884,0.831,0.476,0.695,0.745,0.467,0.88,0.919,0.712,0.379,0.043,0.485,0.332,0.611,0.368,0.957,0.657,0.791,0.979,0.34,0.147,0.307,0.655,0.867,0.945,0.643,0.42,0.939,0.69,0.267,0.443,0.194,0.275,0.271,0.448,0.968,0.915,0.633,0.994,0.283,0.448,0.831,0.477,0.878,0.354,0.465,0.358,0.307,0.832,0.059
216,0.337,0.418,0.906,0.265,0.699,0.295,0.906,0.469,0.102,0.328,0.367,0.149,0.071,0.129,0.792,0.439,0.449,0.315,0.97,0.31,0.406,0.131,0.695,0.248,0.958,0.082,0.291,0.957,0.669,0.668,0.285,0.415,0.682,0.136,0.524,0.206,0.055,0.691,0.672,0.955,0.648,0.538,0.139,0.816,0.236,0.606,0.234,0.658,0.402,0.849,0.813,0.814,0.143,0.954,0.44,0.431,0.539,0.445,0.583,0.444,0.935,0.347,0.045,0.987
218,0.961,0.892,0.448,0.115,0.904,0.836,0.07,0.495,0.985,0.668,0.29,0.806,0.207,0.293,0.378,0.332,0.176,0.869,0.881,0.864,0.772,0.074,0.6,0.071,0.196,0.122,0.548,0.772,0.543,0.502,0.685,0.212,0.425,0.0,0.661,0.105,0.822,0.57,0.206,0.293,0.434,0.177,0.018,0.597,0.049,0.351,0.352,0.475,0.745,0.213,0.599,0.413,0.133,0.044,0.759,0.475,0.705,0.059,0.438,0.743,0.355,0.133,0.509,0.891
220,0.885,0.163,0.685,0.774,0.89,0.916,0.876,0.94,0.25,0.23,0.483,0.424,0.106,0.433,0.836,0.332,0.568,0.14,0.788,0.876,0.93,0.779,0.587,0.271,0.8,0.089,0.113,0.094,0.455,0.247,0.991,0.154,0.892,0.161,0.665,0.383,0.365,0.507,0.205,0.494,0.204,0.838,0.753,0.96,0.924,0.854,0.531,0.699,0.811,0.965,0.921,0.012,0.129,0.763,0.984,0.953,0.916,0.454,0.658,0.452,0.489,0.613,0.23,0.447
222,0.647,0.213,0.167,0.245,0.711,0.467,0.329,0.888,0.468,0.379,0.702,0.54,0.417,0.784,0.203,0.409,0.871,0.117,0.338,0.531,0.734,0.301,0.587,0.748,0.809,0.779,0.817,0.627,0.006,0.481,0.26,0.957,0.249,0.183,0.548,0.616,0.766,0.913,0.973,0.267,0.574,0.379,0.146,0.964,0.695,0.865,0.128,0.956,0.116,0.229,0.023,0.663,0.111,0.991,0.691,0.32,0.371,0.622,0.134,0.116,0.746,0.871,0.039,0.414
224,0.237,0.089,0.353,0.398,0.181,0.595,0.941,0.527,0.455,0.508,0.462,0.052,0.671,0.878,0.499,0.859,0.871,0.48,0.213,0.279,0.728,0.877,0.697,0.612,0.621,0.009,0.155,0.722,0.896,0.81,0.393,0.815,0.358,0.302,0.457,0.103,0.417,0.068,0.599,0.967,0.148,0.32,0.781,0.201,0.264,0.353,0.065,0.953,0.608,0.586,0.682,0.67,0.631,0.29,0.051,0.213,0.575,0.673,0.821,0.379,0.543,0.892,0.87,0.305
226,0.146,0.201,0.3,0.21,0.902,0.26,0.266,0.429,0.425,0.146,0.067,0.981,0.236,0.48,0.799,0.493,0.441,0.268,0.649,0.143,0.242,0.739,0.676,0.444,0.135,0.772,0.745,0.166,0.851,0.114,0.665,0.386,0.685,0.392,0.795,0.52,0.956,0.196,0.56,0.496,0.18,0.99,0.343,0.644,0.442,0.607,0.184,0.64,0.039,0.297,0.39,0.607,0.072,0.91,0.587,0.581,0.231,0.005,0.615,0.941,0.705,0.626,0.762,0.793
228,0.212,0.784,0.844,0.161,0.4,0.394,0.122,0.281,0.105,0.882,0.292,0.725,0.674,0.095,0.937,0.252,0.52,0.808,0.187,0.381,0.37,0.069,0.164,0.363,0.851,0.053,0.256,0.546,0.666,0.93,0.333,0.223,0.621,0.337,0.9,0.843,0.624,0.226,0.401,0.783,0.441,0.563,0.087,0.469,0.418,0.898,0.784,0.806,0.695,0.649,0.669,0.135,0.061,0.448,0.337,0.319,0.835,0.746,0.229,0.301,0.141,0.786,0.812,0.078
230,0.577,0.433,0.039,0.978,0.97,0.396,0.453,0.967,0.647,0.779,0.583,0.771,0.502,0.202,0.969,0.196,0.298,0.558,0.046,0.892,0.281,0.359,0.184,0.308,0.38,0.698,0.289,0.732,0.097,0.441,0.249,0.603,0.642,0.403,0.299,0.316,0.358,0.338,0.505,0.891,0.159,0.671,0.071,0.434,0.148,0.979,0.496,0.281,0.944,0.25,0.215,0.763,0.787,0.922,0.283,0.911,0.934,0.873,0.943,0.847,0.701,0.837,0.828,0.962
232,0.231,0.285,0.397,0.246,0.183,0.669,0.34,0.044,0.099,0.771,0.673,0.479,0.162,0.114,0.664,0.154,0.208,0.564,0.6,0.413,0.819,0.04,0.241,0.295,0.592,0.797,0.123,0.959,0.384,0.906,0.16,0.814,0.091,0.701,0.096,0.128,0.846,0.889,0.145,0.654,0.872,0.389,0.452,0.342,0.669,0.464,0.238,0.886,0.21,0.339,0.696,0.101,0.271,0.478,0.773,0.876,0.156,0.262,0.591,0.363,0.969,0.339,0.141,0.152
234,0.094,0.705,0.679,0.208,0.022,0.195,0.183,0.047,0.798,0.457,0.689,0.709,0.166,0.408,0.66,0.721,0.694,0.882,0.252,0.104,0.253,0.904,0.763,0.588,0.031,0.999,0.794,0.442,0.58,0.388,0.215,0.592,0.772,0.568,0.352,0.106,0.476,0.545,0.123,0.263,0.187,0.05,0.769,0.665,0.655,0.71,0.471,0.713,0.746,0.359,0.93,0.424,0.853,0.355,0.331,0.415,0.968,0.702,0.645,0.11,0.182,0.585,0.246,0.408
236,0.485,0.455,0.939,0.952,0.095,0.947,0.947,0.747,0.088,0.273,0.504,0.136,0.046,0.837,0.69,0.948,0.066,0.259,0.144,0.803,0.806,0.84,0.918,0.848,0.21,0.415,0.98,0.281,0.938,0.576,0.254,0.646,0.531,0.321,0.577,0.71,0.181,0.961,0.082,0.544,0.596,0.437,0.246,0.208,0.27,0.054,0.117,0.173,0.276,0.98,0.309,0.085,0.385,0.382,0.696,0.65,0.874,0.853,0.876,0.495,0.314,0.267,0.525,0.603
238,0.984,0.715,0.06,0.728,0.661,0.584,0.216,0.951,0.041,0.969,0.967,0.798,0.026,0.187,0.74,0.303,0.955,0.06,0.794,0.098,0.316,0.925,0.009,0.154,0.33,0.448,0.28,0.508,0.525,0.234,0.819,0.701,0.124,0.989,0.788,0.756,0.722,0.855,0.545,0.431,0.17,0.502,0.771,0.049,0.414,0.011,0.19,0.034,0.858,0.13,0.429,0.196,0.125,0.485,0.31,0.495,0.56,0.68,0.487,0.681,0.958,0.267,0.368,0.426
240,0.539,0.225,0.871,0.51,0.602,0.27,0.473,0.461,0.783,0.368,0.847,0.939,0.4,0.258,0.52,0.097,0.299,0.641,0.313,0.079,0.746,0.109,0.518,0.655,0.802,0.312,0.788,0.597,0.573,0.989,0.065,0.826,0.552,0.709,0.198,0.329,0.141,0.49,0.563,0.492,0.262,0.644,0.276,0.298,0.513,0.926,0.878,0.885,0.407,0.795,0.754,0.784,0.853,0.991,0.298,0.974,0.805,0.017,0.957,0.508,0.65,0.462,0.181,0.439
242,0.256,0.284,0.641,0.432,0.419,0.004,0.225,0.759,0.357,0.252,0.09,0.279,0.058,0.632,0.883,0.249,0.675,0.699,0.768,0.809,0.826,0.115,0.882,0.925,0.804,0.474,0.858,0.347,0.139,0.186,0.046,0.874,0.494,0.243,0.02,0.608,0.056,0.947,0.226,0.707,0.513,0.651,0.651,0.283,0.55,0.833,0.737,0.857,0.079,0.358,0.899,0.815,0.619,0.059,0.899,0.582,0.684,0.499,0.15,0.068,0.376,0.188,0.847,0.127
244,0.236,0.595,0.485,0.47,0.154,0.396,0.193,0.194,0.127,0.899,0.003,0.85,0.421,0.941,0.063,0.322,0.946,0.263,0.642,0.58,0.929,0.384,0.12,0.4,0.382,0.44,0.857,0.023,0.664,0.709,0.084,0.369,0.505,0.453,0.936,0.37,0.59,0.533,0.479,0.369,0.837,0.132,0.451,0.247,0.954,0.192,0.086,0.418,0.57,0.058,0.877,0.979,0.778,0.572,0.045,0.437,0.507,0.547,0.646,0.638,0.041,0.209,0.555,0.033
246,0.293,0.457,0.395,0.34,0.849,0.6,0.882,0.71,0.785,0.006,0.086,0.026,0.496,0.762,0.269,0.347,0.569,0.302,0.966,0.216,0.587,0.408,0.611,0.108,0.36,0.294,0.87,0.109,0.476,0.091,0.278,0.429,0.384,0.888,0.131,0.124,0.762,0.212,0.583,0.108,0.122,0.737,0.249,0.295,0.262,0.957,0.078,0.751,0.319,0.111,0.633,0.868,0.669,0.906,0.535,0.944,0.249,0.88,0.241,0.411,0.464,0.694,0.002,0.481
248,0.492,0.635,0.16,0.868,0.16,0.12,0.088,0.836,0.649,0.073,0.56,0.994,0.3,0.069,0.513,0.887,0.01,0.204,0.593,0.678,0.137,0.321,0.284,0.106,0.83,0.278,0.007,0.204,0.579,0.702,0.255,0.929,0.708,0.733,0.804,0.793,0.96,0.112,0.002,0.822,0.028,0.605,0.734,0.127,0.786,0.662,0.852,0.57,0.157,0.986,0.549,0.075,0.598,0.157,0.471,0.781,0.163,0.969,0.679,0.147,0.633,0.779,0.154,0.344
250,0.374,0.444,0.238,0.068,0.049,0.325,0.35,0.801,0.492,0.613,0.598,0.93,0.528,0.191,0.361,0.508,0.491,0.884,0.89,0.604,0.937,0.054,0.58,0.659,0.632,0.085,0.103,0.603,0.338,0.157,0.734,0.323,0.569,0.964,0.982,0.392,0.591,0.216,0.352,0.926,0.748,0.483,0.721,0.019,0.869,0.159,0.804,0.2,0.451,0.011,0.656,0.182,0.963,0.527,0.589,0.411,0.614,0.735,0.199,0.113,0.678,0.988,0.019,0.33
252,0.283,0.491,0.782,0.323,0.376,0.241,0.733,0.537,0.199,0.344,0.667,0.509,0.583,0.707,0.565,0.282,0.269,0.122,0.468,0.749,0.133,0.049,0.234,0.711,0.873,0.558,0.923,0.53,0.701,0.117,0.468,0.402,0.411,0.301,0.241,0.212,0.21,0.4,0.354,0.027,0.16,0.961,0.892,0.897,0.266,0.617,0.779,0.768,0.766,0.478,0.754,0.196,0.901,0.051,0.207,0.218,0.417,0.045,0.584,0.733,0.588,0.647,0.414,0.1
254,0.994,0.738,0.724,0.367,0.204,0.086,0.149,0.298,0.952,0.39,1.0,0.379,0.028,0.138,0.223,0.783,0.914,0.788,0.087,0.777,0.776,0.777,0.75,0.524,0.4,0.982,0.561,0.441,0.492,0.192,0.598,0.875,0.538,0.053,0.817,0.41,0.916,0.575,0.324,0.97,0.172,0.082,0.757,0.173,0.501,0.746,0.848,0.664,0.93,0.96,0.006,0.72,0.391,0.831,0.951,0.529,0.423,0.32,0.076,0.391,0.958,0.653,0.512,0.679
256,0.963,0.629,0.675,0.786,0.261,0.637,0.046,0.261,0.666,0.572,0.437,0.899,0.245,0.985,0.198,0.297,0.653,0.449,0.623,0.212,0.888,0.517,0.825,0.112,0.976,0.577,0.457,0.709,0.86,0.17,0.237,0.615,0.043,0.339,0.338,0.992,0.462,0.515,0.455,0.512,0.748,0.895,0.5,0.087,0.2,0.849,0.466,0.753,0.718,0.59,0.996,0.914,0.997,0.258,0.362,0.239,0.103,0.866,0.293,0.597,0.439,0.216,0.207,0.349
258,0.469,0.848,0.164,0.477,0.025,0.732,0.95,0.517,0.23,0.179,0.14,0.069,0.431,0.761,0.478,0.736,0.431,0.909,0.628,0.469,0.802,0.912,0.579,0.677,0.291,0.923,0.021,0.11,0.485,0.899,0.421,0.016,0.613,0.529,0.119,0.652,0.541,0.029,0.955,0.369,0.969,0.58,0.955,0.135,0.653,0.578,0.002,0.765,0.586,0.561,0.723,0.812,0.035,0.263,0.084,0.223,0.972,0.194,0.414,0.246,0.484,0.89,0.238,0.545
260,0.144,0.275,0.713,0.383,0.035,0.851,0.342,0.653,0.453,0.525,0.115,0.251,0.031,0.164,0.861,0.88,0.198,0.992,0.875,0.933,0.137,0.245,0.262,0.71,0.034,0.992,0.028,0.597,0.254,0.44,0.046,0.087,0.959,0.986,0.562,0.485,0.387,0.255,0.61,0.041,0.127,0.254,0.842,0.314,0.964,0.069,0.993,0.04,0.562,0.268,0.967,0.609,0.911,0.16,0.186,0.011,0.417,0.136,0.616,0.689,0.707,0.816,0.786,0.563
262,0.662,0.179,0.902,0.554,0.076,0.207,0.561,0.485,0.897,0.869,0.823,0.467,0.85,0.36,0.846,0.236,0.378,0.563,0.73,0.303,0.812,0.141,0.777,0.207,0.122,0.475,0.704,0.247,0.239,0.895,0.109,0.645,0.893,0.522,0.739,0.658,0.157,0.518,0.633,0.071,0.43,0.958,0.1,0.067,0.068,0.489,0.431,0.944,0.339,0.791,0.612,0.566,0.716,0.867,0.558,0.563,0.849,0.555,0.468,0.65,0.666,0.852,0.313,0.074
264,0.188,0.148,0.592,0.195,0.613,0.201,0.668,0.437,0.483,0.845,0.609,0.564,0.045,0.144,0.932,0.268,0.642,0.302,0.594,0.422,0.503,0.365,0.558,0.43,0.905,0.114,0.002,0.924,0.389,0.785,0.542,0.555,0.392,0.69,0.661,0.801,0.822,0.695,0.076,0.304,0.73,0.225,0.078,0.495,0.74,0.313,0.356,0.469,0.477,0.12,0.336,0.032,0.744,0.408,0.266,0.16,0.008,0.0,0.357,0.04,0.152,0.533,0.106,0.896
266,0.666,0.916,0.866,0.271,0.477,0.014,0.912,0.819,0.43,0.769,0.954,0.179,0.506,0.027,0.173,0.377,0.598,0.899,0.798,0.059,0.444,0.703,0.848,0.136,0.973,0.3,0.073,0.853,0.468,0.159,0.457,0.38,0.968,0.015,0.937,0.144,0.353,0.737,0.203,0.139,0.256,0.718,0.574,0.441,0.328,0.199,0.726,0.478,0.418,0.903,0.581,0.89,0.509,0.415,0.371,0.619,0.882,0.928,0.406,0.603,0.533,0.575,0.871,0.461
268,0.434,0.856,0.307,0.769,0.555,0.373,0.836,0.15,0.332,0.963,0.247,0.427,0.272,0.145,0.871,0.12,0.612,0.784,0.233,0.195,0.907,0.898,0.337,0.241,0.867,0.817,0.567,0.38,0.622,0.215,0.55,0.066,0.238,0.319,0.719,0.308,0.958,0.106,0.351,0.478,0.172,0.294,0.778,0.101,0.943,0.812,0.503,0.387,0.525,0.842,0.349,0.412,0.751,0.841,0.17,0.386,0.278,0.306,0.084,0.467,0.581,0.447,0.969,0.256
270,0.093,0.451,0.289,0.483,0.14,0.189,0.057,0.479,0.331,0.684,0.111,0.015,0.032,0.672,0.198,0.848,0.886,0.618,0.654,0.421,0.386,0.703,0.139,0.529,0.208,0.266,0.813,0.497,0.015,0.986,0.981,0.598,0.522,0.039,0.929,0.992,0.917,0.652,0.393,0.146,0.374,0.333,0.204,0.277,0.585,0.532,0.249,0.156,0.036,0.807,0.144,0.643,0.051,0.3,0.679,0.182,0.149,0.608,0.877,0.254,0.666,0.343,0.448,0.677
272,0.403,0.175,0.024,0.66,0.637,0.75,0.622,0.833,0.245,0.484,0.658,0.34,0.723,0.418,0.691,0.083,0.954,0.833,0.462,0.056,0.46,0.92,0.018,0.651,0.189,0.429,0.261,0.739,0.918,0.146,0.218,0.06,0.685,0.995,0.662,0.323,0.642,0.434,0.679,0.043,0.551,0.273,0.103,0.774,0.024,0.848,0.171,0.244,0.217,0.121,0.66,0.469,0.016,0.419,0.224,0.821,0.47,0.464,0.499,0.345,0.749,0.467,0.327,0.618
274,0.929,0.483,0.248,0.463,0.293,0.901,0.676,0.427,0.274,0.585,0.273,0.001,0.995,0.36,0.507,0.175,0.385,0.68,0.96,0.634,0.776,0.115,0.897,0.733,0.146,0.397,0.778,0.355,0.034,0.083,0.579,0.094,0.592,0.287,0.078,0.204,0.871,0.791,0.557,0.109,0.252,0.674,0.003,0.747,0.623,0.576,0.773,0.046,0.714,0.642,0.504,0.454,0.27,0.209,0.803,0.574,0.595,0.274,0.642,0.718,0.154,0.274,0.31,0.002
276,0.258,0.559,0.801,0.764,0.381,0.559,0.828,0.583,0.485,0.769,0.577,0.699,0.613,0.432,0.446,0.371,0.124,0.608,0.427,0.157,0.564,0.1,0.709,0.21,0.591,0.123,0.958,0.48,0.743,0.17,0.645,0.54,0.278,0.35,0.233,0.068,0.168,0.371,0.452,0.339,0.855,0.779,0.404,0.685,0.674,0.775,0.004,0.184,0.219,0.218,0.027,0.548,0.277,0.114,0.494,0.988,0.705,0.273,0.951,0.616,0.578,0.673,0.546,0.014
278,0.317,0.929,0.657,0.582,0.581,0.898,0.294,0.187,0.2,0.65,0.359,0.909,0.358,0.234,0.667,0.945,0.795,0.808,0.544,0.536,0.606,0.825,0.323,0.989,0.59,0.218,0.986,0.46,0.337,0.561,0.598,0.151,0.248,0.886,0.629,0.761,0.726,0.589,0.945,0.605,0.141,0.287,0.025,0.141,0.661,0.803,0.458,0.892,0.893,0.619,0.804,0.45,0.49,0.246,0.536,0.04,0.019,0.052,0.952,0.48,0.808,0.599,0.481,0.507
280,0.256,0.813,0.233,0.153,0.811,0.58,0.413,0.053,0.101,0.518,0.225,0.701,0.586,0.63,0.743,0.292,0.386,0.048,0.766,0.388,0.986,0.721,0.4,0.506,0.03,0.006,0.383,0.327,0.769,0.8,0.709,0.863,0.747,0.618,0.003,0.221,0.261,0.369,0.417,0.381,0.466,0.011,0.231,0.155,0.206,0.699,0.909,0.293,0.83,0.833,0.217,0.177,0.773,0.191,0.767,0.286,0.175,0.429,0.807,0.299,0.675,0.775,0.654,0.213
282,0.799,0.973,0.895,0.984,0.666,0.37,0.397,0.742,0.044,0.329,0.588,0.809,0.251,0.554,0.502,0.723,0.433,0.573,0.05,0.933,0.299,0.882,0.301,0.004,0.747,0.02,0.461,0.619,0.764,0.773,0.787,0.86,0.154,0.364,0.24,0.182,0.449,0.814,0.241,0.062,0.188,0.041,0.927,0.686,0.865,0.927,0.802,0.68,0.219,0.801,0.739,0.904,0.049,0.579,0.666,0.389,0.465,0.043,0.551,0.906,0.551,0.498,0.859,0.124
284,0.672,0.104,0.092,0.768,0.628,0.829,0.397,0.239,0.022,0.361,0.305,0.177,0.508,0.269,0.056,0.187,0.347,0.398,0.155,0.244,0.564,0.038,0.092,0.19,0.761,0.695,0.459,0.675,0.852,0.07,0.736,0.686,0.126,0.236,0.499,0.045,0.14,0.329,0.081,0.875,0.604,0.561,0.317,0.1,0.584,0.29,0.042,0.605,0.535,0.583,0.001,0.879,0.295,0.118,0.15,0.324,0.8,0.878,0.615,0.197,0.14,0.148,0.746,0.624
286,0.216,0.598,0.438,0.177,0.531,0.365,0.16,0.346,0.08,0.198,0.549,0.142,0.464,0.87,0.656,0.862,0.692,0.838,0.761,0.471,0.591,0.303,0.382,0.685,0.653,0.029,0.094,0.081,0.094,0.068,0.076,0.802,0.414,0.993,0.911,0.324,0.376,0.523,0.779,0.622,0.746,0.459,0.996,0.93,0.564,0.057,0.433,0.098,0.88,0.474,0.128,0.332,0.772,0.069,0.405,0.447,0.228,0.661,0.591,0.986,0.727,0.284,0.909,0.295
288,0.889,0.306,0.635,0.514,0.376,0.595,0.927,0.23,0.918,0.448,0.217,0.534,0.733,0.271,0.126,0.128,0.099,0.789,0.358,0.585,0.294,0.019,0.121,0.12,0.541,0.995,0.784,0.485,0.081,0.843,0.951,0.452,0.706,0.907,0.422,0.918,0.293,0.075,0.751,0.849,0.612,0.542,0.16,0.707,0.662,0.154,0.48,0.182,0.499,0.908,0.689,0.922,0.043,0.68,0.016,0.907,0.854,0.196,0.494,0.458,0.495,0.761,0.21,0.193
290,0.879,0.774,0.34,0.323,0.273,0.045,0.384,0.075,0.567,0.295,0.001,0.378,0.88,0.536,0.468,0.389,0.348,0.145,0.425,0.154,0.103,0.936,0.146,0.975,0.576,0.101,0.031,0.161,0.315,0.528,0.947,0.839,0.734,0.41,0.783,0.988,0.878,0.623,0.373,0.457,0.352,0.57,0.942,0.125,0.165,0.761,0.191,0.562,0.236,0.106,0.44,0.94,0.702,0.803,0.171,0.301,0.281,0.213,0.732,0.668,0.536,0.96,0.98,0.08
292,0.478,0.474,0.751,0.688,0.613,0.305,0.832,0.478,0.281,0.917,0.088,0.837,0.021,0.213,0.962,0.958,0.003,0.384,0.813,0.344,0.219,0.941,0.947,0.717,0.814,0.441,0.722,0.649,0.274,0.41,0.925,0.263,0.649,0.359,0.36,0.617,0.853,0.334,0.008,0.165,0.24,0.356,0.33,0.963,0.289,0.801,0.78,0.434,0.187,0.227,0.17,0.268,0.911,0.637,0.498,0.809,0.482,0.17,0.342,0.158,0.865,0.512,0.974,0.711
294,0.823,0.399,0.404,0.619,0.758,0.445,0.282,0.891,0.522,0.399,0.713,0.166,0.431,0.719,0.299,0.019,0.141,0.46,0.682,0.849,0.206,0.192,0.825,0.055,0.125,0.89,0.87,0.156,0.756,0.481,0.779,0.604,0.761,0.642,0.655,0.595,0.486,0.298,0.322,0.418,0.67,0.36,0.504,0.885,0.454,0.637,0.038,0.439,0.78,0.849,0.255,0.856,0.118,0.325,0.022,0.364,0.666,0.604,0.774,0.47,0.1,0.262,0.932,0.468
296,0.176,0.639,0.15,0.966,0.632,0.947,0.031,0.785,0.266,0.683,0.476,0.506,0.079,0.789,0.055,0.133,0.11,0.05,0.125,0.896,0.555,0.74,0.969,0.196,0.054,0.19,0.448,0.831,0.435,0.143,0.556,0.128,0.124,0.071,0.835,0.47,0.481,0.273,0.251,0.004,0.716,0.267,0.213,0.3,0.34,0.527,0.945,0.89,0.881,0.283,0.218,0.904,0.083,0.806,0.348,0.752,0.623,0.244,0.703,0.691,0.327,0.489,0.909,0.756
298,0.887,0.437,0.6,0.3,0.746,0.034,0.297,0.357,0.924,0.279,0.725,0.561,0.339,0.401,0.309,0.464,0.683,0.111,0.035,0.637,0.011,0.117,0.412,0.68,0.749,0.84,0.52,0.955,0.9,0.503,0.854,0.384,0.875,0.186,0.063,0.591,0.511,0.074,0.547,0.935,0.071,0.851,0.559,0.082,0.295,0.993,0.093,0.793,0.104,0.12,0.7,0.813,0.142,0.067,0.82,0.409,0.324,0.26,0.126,0.887,0.827,0.294,0.111,0.031
300,0.137,0.183,0.962,0.859,0.785,0.672,0.65,0.559,0.69,0.573,0.575,0.842,0.976,0.249,0.509,0.323,0.522,0.334,0.596,0.279,0.0,0.145,0.715,0.005,0.494,0.458,0.938,0.056,0.988,0.012,0.342,0.277,0.301,0.809,0.819,0.454,0.63,0.706,0.583,0.181,0.14,0.538,0.456,0.256,0.068,0.663,0.81,0.094,0.65,0.998,0.755,0.87,0.331,0.681,0.98,0.333,0.578,0.437,0.441,0.467,0.955,0.801,0.015,0.621
302,0.24,0.426,0.89,0.423,0.701,0.485,0.347,0.095,0.135,0.387,0.456,0.235,0.249,0.549,0.059,0.375,0.868,0.03,0.542,0.834,0.534,0.088,0.631,0.452,0.751,0.712,0.78,0.166,0.785,0.549,0.182,0.862,0.87,0.18,0.232,0.225,0.352,0.239,0.595,0.265,0.328,0.775,0.802,0.985,0.19,0.682,0.411,0.403,0.688,0.459,0.718,0.758,0.036,0.744,0.363,0.715,0.683,0.507,0.995,0.566,0.49,0.994,0.347,0.893
304,0.524,0.306,0.697,0.262,0.674,0.056,0.896,0.349,0.357,0.895,0.596,0.81,0.37,0.071,0.718,0.143,0.154,0.949,0.801,0.656,0.468,0.788,0.041,0.093,0.587,0.848,0.91,0.769,0.909,0.68,0.295,0.97,0.175,0.28,0.737,0.16,0.478,0.762,0.868,0.385,0.559,0.176,0.422,0.628,0.14,0.59,0.599,0.527,0.692,0.676,0.119,0.888,0.222,0.096,0.142,0.46,0.667,0.241,0.305,0.398,0.458,0.141,0.037,0.543
306,0.019,0.048,0.174,0.534,0.849,0.719,0.922,0.936,0.508,0.277,0.558,0.711,0.099,0.492,0.608,0.148,0.285,0.882,0.52,0.396,0.476,0.168,0.822,0.331,0.333,0.207,0.129,0.567,0.53,0.893,0.061,0.371,0.333,0.44,0.18,0.875,0.84,0.623,0.33,0.901,0.586,0.138,0.384,0.314,0.625,0.392,0.251,0.385,0.976,0.706,0.558,0.34,0.645,0.6,0.521,0.385,0.045,0.156,0.697,0.546,0.647,0.595,0.217,0.98
308,0.163,0.484,0.572,0.198,0.448,0.096,0.094,0.994,0.149,0.882,0.733,0.731,0.601,0.002,0.233,0.093,0.165,0.515,0.823,0.026,0.305,0.321,0.183,0.832,0.733,0.886,0.064,0.375,0.895,0.482,0.35,0.185,0.869,0.345,0.7,0.807,0.463,0.436,0.211,0.698,0.035,0.398,0.329,0.248,0.652,0.538,0.62,0.968,0.032,0.066,0.661,0.078,0.63,0.956,0.978,0.244,0.421,0.27,0.504,0.488,0.902,0.994,0.942,0.573
310,0.872,0.365,0.695,0.059,0.531,0.371,0.842,0.101,0.139,0.097,0.48,0.029,0.835,0.727,0.114,0.907,0.163,0.257,0.019,0.535,0.419,0.052,0.183,0.034,0.17,0.274,0.048,0.162,0.55,0.276,0.229,0.096,0.228,0.423,0.43,0.58,0.243,0.722,0.943,0.142,0.591,0.226,0.054,0.68,0.148,0.842,0.282,0.404,0.089,0.665,0.065,0.031,0.243,0.59,0.575,0.18,0.808,0.858,0.975,0.529,0.34,0.083,0.573,0.886
312,0.697,0.353,0.148,0.038,0.588,0.588,0.812,0.999,0.807,0.024,0.207,0.187,0.891,0.098,0.204,0.047,0.779,0.359,0.918,0.991,0.484,0.857,0.412,0.391,0.342,0.482,0.238,0.845,0.293,0.975,0.288,0.466,0.141,0.65,0.624,0.685,0.308,0.691,0.558,0.693,0.901,0.344,0.269,0.169,0.982,0.861,0.236,0.167,0.222,0.44,0.135,0.477,0.317,0.782,0.588,0.845,0.366,0.606,0.369,0.209,0.916,0.186,0.572,0.944
314,0.106,0.261,0.581,0.312,0.444,0.389,0.607,0.419,0.015,0.556,0.959,0.895,0.726,0.659,0.484,0.692,0.931,0.936,0.642,0.776,0.21,0.405,0.763,0.163,0.869,0.02,0.208,0.555,0.891,0.895,0.633,0.06,0.272,0.331,0.313,0.525,0.689,0.975,0.456,0.392,0.37,0.039,0.18,0.846,0.759,0.402,0.413,0.969,0.798,0.361,0.648,0.426,0.661,0.9,0.653,0.68,0.004,0.669,0.05,0.715,0.881,0.603,0.665,0.247
316,0.6,0.751,0.95,0.93,0.712,0.822,0.694,0.882,0.308,0.291,0.758,0.702,0.447,0.376,0.346,0.866,0.61,0.739,0.991,0.707,0.853,0.586,0.404,0.605,0.95,0.933,0.636,0.489,0.469,0.701,0.407,0.284,0.854,0.658,0.039,0.382,0.36,0.329,0.927,0.175,0.056,0.09,0.917,0.035,0.473,0.336,0.08,0.982,0.582,0.645,0.706,0.995,0.809,0.224,0.14,0.976,0.263,0.314,0.405,0.84,0.902,0.977,0.404,0.869
318,0.527,0.014,0.026,0.638,0.571,0.887,0.276,0.609,0.795,0.81,0.248,0.614,0.838,0.232,0.179,0.722,0.875,0.874,0.732,0.4,0.177,0.178,0.716,0.448,0.938,0.217,0.468,0.925,0.402,0.868,0.435,0.464,0.123,0.18,0.049,0.236,0.047,0.753,0.04,0.141,0.866,0.509,0.725,0.852,0.502,0.14,0.671,0.94,0.327,0.919,0.421,0.933,0.136,0.523,0.665,0.27,0.172,0.539,0.16,0.005,0.282,0.394,0.895,0.292
320,0.783,0.879,0.648,0.816,0.991,0.624,0.091,0.373,0.729,0.928,0.863,0.488,0.569,0.754,0.089,0.255,0.561,0.54,0.613,0.741,0.107,0.048,0.716,0.21,0.05,0.327,0.386,0.201,0.624,0.676,0.791,0.297,0.633,0.891,0.827,0.974,0.208,0.524,0.909,0.929,0.816,0.536,0.43,0.278,0.384,0.569,0.999,0.138,0.381,0.152,0.739,0.773,0.155,0.894,0.693,0.967,0.413,0.642,0.724,0.02,0.914,0.261,0.462,0.148
322,0.496,0.709,0.083,0.563,0.74,0.748,0.107,0.849,0.669,0.36,0.31,0.225,0.258,0.93,0.347,0.53,0.56,0.464,0.342,0.169,0.809,0.433,0.559,0.528,0.039,0.183,0.441,0.749,0.583,0.911,0.746,0.957,0.964,0.314,0.506,0.83,0.616,0.334,0.613,0.55,0.972,0.048,0.124,0.971,0.251,0.763,0.476,0.342,0.053,0.27,0.721,0.475,0.938,0.612,0.319,0.703,0.905,0.177,0.85,0.843,0.911,0.597,0.495,0.95
324,0.989,0.833,0.566,0.827,0.882,0.576,0.563,0.525,0.882,0.587,0.276,0.574,0.728,0.578,0.48,0.697,0.186,0.596,0.895,0.108,0.727,0.022,0.305,0.232,0.9,0.798,0.502,0.524,0.66,0.602,0.188,1.0,0.836,0.285,0.203,0.641,0.713,0.714,0.691,0.404,0.686,0.335,0.3,0.61,0.934,0.46,0.017,0.126,0.306,0.817,0.894,0.217,0.1,0.166,0.087,0.585,0.408,0.123,0.271,0.086,0.923,0.197,0.289,0.466
326,0.873,0.421,0.875,0.879,0.282,0.017,0.984,0.309,0.877,0.837,0.232,0.66,0.27,0.483,0.776,0.829,0.439,0.45,0.935,0.633,0.96,0.178,0.686,0.371,0.191,0.204,0.874,0.152,0.906,0.995,0.925,0.853,0.542,0.835,0.73,0.776,0.451,0.217,0.573,0.731,0.15,0.209,0.379,0.175,0.17,0.968,0.001,0.56,0.55,0.007,0.329,0.738,0.96,0.543,0.926,0.138,0.585,0.334,0.151,0.707,0.256,0.547,0.973,0.211
328,0.308,0.445,0.302,0.535,0.26,0.873,0.051,0.203,0.639,0.544,0.37,0.62,0.68,0.064,0.583,0.72,0.846,0.419,0.407,0.471,0.572,0.666,0.897,0.444,0.386,0.832,0.928,0.55,0.602,0.215,0.077,0.022,0.401,0.555,0.626,0.318,0.405,0.129,0.806,0.855,0.546,0.336,0.24,0.716,0.981,0.66,0.376,0.615,0.875,0.269,0.826,0.512,0.113,0.351,0.262,0.125,0.505,0.396,0.299,0.381,0.713,0.385,0.193,0.636
330,0.533,0.409,0.72,0.379,0.776,0.721,0.134,0.003,0.177,0.252,0.527,0.217,0.818,0.954,0.715,0.539,0.8,0.314,0.563,0.406,0.97,0.846,0.366,0.732,0.829,0.078,0.786,0.077,0.182,0.953,0.624,0.614,0.677,0.303,0.51,0.331,0.592,0.565,0.453,0.272,0.001,0.308,0.022,0.195,0.862,0.215,0.089,0.513,0.007,0.873,0.983,0.847,0.53,0.865,0.441,0.579,0.46,0.625,0.398,0.811,0.478,0.998,0.98,0.988
332,0.776,0.571,0.39,0.191,0.415,0.492,0.656,0.272,0.647,0.909,0.43,0.474,0.367,0.42,0.144,0.478,0.354,0.488,0.858,0.102,0.848,0.915,0.025,0.164,0.46,0.414,0.132,0.147,0.887,0.043,0.927,0.231,0.37,0.521,0.124,0.096,0.688,0.347,0.966,0.241,0.186,0.99,0.522,0.359,0.927,0.889,0.787,0.524,0.639,0.537,0.311,0.795,0.416,0.84,0.099,0.557,0.321,0.778,0.352,0.471,0.485,0.619,0.863,0.797
334,0.604,0.619,0.098,0.232,0.245,0.402,0.074,0.621,0.313,0.924,0.032,0.054,0.484,0.368,0.189,0.031,0.966,0.441,0.393,0.054,0.112,0.24,0.236,0.493,0.833,0.179,0.665,0.483,0.043,0.484,0.036,0.254,0.335,0.781,0.998,0.635,0.22,0.67,0.034,0.289,0.562,0.749,0.94,0.1,0.406,0.33,0.344,0.497,0.344,0.579,0.981,0.741,0.088,0.688,0.816,0.434,0.808,0.194,0.675,0.138,0.155,0.917,0.852,0.77
336,0.833,0.203,0.528,0.79,0.689,0.903,0.99,0.11,0.724,0.566,0.16,0.875,0.887,0.575,0.506,0.793,0.449,0.444,0.341,0.94,0.739,0.203,0.573,0.823,0.63,0.006,0.441,0.707,0.407,0.564,0.33,0.838,0.369,0.299,0.222,0.654,0.604,0.115,0.045,0.363,0.064,0.2,0.713,0.442,0.454,0.861,0.965,0.961,0.275,0.332,0.738,0.108,0.494,0.448,0.499,0.926,0.562,0.245,0.56,0.392,0.397,0.458,0.669,0.2
338,0.083,0.36,0.009,0.616,0.014,0.956,0.851,0.419,0.357,0.501,0.968,0.835,0.249,0.857,0.361,0.092,0.695,0.451,0.505,0.429,0.187,0.538,0.134,0.816,0.368,0.473,0.236,0.357,0.061,0.774,0.609,0.72,0.565,0.049,0.728,0.363,0.535,0.919,0.547,0.478,0.049,0.492,0.075,0.819,0.939,0.22,0.387,0.241,0.17,0.051,0.923,0.443,0.086,0.496,0.71,0.887,0.977,0.786,0.676,0.622,0.114,0.178,0.751,0.475
340,0.481,0.859,0.092,0.986,0.737,0.64,0.673,0.913,0.691,0.842,0.026,0.004,0.339,0.015,0.177,0.925,0.247,0.055,0.575,0.624,0.102,0.207,0.686,0.93,0.537,0.59,0.166,0.23,0.654,0.617,0.854,0.872,0.504,0.624,0.153,0.857,0.696,0.638,0.316,0.225,0.258,0.831,0.173,0.816,0.355,0.271,0.476,0.337,0.021,0.977,0.226,0.059,0.594,0.692,0.841,0.671,0.626,0.679,0.189,0.176,0.044,0.248,0.308,0.462
342,0.877,0.03,0.438,0.164,0.654,0.746,0.527,0.224,0.587,0.381,0.194,0.727,0.272,0.178,0.1,0.305,0.383,0.952,0.335,0.954,0.525,0.077,0.609,0.912,0.327,0.773,0.929,0.106,0.394,0.774,0.973,0.62,0.602,0.306,0.276,0.093,0.558,0.28,0.466,0.176,0.978,0.007,0.468,0.341,0.29,0.434,0.559,0.753,0.267,0.751,0.545,0.509,0.007,0.488,0.165,0.241,0.318,0.076,0.831,0.265,0.144,0.668,0.579,0.455
344,0.151,0.923,0.219,0.763,0.927,0.918,0.785,0.853,0.64,0.778,0.427,0.444,0.43,0.965,0.957,0.877,0.811,0.275,0.584,0.619,0.863,0.06,0.58,0.859,0.109,0.2,0.306,0.952,0.553,0.733,0.412,0.547,0.105,0.996,0.532,0.616,0.037,0.634,0.753,0.878,0.697,0.956,0.955,0.504,0.238,0.035,0.309,0.295,0.194,0.531,0.966,0.875,0.153,0.877,0.803,0.758,0.183,0.008,0.665,0.196,0.221,0.73,0.856,0.41
346,0.082,0.092,0.015,0.557,0.222,0.796,0.074,0.594,0.606,0.174,0.39,0.158,0.726,0.185,0.123,0.089,0.221,0.038,0.318,0.578,0.311,0.197,0.69,0.511,0.029,0.517,0.468,0.671,0.528,0.235,0.477,0.068,0.28,0.913,0.698,0.749,0.082,0.831,0.119,0.537,0.757,0.999,0.372,0.932,0.057,0.027,0.006,0.608,0.022,0.947,0.44,0.621,0.943,0.397,0.057,0.627,0.292,0.577,0.876,0.757,0.414,0.973,0.754,0.954
348,0.225,0.442,0.082,0.165,0.793,0.785,0.352,0.585,0.865,0.594,0.776,0.891,0.825,0.869,0.96,0.097,0.706,0.501,0.176,0.581,0.799,0.53,0.991,0.152,0.768,0.282,0.377,0.865,0.658,0.204,0.172,0.42,0.46,0.525,0.911,0.615,0.572,0.379,0.423,0.572,0.398,0.228,0.322,0.834,0.189,0.155,0.385,0.537,0.545,0.455,0.837,0.02,0.838,0.559,0.703,0.633,0.396,0.456,0.761,0.025,0.387,0.437,0.909,0.4
350,0.356,0.705,0.313,0.423,0.439,0.513,0.26,0.25,0.057,0.449,0.759,0.727,0.49,0.036,0.52,0.28,0.112,0.503,0.007,0.111,0.121,0.005,0.887,0.025,0.421,0.864,0.64,0.019,0.193,0.75,0.343,0.719,0.081,0.413,0.377,0.711,0.931,0.436,0.727,0.225,0.027,0.634,0.669,0.649,0.321,0.359,0.006,0.085,0.975,0.535,0.92,0.308,0.266,0.017,0.609,0.444,0.812,0.021,0.305,0.066,0.491,0.288,0.01,0.536
352,0.253,0.654,0.919,0.888,0.786,0.074,0.134,0.41,0.499,0.712,0.554,0.121,0.107,0.461,0.367,0.389,0.216,0.232,0.795,0.288,0.803,0.962,0.825,0.643,0.78,0.493,0.134,0.075,0.725,0.356,0.762,0.566,0.891,0.21,0.557,0.316,0.907,0.889,0.07,0.118,0.294,0.737,0.656,0.947,0.732,0.266,0.41,0.019,0.165,0.386,0.197,0.995,0.8,0.658,0.214,0.564,0.959,0.738,0.69,0.922,0.97,0.912,0.753,0.515
354,0.726,0.421,0.272,0.014,0.877,0.136,0.166,0.319,0.373,0.922,0.663,0.848,0.82,0.6,0.284,0.66,0.61,0.376,0.659,0.824,0.831,0.638,0.481,0.605,0.946,0.19,0.327,0.488,0.382,0.878,0.468,0.513,0.646,0.575,0.522,0.376,0.565,0.8,0.55,0.743,0.033,0.897,0.072,0.917,0.948,0.861,0.37,0.012,0.363,0.568,0.606,0.698,0.971,0.812,0.912,0.116,0.786,0.906,0.988,0.031,0.851,0.245,0.694,0.649
356,0.318,0.552,0.263,0.849,0.595,0.393,0.309,0.006,0.823,0.432,0.473,0.378,0.112,0.324,0.539,0.43,0.358,0.103,0.508,0.222,0.435,0.088,0.168,0.784,0.598,0.475,0.905,0.895,0.826,0.438,0.481,0.259,0.218,0.629,0.74,0.572,0.23,0.334,0.212,0.812,0.557,0.588,0.879,0.705,0.743,0.171,0.624,0.851,0.19,0.287,0.418,0.687,0.668,0.544,0.919,0.349,0.892,0.506,0.266,0.738,0.141,0.623,0.022,0.742
358,0.944,0.605,0.214,0.377,0.853,0.762,0.153,0.041,0.611,0.927,0.84,0.442,0.026,0.058,0.317,0.01,0.389,0.804,0.103,0.554,0.284,0.525,0.154,0.018,0.995,0.698,0.022,0.841,0.801,0.141,0.467,0.873,0.385,0.531,0.008,0.511,0.263,0.111,0.558,0.046,0.453,0.355,0.855,0.747,0.585,0.452,0.05,0.103,0.563,0.058,0.134,0.08,0.494,0.531,0.029,0.8,0.279,0.956,0.952,0.893,0.965,0.244,0.816,0.339
360,0.905,0.073,0.696,0.932,0.14,0.173,0.205,0.75,0.921,0.474,0.109,0.17,0.72,0.45,0.08,0.488,0.836,0.378,0.573,0.967,0.836,0.726,0.415,0.063,0.583,0.07,0.325,0.532,0.638,0.441,0.278,0.41,0.217,0.427,0.573,0.79,0.736,0.214,0.784,0.358,0.054,0.878,0.082,0.746,0.957,0.22,0.516,0.438,0.737,0.295,0.921,0.431,0.806,0.692,0.501,0.59,0.1,0.76,0.844,0.52,0.27,0.43,0.315,0.627
362,0.255,0.786,0.225,0.469,0.362,0.123,0.406,0.448,0.337,0.364,0.334,0.868,0.177,0.777,0.554,0.48,0.174,0.992,0.691,0.559,0.035,0.104,0.831,0.193,0.869,0.296,0.307,0.567,0.627,0.205,0.333,0.585,0.177,0.199,0.593,0.053,0.924,0.662,0.35,0.872,0.896,0.649,0.608,0.5,0.722,0.9,0.824,0.59,0.095,0.265,0.488,0.617,0.794,0.613,0.522,0.949,0.841,0.221,0.85,0.172,0.328,0.491,0.227,0.603
364,0.683,0.247,0.886,0.749,0.359,0.879,0.688,0.978,0.698,0.953,0.518,0.613,0.131,0.894,0.715,0.463,0.334,0.201,0.448,0.271,0.692,0.322,0.697,0.623,0.231,0.889,0.068,0.291,0.149,0.615,0.666,0.452,0.63,0.912,0.814,0.788,0.344,0.853,0.834,0.325,0.933,0.252,0.617,0.385,0.944,0.325,0.098,0.093,0.168,0.471,0.279,0.932,0.002,0.28,0.146,0.371,0.137,0.659,0.919,0.302,0.718,0.933,0.741,0.453
366,0.851,0.798,0.123,0.558,0.349,0.499,0.705,0.454,0.885,0.857,0.915,0.241,0.081,0.42,0.992,0.085,0.73,0.032,0.154,0.436,0.321,0.096,0.749,0.82,0.598,0.082,0.834,0.879,0.855,0.647,0.603,0.531,0.788,0.428,0.448,0.488,0.576,0.908,0.274,0.187,0.415,0.242,0.488,0.367,0.344,0.138,0.262,0.084,0.351,0.793,0.231,0.6,0.9,0.732,0.101,0.58,0.678,0.896,0.595,0.566,0.86,0.111,0.717,0.589
368,0.952,0.697,0.165,0.886,0.591,0.982,0.638,0.787,0.16,0.623,0.563,0.41,0.631,0.835,0.857,0.704,0.683,0.026,0.377,0.306,0.133,0.699,0.499,0.878,0.289,0.098,0.325,0.533,0.174,0.292,0.456,0.322,0.046,0.098,0.568,0.522,0.094,0.958,0.177,0.987,0.665,0.531,0.074,0.774,0.381,0.26,0.634,0.306,0.938,0.729,0.567,0.226,0.035,0.894,0.09,0.133,0.769,0.789,0.859,0.722,0.085,0.159,0.159,0.551
370,0.348,0.089,0.268,0.525,0.218,0.994,0.854,0.6,0.431,0.1,0.103,0.366,0.429,0.925,0.72,0.486,0.206,0.395,0.28,0.612,0.896,0.132,0.907,0.373,0.028,0.856,0.855,0.379,0.289,0.156,0.981,0.51,0.175,0.959,0.227,0.698,0.586,0.263,0.906,0.501,0.282,0.829,0.128,0.883,0.68,0.094,0.951,0.648,0.317,0.889,0.443,0.809,0.846,0.413,0.032,0.666,0.224,0.324,0.816,0.063,0.777,0.03,0.288,0.802
372,0.005,0.711,0.307,0.583,0.085,0.184,0.231,0.297,0.076,0.489,0.409,0.964,0.101,0.854,0.423,0.629,0.42,0.305,0.591,0.743,0.452,0.896,0.627,0.158,0.469,0.074,0.345,0.99,0.258,0.374,0.451,0.206,0.887,0.553,0.3,0.327,0.843,0.354,0.652,0.262,0.629,0.71,0.685,0.534,0.479,0.774,0.397,0.638,0.094,0.092,0.193,0.621,0.328,0.655,0.203,0.904,0.511,0.357,0.117,0.251,0.251,0.359,0.543,0.532
374,0.355,0.04,0.129,0.902,0.576,0.341,0.974,0.761,0.272,0.033,0.146,0.559,0.145,0.592,0.387,0.373,0.396,0.425,0.577,0.076,0.107,0.082,0.442,0.534,0.017,0.281,0.596,0.284,0.466,0.23,0.022,0.519,0.06,0.124,0.704,0.438,0.228,0.352,0.887,0.237,0.236,0.757,0.913,0.531,0.85,0.467,0.24,0.076,0.661,0.978,0.403,0.554,0.149,0.047,0.204,0.197,0.655,0.645,0.309,0.365,0.798,0.885,0.678,0.635
376,0.476,0.507,0.767,0.155,0.862,0.835,0.847,0.302,0.817,0.831,0.344,0.077,0.085,0.766,0.121,0.057,0.467,0.412,0.713,0.534,0.467,0.207,0.091,0.765,0.902,0.688,0.552,0.83,0.863,0.769,0.41,0.405,0.203,0.262,0.704,0.178,0.905,0.471,0.317,0.71,0.048,0.949,0.609,0.295,0.65,0.139,0.076,0.424,0.317,0.278,0.166,0.823,0.741,0.162,0.793,0.592,0.735,0.251,0.411,0.555,0.145,0.919,0.725,0.91
378,0.437,0.258,0.38,0.076,0.824,0.919,0.385,0.762,0.12,0.661,0.667,0.246,0.572,0.619,0.453,0.727,0.72,0.043,0.687,0.653,0.91,0.021,0.395,0.463,0.257,0.76,0.678,0.81,0.031,0.834,0.73,0.68,0.846,0.059,0.113,0.242,0.468,0.35,0.391,0.492,0.548,0.407,0.319,0.712,0.887,0.298,0.431,0.181,0.03,0.542,0.706,0.066,0.817,0.448,0.48,0.932,0.55,0.921,0.968,0.199,0.753,0.436,0.884,0.582
380,0.068,0.028,0.616,0.641,0.879,0.33,0.195,0.185,0.188,0.853,0.237,0.98,0.988,0.591,0.898,0.73,0.428,0.894,0.716,0.007,0.734,0.648,0.038,0.687,0.838,0.652,0.128,0.303,0.106,0.878,0.886,0.469,0.099,0.897,0.136,0.873,0.356,0.102,0.531,0.503,0.497,0.438,0.335,0.187,0.54,0.991,0.494,0.802,0.511,0.779,0.127,0.974,0.478,0.742,0.708,0.376,0.722,0.8,0.454,0.736,0.668,0.489,0.564,0.18
382,0.322,0.499,0.723,0.847,0.361,0.432,0.65,0.834,0.546,0.933,0.061,0.63,0.251,0.926,0.256,0.752,0.425,0.766,0.12,0.363,0.715,0.936,0.43,0.949,0.166,0.583,0.571,0.299,0.223,0.183,0.797,0.869,0.655,0.786,0.58,0.743,0.171,0.111,0.451,0.871,0.137,0.444,0.109,0.583,0.352,0.895,0.007,0.388,0.405,0.082,0.171,0.946,0.426,0.646,0.144,0.109,0.848,0.963,0.13,0.523,0.771,0.931,0.483,0.881
384,0.281,0.161,0.815,0.314,0.627,0.673,0.899,0.511,0.143,0.474,0.929,0.923,0.98,0.613,0.911,0.848,0.656,0.736,0.503,0.517,0.927,0.218,0.709,0.638,0.538,0.757,0.75,0.171,0.183,0.34,0.585,0.981,0.659,0.813,0.126,0.605,0.483,0.03,0.974,0.478,0.471,0.703,0.359,0.69,0.726,0.018,0.319,0.868,0.378,0.151,0.012,0.517,0.481,0.137,0.156,0.38,0.142,0.879,0.972,0.391,0.54,0.036,0.746,0.254
386,0.905,0.323,0.31,0.839,0.058,0.977,0.578,0.975,0.968,0.137,0.921,0.84,0.544,0.486,0.914,0.51,0.219,0.041,0.827,0.917,0.533,0.971,0.799,0.918,0.171,0.409,0.836,0.402,0.953,0.513,0.193,0.496,0.476,0.831,0.031,0.79,0.072,0.402,0.3,0.604,0.273,0.378,0.156,0.952,0.985,0.815,0.392,0.445,0.535,0.495,0.685,0.019,0.399,0.135,0.906,0.48,0.341,0.993,0.486,0.161,0.77,0.862,0.235,0.05
388,0.317,0.872,0.254,0.078,0.524,0.177,0.377,0.112,0.365,0.369,0.813,0.181,0.138,0.532,0.044,0.62,0.525,0.741,0.097,0.916,0.917,0.631,0.584,0.838,0.796,0.128,0.793,0.188,0.293,0.949,0.039,0.669,0.261,0.677,0.501,0.067,0.135,0.23,0.115,0.779,0.452,0.063,0.932,0.702,0.561,0.23,0.497,0.527,0.902,0.991,0.685,0.154,0.648,0.038,0.78,0.179,0.276,0.998,0.927,0.729,0.102,0.222,0.739,0.221
390,0.893,0.678,0.686,0.105,0.287,0.54,0.251,0.778,0.892,0.881,0.065,0.087,0.69,0.099,0.89,0.07,0.804,0.412,0.792,0.891,0.726,0.298,0.169,0.245,0.145,0.884,0.347,0.161,0.032,0.286,0.523,0.467,0.95,0.863,0.282,0.229,0.718,0.407,0.606,0.955,0.223,0.384,0.253,0.77,0.247,0.704,0.49,0.923,0.571,0.266,0.934,0.557,0.742,0.246,0.504,0.273,0.584,0.954,0.611,0.103,0.563,0.451,0.506,0.324
392,0.974,0.484,0.747,0.919,0.562,0.71,0.901,0.247,0.364,0.407,0.38,0.857,0.39,0.526,0.253,0.315,0.493,0.669,0.021,0.598,0.926,0.953,0.169,0.42,0.212,0.667,0.769,0.499,0.788,0.828,0.072,0.429,0.969,0.703,0.741,0.55,0.951,0.044,0.987,0.068,0.152,0.599,0.034,0.683,0.857,0.114,0.484,0.659,0.639,0.291,0.995,0.012,0.306,0.211,0.289,0.796,0.511,0.056,0.154,0.163,0.592,0.737,0.78,0.136
394,0.661,0.487,0.931,0.526,0.95,0.699,0.116,0.988,0.015,0.049,0.596,0.681,0.728,0.37,0.882,0.836,0.615,0.372,0.101,0.673,0.03,0.563,0.006,0.239,0.065,0.195,0.594,0.205,0.508,0.784,0.326,0.575,0.672,0.729,0.727,0.484,0.495,0.59,0.388,0.325,0.267,0.348,0.196,0.174,0.804,0.261,0.916,0.118,0.781,0.772,0.866,0.207,0.42,0.038,0.292,0.835,0.231,0.09,0.337,0.867,0.62,0.319,0.206,0.446
396,0.685,0.899,0.906,0.947,0.397,0.877,0.439,0.333,0.598,0.429,0.708,0.125,0.101,0.195,0.18,0.911,0.039,0.017,0.595,0.151,0.696,0.964,0.911,0.55,0.822,0.586,0.476,0.343,0.157,0.078,0.13,0.707,0.006,0.606,0.997,0.16,0.049,0.137,0.576,0.919,0.533,0.923,0.208,0.341,0.847,0.955,0.059,0.986,0.444,0.124,0.32,0.001,0.473,0.905,0.831,0.532,0.023,0.593,0.976,0.358,0.823,0.92,0.338,0.805
398,0.164,0.043,0.574,0.422,0.863,0.78,0.634,0.176,0.891,0.362,0.911,0.533,0.056,0.766,0.282,0.815,0.871,0.742,0.714,0.285,0.026,0.645,0.187,0.276,0.499,0.983,0.872,0.872,0.214,0.634,0.621,0.187,0.021,0.244,0.622,0.97,0.322,0.106,0.265,0.135,0.966,0.195,0.026,0.56,0.105,0.547,0.777,0.421,0.326,0.129,0.097,0.922,0.971,0.815,0.537,0.989,0.896,0.263,0.419,0.156,0.958,0.177,0.359,0.716
