time,CP6,F7,CP2,FT8,P1,PO8,P9,P4,CPz,P6,FT7,AF8,Fp2,P2,CP5,Pz,O1,FC5,F8,P5,Oz,FC3,P3,PO7,F5,FC2,TP8,CP1,TP7,POz,CP3,T8,Fp1,FC1,F10,F1,C3,T7,C1,C2,C4,FC4,C6,C5,F2,F6,AF3,PO4,P10,P8,P7,PO3,Fz,AF7,FCz,CP4,F4,AF4,Cz,FC6,F9,F3,O2,AFz
-100,0.788,0.302,0.443,0.563,0.127,0.176,0.44,0.463,0.262,0.983,0.959,0.65,0.348,0.049,0.056,0.431,0.968,0.75,0.982,0.973,0.767,0.112,0.553,0.699,0.588,0.797,0.928,0.883,0.536,0.313,0.953,0.313,0.355,0.931,0.217,0.777,0.159,0.341,0.358,0.81,0.911,0.106,0.075,0.767,0.436,0.41,0.435,0.343,0.592,0.12,0.823,0.057,0.318,0.775,0.266,0.211,0.497,0.512,0.869,0.436,0.925,0.224,0.826,0.414
-98,0.463,0.286,0.674,0.269,0.876,0.952,0.999,0.183,0.515,0.444,0.393,0.673,0.044,0.038,0.93,0.416,0.242,0.133,0.571,0.6,0.892,0.617,0.872,0.692,0.467,0.087,0.048,0.901,0.645,0.992,0.296,0.726,0.455,0.218,0.735,0.669,0.775,0.576,0.196,0.218,0.367,0.573,0.719,0.269,0.236,0.493,0.237,0.704,0.592,0.644,0.287,0.038,0.801,0.864,0.387,0.046,0.751,0.937,0.072,0.077,0.577,0.708,0.873,0.946
-96,0.415,0.589,0.43,0.243,0.811,0.147,0.323,0.18,0.194,0.674,0.832,0.721,0.804,0.084,0.782,0.635,0.063,0.126,0.042,0.869,0.472,0.072,0.807,0.767,0.396,0.979,0.426,0.221,0.34,0.344,0.016,0.635,0.63,0.163,0.261,0.748,0.824,0.569,0.179,0.224,0.608,0.838,0.493,0.926,0.799,0.022,0.192,0.865,0.173,0.824,0.482,0.457,0.195,0.924,0.918,0.96,0.47,1.0,0.641,0.113,0.871,0.71,0.968,0.361
-94,0.577,0.578,0.248,0.863,0.232,0.561,0.195,0.899,0.928,0.45,0.468,0.274,0.924,0.473,0.541,0.771,0.349,0.698,0.745,0.152,0.39,0.141,0.535,0.265,0.822,0.126,0.354,0.107,0.126,0.502,0.474,0.112,0.758,0.875,0.003,0.465,0.678,0.419,0.215,0.563,0.143,0.572,0.02,0.173,0.695,0.358,0.398,0.517,0.982,0.733,0.041,0.263,0.703,0.265,0.887,0.076,0.655,0.232,0.217,0.955,0.977,0.884,0.251,0.859
-92,0.908,0.369,0.984,0.987,0.242,0.913,0.73,0.299,0.226,0.25,0.345,0.867,0.446,0.768,0.276,0.614,0.726,0.088,0.073,0.154,0.95,0.928,0.585,0.836,0.474,0.483,0.025,0.067,0.514,0.963,0.149,0.537,0.715,0.712,0.682,0.291,0.443,0.578,0.13,0.548,0.188,0.065,0.119,0.674,0.644,0.734,0.496,0.178,0.228,0.298,0.694,0.275,0.082,0.699,0.824,0.475,0.034,0.895,0.152,0.681,0.131,0.862,0.095,0.789
-90,0.861,0.677,0.106,0.666,0.78,0.085,0.799,0.639,0.239,0.265,0.62,0.558,0.82,0.035,0.812,0.838,0.255,0.425,0.891,0.012,0.804,0.36,0.867,0.84,0.235,0.488,0.713,0.076,0.845,0.378,0.219,0.095,0.829,0.067,0.948,0.29,0.151,0.443,0.385,0.962,0.105,0.455,0.176,0.432,0.611,0.58,0.766,0.24,0.255,0.622,0.746,0.424,0.537,0.953,0.679,0.592,0.866,0.783,0.186,0.059,0.763,0.079,0.617,0.336
-88,0.113,0.275,0.932,0.995,0.655,0.711,0.843,0.925,0.621,0.412,0.055,0.706,0.547,0.699,0.654,0.001,0.946,0.556,0.657,0.974,0.408,0.354,0.447,0.509,0.36,0.949,0.274,0.237,0.162,0.166,0.188,0.44,0.374,0.955,0.315,0.48,0.072,0.675,0.849,0.864,0.635,0.158,0.714,0.81,0.638,0.773,0.645,0.364,0.111,0.904,0.733,0.074,0.047,0.835,0.279,0.719,0.302,0.66,0.344,0.636,0.496,0.514,0.351,0.878
-86,0.016,0.687,0.371,0.655,0.021,0.972,0.933,0.607,0.183,0.55,0.969,0.779,0.38,0.026,0.371,0.635,0.116,0.133,0.758,0.401,0.897,0.447,0.037,0.534,0.563,0.364,0.792,0.809,0.06,0.338,0.334,0.026,0.824,0.076,0.133,0.724,0.554,0.906,0.03,0.636,0.188,0.093,0.65,0.674,0.358,0.404,0.478,0.243,0.034,0.053,0.585,0.154,0.62,0.51,0.37,0.37,0.687,0.578,0.221,0.373,0.068,0.941,0.012,0.561
-84,0.02,0.864,0.51,0.951,0.12,0.083,0.035,0.19,0.483,0.375,0.445,0.532,0.373,0.965,0.876,0.302,0.629,0.899,0.994,0.688,0.479,0.335,0.509,0.498,0.591,0.287,0.494,0.644,0.736,0.621,0.455,0.454,0.285,0.335,0.781,0.9,0.685,0.247,0.606,0.409,0.752,0.638,0.582,0.808,0.786,0.726,0.207,0.213,0.838,0.655,0.392,0.028,0.3,0.461,0.303,0.624,0.398,0.342,0.512,0.502,0.221,0.824,0.651,0.461
-82,0.893,0.984,0.908,0.438,0.45,0.891,0.116,0.257,0.52,0.788,0.408,0.677,0.176,0.183,0.56,0.492,0.196,0.824,0.585,0.269,0.062,0.292,0.527,0.908,0.311,0.41,0.073,0.803,0.798,0.581,0.152,0.208,0.054,0.423,0.263,0.093,0.17,0.087,0.773,0.934,0.803,0.115,0.929,0.199,0.468,0.135,0.823,0.132,0.541,0.275,0.053,0.641,0.281,0.428,0.832,0.63,0.167,0.125,0.179,0.62,0.602,0.918,0.163,0.025
-80,0.933,0.514,0.571,0.593,0.802,0.213,0.524,0.035,0.363,0.269,0.881,0.895,0.633,0.533,0.214,0.605,0.521,0.822,0.255,0.221,0.708,0.269,0.581,0.073,0.234,0.959,0.751,0.793,0.198,0.775,0.383,0.963,0.271,0.23,0.189,0.194,0.167,0.099,0.594,0.779,0.48,0.25,0.2,0.591,0.088,0.081,0.4,0.888,0.787,0.684,0.712,0.469,0.893,0.291,0.235,0.866,0.092,0.583,0.941,0.679,0.084,0.861,0.942,0.208
-78,0.08,0.887,0.578,0.694,0.61,0.528,0.032,0.207,0.776,0.09,0.066,0.787,0.117,0.603,0.453,0.635,0.549,0.372,0.663,0.621,0.322,0.665,0.02,0.459,0.843,0.771,0.115,0.393,0.715,0.72,0.885,0.266,0.838,0.675,0.145,0.383,0.454,0.225,0.59,0.324,0.119,0.725,0.34,0.251,0.274,0.129,0.848,0.17,0.493,0.543,0.481,0.458,0.138,0.372,0.213,0.422,0.285,0.575,0.587,0.455,0.629,0.88,0.991,0.265
-76,0.243,0.138,0.085,0.926,0.482,0.977,0.357,0.092,0.007,0.169,0.85,0.382,0.708,0.458,0.448,0.546,0.962,0.699,0.425,0.971,0.567,0.13,0.059,0.952,0.701,0.427,0.124,0.89,0.771,0.945,0.222,0.576,0.105,0.155,0.678,0.703,0.973,0.676,0.011,0.828,0.056,0.283,0.738,0.549,0.322,0.088,0.124,0.838,0.028,0.847,0.224,0.281,0.666,0.326,0.792,0.903,0.65,0.225,0.732,0.939,0.672,0.311,0.092,0.568
-74,0.674,0.89,0.676,0.913,0.213,0.421,0.776,0.183,0.486,0.74,0.312,0.018,0.09,0.765,0.142,0.378,0.333,0.69,0.988,0.206,0.194,0.038,0.173,0.201,0.419,0.314,0.842,0.839,0.914,0.802,0.695,0.152,0.036,0.662,0.938,0.94,0.605,0.443,0.199,0.166,0.313,0.002,0.834,0.371,0.891,0.758,0.435,0.328,0.506,0.111,0.395,0.044,0.538,0.46,0.574,0.116,0.297,0.074,0.25,0.063,0.379,0.626,0.197,0.019
-72,0.461,0.77,0.181,0.849,0.264,0.687,0.408,0.057,0.35,0.49,0.555,0.483,0.001,0.055,0.834,0.639,0.428,0.089,0.671,0.441,0.872,0.821,0.708,0.249,0.289,0.204,0.032,0.446,0.805,0.419,0.761,0.926,0.007,0.587,0.956,0.906,0.977,0.269,0.757,0.672,0.496,0.437,0.473,0.058,0.625,0.715,0.047,0.208,0.781,0.54,0.479,0.104,0.758,0.111,0.342,0.04,0.873,0.841,0.495,0.41,0.78,0.706,0.993,0.894
-70,0.47,0.075,0.909,0.773,0.987,0.183,0.893,0.946,0.078,0.543,0.083,0.943,0.032,0.828,0.854,0.418,0.458,0.881,0.297,0.688,0.768,0.699,0.908,0.468,0.666,0.44,0.561,0.367,0.474,0.689,0.507,0.807,0.558,0.365,0.587,0.496,0.408,0.983,0.035,0.32,0.345,0.756,0.91,0.964,0.513,0.217,0.577,0.199,0.298,0.649,0.826,0.905,0.015,0.642,0.058,0.678,0.898,0.934,0.288,0.368,0.991,0.854,0.429,0.413
-68,0.189,0.62,0.81,0.396,0.326,0.044,0.182,0.597,0.682,0.434,0.962,0.199,0.845,0.366,0.019,0.716,0.886,0.632,0.25,0.794,0.321,0.331,0.295,0.557,0.219,0.512,0.647,0.654,0.001,0.494,0.253,0.598,0.029,0.113,0.995,0.098,0.302,0.672,0.028,0.474,0.808,0.775,0.888,0.431,0.057,0.877,0.524,0.464,0.21,0.784,0.124,0.558,0.763,0.232,0.603,0.492,0.874,0.525,0.351,0.752,0.236,0.516,0.953,0.706
-66,0.104,0.197,0.108,0.383,0.661,0.254,0.356,0.933,0.996,0.291,0.773,0.016,0.485,0.795,0.604,0.75,0.393,0.712,0.61,0.134,0.084,0.458,0.389,0.737,0.579,0.065,0.662,0.947,0.588,0.345,0.488,0.82,0.209,0.71,0.339,0.619,0.889,0.553,0.96,0.456,0.183,0.352,0.39,0.778,0.557,0.931,0.488,0.538,0.178,0.849,0.027,0.38,0.988,0.675,0.216,0.821,0.847,0.637,0.653,0.956,0.359,0.1,0.947,0.947
-64,0.332,0.667,0.74,0.308,0.55,0.786,0.125,0.022,0.228,0.123,0.664,0.139,0.443,0.054,0.643,0.414,0.781,0.64,0.766,0.957,0.879,0.879,0.083,0.044,0.33,0.273,0.459,0.342,0.621,0.28,0.179,0.268,0.283,0.472,0.446,0.777,0.342,0.916,0.187,0.254,0.624,0.828,0.171,0.783,0.927,0.348,0.383,0.625,0.388,0.814,0.962,0.031,0.504,0.534,0.795,0.253,0.549,0.255,0.671,0.164,0.37,0.182,0.673,0.182
-62,0.062,0.456,0.866,0.547,0.739,0.439,0.968,0.523,0.572,0.052,0.618,0.398,0.649,0.572,0.41,0.485,0.211,0.555,0.343,0.392,0.656,0.575,0.748,0.39,0.076,0.283,0.231,0.335,0.113,0.051,0.179,0.574,0.359,0.125,0.394,0.711,0.562,0.416,0.959,0.632,0.846,0.067,0.777,0.633,0.51,0.43,0.263,0.792,0.611,0.653,0.901,0.487,0.315,0.309,0.182,0.124,0.777,0.862,0.89,0.86,0.541,0.664,0.684,0.492
-60,0.877,0.767,0.289,0.802,0.924,0.669,0.935,0.709,0.676,0.504,0.96,0.117,0.759,0.736,0.46,0.118,0.973,0.645,0.154,0.145,0.27,0.891,0.235,0.325,0.603,0.457,0.866,0.74,0.399,0.394,0.346,0.586,0.149,0.329,0.362,0.544,0.46,0.681,0.973,0.321,0.748,0.568,0.764,0.615,0.461,0.109,0.048,0.139,0.484,0.031,0.819,0.079,0.023,0.461,0.654,0.615,0.217,0.884,0.241,0.979,0.25,0.77,0.481,0.594
-58,0.474,0.888,0.725,0.714,0.081,0.339,0.919,0.296,0.575,0.996,0.457,0.368,0.158,0.829,0.341,0.881,0.125,0.739,0.039,0.364,0.572,0.517,0.014,0.995,0.161,0.162,0.056,0.94,0.84,0.55,0.17,0.316,0.399,0.962,0.058,0.548,0.759,0.407,0.152,0.319,0.363,0.223,0.181,0.889,0.463,0.656,0.112,0.236,0.852,0.014,0.031,0.677,0.336,0.601,0.975,0.969,0.082,0.386,0.354,0.58,0.801,0.588,0.766,0.571
-56,0.798,0.832,0.108,0.145,0.499,0.304,0.709,0.134,0.907,0.563,0.064,0.846,0.622,0.957,0.219,0.828,0.521,0.096,0.693,0.714,0.674,0.194,0.355,0.57,0.88,0.727,0.337,0.896,0.851,0.491,0.128,0.521,0.061,0.583,0.235,0.136,0.775,0.723,0.566,0.668,0.375,0.079,0.173,0.381,0.865,0.224,0.877,0.275,0.672,0.321,0.052,0.319,0.761,0.328,0.82,0.735,0.691,0.651,0.26,0.579,0.221,0.096,0.12,0.051
-54,0.889,0.092,0.819,0.853,0.284,0.873,0.529,0.927,0.554,0.752,0.029,0.789,0.155,0.841,0.587,0.204,0.128,0.73,0.881,0.422,0.372,0.219,0.298,0.958,0.426,0.916,0.989,0.912,0.996,0.717,0.366,0.977,0.996,0.905,0.671,0.433,0.686,0.368,0.554,0.024,0.502,0.23,0.369,0.704,0.131,0.695,0.279,0.414,0.152,0.569,0.997,0.388,0.967,0.84,0.399,0.247,0.325,0.99,0.091,0.192,0.546,0.841,0.202,0.516
-52,0.257,0.451,0.446,0.636,0.569,0.966,0.942,0.106,0.829,0.194,0.283,0.645,0.26,0.729,0.044,0.205,0.422,0.537,0.727,0.949,0.996,0.754,0.995,0.051,0.88,0.881,0.619,0.055,0.354,0.84,0.379,0.909,0.758,0.534,0.866,0.249,0.448,0.213,0.333,0.898,0.125,0.391,0.768,0.282,0.385,0.599,0.043,0.576,0.009,0.614,0.302,0.232,0.761,0.242,0.88,0.019,0.854,0.1,0.243,0.522,0.505,0.284,0.084,0.634
-50,0.779,0.424,0.27,0.609,0.463,0.729,0.398,0.362,1.0,0.139,0.889,0.447,0.911,0.592,0.264,0.713,0.024,0.949,0.293,0.714,0.849,0.05,0.015,0.234,0.915,0.153,0.743,0.941,0.294,0.04,0.374,0.19,0.424,0.706,0.569,0.194,0.409,0.428,0.118,0.77,0.502,0.802,0.133,0.123,0.463,0.291,0.911,0.99,0.83,0.015,0.342,0.387,0.645,0.967,0.846,0.727,0.222,0.033,0.841,0.239,0.055,0.062,0.056,0.101
-48,0.757,0.496,0.758,0.517,0.645,0.92,0.68,0.549,0.895,0.423,0.798,0.195,0.347,0.13,0.955,0.797,0.181,0.216,0.52,0.793,0.953,0.624,0.615,0.193,0.059,0.242,0.653,0.769,0.033,0.095,0.223,0.233,0.142,0.882,0.82,0.717,0.007,0.074,0.418,0.678,0.336,0.958,0.988,0.131,0.302,0.255,0.683,0.683,0.258,0.694,0.339,0.84,0.584,0.67,0.191,0.192,0.465,0.362,0.097,0.179,0.868,0.252,0.154,0.68
-46,0.618,0.88,0.39,0.246,0.787,0.4,0.052,0.996,0.486,0.988,0.945,0.013,0.1,0.967,0.127,0.54,0.783,0.583,0.475,0.211,0.233,0.838,0.07,0.144,0.57,0.261,0.212,0.451,0.911,0.984,0.438,0.491,0.043,0.906,0.837,0.471,0.151,0.254,0.479,0.291,0.758,0.843,0.703,0.011,0.686,0.343,0.271,0.918,0.971,0.135,0.945,0.542,0.691,0.618,0.805,0.145,0.878,0.054,0.624,0.076,0.856,0.801,0.152,0.436
-44,0.6,0.741,0.014,0.012,0.031,0.234,0.695,0.166,0.979,0.76,0.992,0.196,0.407,0.619,0.264,0.82,0.624,0.468,0.356,0.335,0.073,0.302,0.034,0.973,0.854,0.723,0.991,0.229,0.662,0.483,0.227,0.105,0.955,0.82,0.916,0.424,0.549,0.682,0.808,0.162,0.917,0.031,0.196,0.781,0.226,0.164,0.15,0.038,0.904,0.009,0.166,0.364,0.843,0.478,0.175,0.552,0.048,0.767,0.6,0.109,0.12,0.625,0.694,0.078
-42,0.868,0.735,0.479,0.287,0.273,0.1,0.413,0.179,0.671,0.429,0.133,0.037,0.214,0.029,0.706,0.199,0.544,0.522,0.57,0.148,0.243,0.245,0.958,0.189,0.787,0.229,0.94,0.33,0.581,0.498,0.468,0.131,0.735,0.184,0.435,0.329,0.028,0.284,0.082,0.747,0.465,0.338,0.569,0.35,0.507,0.327,0.871,0.155,0.066,0.027,0.803,0.425,0.938,0.675,0.784,0.062,0.988,0.997,0.941,0.846,0.073,0.049,0.069,0.314
-40,0.66,0.796,0.11,0.141,0.479,0.383,0.521,0.715,0.565,0.342,0.524,0.208,0.358,0.655,0.55,0.778,0.285,0.614,0.808,0.309,0.137,0.901,0.592,0.534,0.028,0.855,0.494,0.188,0.888,0.622,0.393,0.682,0.934,0.597,0.483,0.526,0.288,0.491,0.837,0.083,0.681,0.472,0.506,0.427,0.931,0.85,0.777,0.079,0.249,0.899,0.757,0.933,0.796,0.256,0.518,0.002,0.371,0.151,0.901,0.184,0.431,0.828,0.591,0.669
-38,0.917,0.468,0.86,0.871,0.374,0.941,0.79,0.994,0.452,0.41,0.836,0.683,0.531,0.867,0.494,0.407,0.767,0.196,0.283,0.894,0.651,0.563,0.903,0.027,0.606,0.168,0.173,0.533,0.996,0.313,0.355,0.115,0.231,0.984,0.688,0.01,0.997,0.189,0.451,0.14,0.902,0.764,0.729,0.587,0.181,0.899,0.967,0.668,0.107,0.882,0.488,0.544,0.216,0.174,0.366,0.875,0.997,0.108,0.254,0.262,0.038,0.292,0.238,0.932
-36,0.36,0.275,0.057,0.428,0.397,0.867,0.989,0.758,0.507,0.226,0.883,0.305,0.325,0.219,0.012,0.386,0.146,0.922,0.84,0.624,0.363,0.503,0.372,0.776,0.353,0.182,0.71,0.632,0.857,0.788,0.464,0.36,0.991,0.489,0.117,0.108,0.617,0.264,0.402,0.77,0.623,0.548,0.102,0.709,0.215,0.281,0.252,0.434,0.359,0.57,0.754,0.994,0.411,0.699,0.875,0.752,0.742,0.205,0.168,0.686,0.67,0.162,0.535,0.423
-34,0.717,0.272,0.001,0.432,0.983,0.817,0.576,0.513,0.681,0.575,0.179,0.596,0.29,0.731,0.128,0.458,0.999,0.131,0.344,0.106,0.506,0.986,0.732,0.927,0.41,0.36,0.922,0.519,0.783,0.686,0.163,0.516,0.406,0.884,0.245,0.531,0.306,0.287,0.048,0.135,0.627,0.009,0.694,0.492,0.737,0.193,0.078,0.242,0.705,0.253,0.934,0.521,0.681,0.536,0.181,0.443,0.428,0.82,0.022,0.023,0.334,0.536,0.781,0.855
-32,0.237,0.439,0.493,0.42,0.737,0.244,0.922,0.541,0.79,0.132,0.054,0.679,0.219,0.409,0.479,0.883,0.427,0.102,0.602,0.516,0.992,0.332,0.683,0.177,0.088,0.538,0.66,0.099,0.316,0.827,0.831,0.211,0.49,0.267,0.549,0.31,0.036,0.571,0.646,0.239,0.629,0.363,0.18,0.384,0.791,0.771,0.729,0.774,0.178,0.022,0.621,0.796,0.173,0.794,0.897,0.659,0.59,0.391,0.551,0.259,0.563,0.03,0.229,0.065
-30,0.113,0.438,0.498,0.679,0.451,0.59,0.11,0.024,0.764,0.889,0.294,0.676,0.277,0.639,0.055,0.11,0.883,0.924,0.689,0.194,0.782,0.114,0.36,0.054,0.75,0.119,0.96,0.359,0.029,0.809,0.891,0.137,0.219,0.489,0.429,0.595,0.268,0.227,0.288,0.023,0.246,0.154,0.215,0.972,0.551,0.018,0.382,0.318,0.244,0.981,0.086,0.968,0.911,0.769,0.842,0.462,0.353,0.137,0.051,0.934,0.5,0.662,0.62,0.583
-28,0.966,0.11,0.453,0.756,0.402,0.269,0.43,0.508,0.542,0.679,0.395,0.087,0.504,0.939,0.644,0.112,0.234,0.099,0.293,0.511,0.711,0.577,0.911,0.588,0.588,0.964,0.342,0.307,0.214,0.829,0.289,0.321,0.273,0.612,0.591,0.325,0.346,0.772,0.753,0.549,0.17,0.111,0.459,0.122,0.413,0.215,0.539,0.491,0.575,0.205,0.723,0.459,0.949,0.395,0.813,0.359,0.351,0.466,0.587,0.159,0.203,0.606,0.085,0.873
-26,0.024,0.482,0.044,0.79,0.756,0.534,0.344,0.373,0.426,0.347,0.196,0.469,0.527,0.119,0.719,0.007,0.935,0.656,0.029,0.374,0.486,0.734,0.559,0.977,0.293,0.369,0.878,0.01,0.034,0.114,0.447,0.04,0.6,0.406,0.743,0.82,0.916,0.846,0.349,0.292,0.171,0.43,0.796,0.402,0.001,0.815,0.329,0.41,0.681,0.382,0.643,0.052,0.827,0.687,0.594,0.22,0.272,0.003,0.971,0.444,0.047,0.379,0.609,0.144
-24,0.358,0.13,0.74,0.857,0.293,0.313,0.031,0.897,0.827,0.001,0.966,0.65,0.655,0.091,0.349,0.774,0.827,0.015,0.642,0.63,0.759,0.093,0.86,0.286,0.19,0.309,0.054,0.752,0.016,0.47,0.686,0.533,0.823,0.635,0.091,0.537,0.931,0.558,0.66,0.241,0.572,0.017,0.729,0.061,0.659,0.624,0.386,0.208,0.212,0.629,0.828,0.292,0.198,0.581,0.687,0.889,0.049,0.904,0.029,0.253,0.404,0.147,0.363,0.325
-22,0.576,0.743,0.388,0.327,0.032,0.755,0.948,0.862,0.302,0.526,0.241,0.082,0.464,0.076,0.938,0.803,0.124,0.922,0.317,0.733,0.363,0.778,0.862,0.906,0.753,0.789,0.969,0.822,0.911,0.788,0.021,0.771,0.375,0.207,0.048,0.27,0.803,0.002,0.484,0.223,0.039,0.691,0.248,0.28,0.377,0.237,0.495,0.877,0.978,0.683,0.852,0.583,0.019,0.186,0.91,0.606,0.011,0.333,0.934,0.525,0.91,0.796,0.971,0.548
-20,0.22,0.189,0.999,0.971,0.238,0.555,0.225,0.974,0.6,0.59,0.338,0.076,0.278,0.912,0.348,0.419,0.879,0.307,0.417,0.117,0.872,0.019,0.179,0.279,0.968,0.845,0.545,0.334,0.568,0.257,0.54,0.579,0.317,0.18,0.644,0.415,0.852,0.963,0.676,0.197,0.331,0.184,0.275,0.436,0.755,0.72,0.171,0.583,0.539,0.683,0.951,0.098,0.48,0.212,0.753,0.192,0.271,0.622,0.654,0.711,0.675,0.795,0.504,0.181
-18,0.46,0.563,0.422,0.108,0.507,0.098,0.245,0.886,0.285,0.193,0.514,0.687,0.847,0.52,0.206,0.207,0.974,0.245,0.833,0.708,0.226,0.216,0.152,0.032,0.974,0.91,0.613,0.67,0.577,0.722,0.252,0.824,0.99,0.07,0.514,0.579,0.659,0.727,0.404,0.76,0.915,0.155,0.837,0.618,0.388,0.285,0.478,0.995,0.434,0.007,0.063,0.142,0.116,0.906,0.033,0.065,0.224,0.392,0.131,0.479,0.187,0.171,0.209,0.984
-16,0.768,0.637,0.048,0.156,0.174,0.97,0.27,0.712,0.275,0.101,0.653,0.441,0.294,0.112,0.259,0.83,0.935,0.295,0.933,0.864,0.918,0.361,0.717,0.574,0.375,0.921,0.787,0.711,0.921,0.6,0.452,0.679,0.846,0.985,0.953,0.528,0.887,0.31,0.419,0.717,0.539,0.247,0.842,0.301,0.902,0.263,0.07,0.96,0.72,0.31,0.017,0.826,0.816,0.102,0.739,0.463,0.602,0.201,0.129,0.018,0.25,0.489,0.592,0.122
-14,0.023,0.144,0.18,0.966,0.845,0.579,0.124,0.81,0.061,0.103,0.795,0.904,0.975,0.306,0.753,0.398,0.27,0.744,0.13,0.575,0.836,0.711,0.165,0.133,0.248,0.259,0.347,0.647,0.304,0.767,0.186,0.55,0.202,0.38,0.264,0.126,0.537,0.927,0.123,0.273,0.184,0.811,0.451,0.247,0.24,0.719,0.614,0.5,0.798,0.493,0.922,0.136,0.346,0.202,0.182,0.996,0.035,0.182,0.151,0.769,0.541,0.664,0.543,0.286
-12,0.251,0.261,0.816,0.025,0.59,0.56,0.823,0.399,0.967,0.514,0.687,0.237,0.258,0.354,0.896,0.122,0.4,0.535,0.615,0.557,0.95,0.241,0.011,0.873,0.736,0.881,0.946,0.789,0.936,0.544,0.305,0.49,0.069,0.447,0.289,0.083,0.844,0.248,0.381,0.773,0.18,0.452,0.676,0.306,0.028,0.358,0.28,0.069,0.643,0.091,0.282,0.605,0.796,0.115,0.609,0.957,0.943,0.315,0.284,0.975,0.634,0.645,0.676,0.29
-10,0.323,0.57,0.352,0.87,0.589,0.248,0.184,0.93,0.307,0.654,0.415,0.584,0.917,0.793,0.252,0.42,0.463,0.926,0.211,0.686,0.137,0.005,0.119,0.558,0.051,0.066,0.616,0.762,0.676,0.492,0.933,0.213,0.336,0.452,0.311,0.46,0.157,0.202,0.554,0.682,0.898,0.742,0.692,0.624,0.732,0.874,0.056,0.839,0.155,0.531,0.249,0.515,0.731,0.438,0.96,0.803,0.689,0.308,0.774,0.118,0.987,0.655,0.241,0.982
-8,0.983,0.522,0.667,0.619,0.792,0.997,0.766,0.523,0.976,0.177,0.239,0.456,0.42,0.301,0.782,0.312,0.536,0.935,0.252,0.421,0.199,0.692,0.594,0.901,0.109,0.44,0.581,0.14,0.752,0.709,0.931,0.658,0.655,0.477,0.259,0.091,0.13,0.47,0.33,0.709,0.087,0.15,0.968,0.137,0.011,0.51,0.226,0.3,0.124,0.006,0.097,0.686,0.019,0.677,0.174,0.209,0.045,0.048,0.601,0.806,0.813,0.181,0.08,0.201
-6,0.935,0.759,0.953,0.815,0.881,0.046,0.183,0.226,0.711,0.252,0.454,0.564,0.839,0.951,0.477,0.505,0.103,0.517,0.614,0.883,0.371,0.502,0.247,0.965,0.485,0.984,0.134,0.398,0.407,0.739,0.115,0.32,0.377,0.482,0.911,0.453,0.761,0.471,0.438,0.555,0.115,0.269,0.07,0.331,0.066,0.471,0.932,0.223,0.204,0.873,0.916,0.362,0.514,0.85,0.605,0.826,0.445,0.069,0.559,0.019,0.02,0.596,0.78,0.732
-4,0.59,0.745,0.166,0.78,0.773,0.567,0.142,0.698,0.598,0.533,0.807,0.688,0.838,0.333,0.984,0.068,0.923,0.252,0.122,0.373,0.409,0.175,0.037,0.698,0.79,0.896,0.832,0.991,0.632,0.05,0.263,0.887,0.777,0.293,0.209,0.209,0.346,0.908,0.658,0.704,0.236,0.3,0.316,0.929,0.46,0.624,0.298,0.167,0.841,0.304,0.744,0.643,0.604,0.706,0.419,0.145,0.544,0.919,0.488,0.961,0.777,0.181,0.135,0.302
-2,0.089,0.595,0.832,0.053,0.844,0.423,0.318,0.464,0.692,0.469,0.433,0.088,0.594,0.687,0.169,0.236,0.777,0.943,0.574,0.165,0.528,0.364,0.574,0.274,0.404,0.925,0.576,0.677,0.118,0.606,0.621,0.997,0.215,0.769,0.768,0.418,0.149,0.355,0.739,0.841,0.503,0.345,0.663,0.867,0.189,0.189,0.87,0.04,0.784,0.385,0.244,0.181,0.731,0.281,0.323,0.645,0.089,0.754,0.377,0.391,0.902,0.397,0.994,0.624
0,0.373,0.258,0.684,0.518,0.274,0.853,0.173,0.974,0.817,0.255,0.794,0.181,0.288,0.886,0.752,0.189,0.177,0.352,0.434,0.978,0.4,0.979,0.964,0.457,0.292,0.009,0.55,0.651,0.035,0.187,0.034,0.949,0.415,0.024,0.073,0.937,0.681,0.191,0.998,0.013,0.076,0.862,0.726,0.238,0.01,0.793,0.989,0.38,0.111,0.773,0.919,0.379,0.603,0.822,0.481,0.579,0.925,0.045,0.439,0.109,0.82,0.395,0.277,0.709
2,0.347,0.146,0.188,0.544,0.883,0.289,0.645,0.697,0.353,0.092,0.75,0.254,0.246,0.296,0.193,0.943,0.151,0.827,0.196,0.026,0.24,0.535,0.902,0.694,0.335,0.943,0.735,0.025,0.807,0.259,0.081,0.615,0.655,0.598,0.78,0.015,0.632,0.568,0.75,0.436,0.27,0.571,0.197,0.467,0.792,0.246,0.013,0.2,0.409,0.281,0.731,0.14,0.61,0.769,0.592,0.797,0.731,0.308,0.642,0.323,0.495,0.336,0.985,0.296
4,0.002,0.631,0.958,0.789,0.381,0.311,0.645,0.298,0.913,0.928,0.461,0.47,0.187,0.957,0.739,0.978,0.089,0.838,0.957,0.289,0.517,0.721,0.972,0.832,0.79,0.735,0.182,0.397,0.771,0.713,0.651,0.342,0.57,0.282,0.381,0.935,0.164,0.042,0.134,0.637,0.74,0.482,0.335,0.97,0.888,0.277,0.306,0.422,0.425,0.444,0.617,0.409,0.219,0.329,0.164,0.345,0.772,0.149,0.083,0.533,0.025,0.424,0.743,0.661
6,0.798,0.475,0.186,0.02,0.637,0.341,0.712,0.086,0.568,0.147,0.009,0.133,0.104,0.397,0.918,0.04,0.74,0.96,0.516,0.904,0.121,0.655,0.176,0.886,0.448,0.364,0.548,0.118,0.279,0.738,0.496,0.218,0.137,0.19,0.767,0.571,0.047,0.868,0.897,0.563,0.589,0.288,0.793,0.238,0.551,0.643,0.803,0.569,0.892,0.718,0.872,0.545,0.796,0.776,0.726,0.249,0.675,0.303,0.344,0.863,0.636,0.871,0.809,0.697
8,0.713,0.647,0.741,0.124,0.953,0.433,0.255,0.1,0.624,0.377,0.635,0.599,0.974,0.95,0.935,0.537,0.311,0.783,0.882,0.816,0.815,0.599,0.978,0.88,0.209,0.87,0.596,0.42,0.371,0.026,0.417,0.026,0.415,0.145,0.489,0.352,0.631,0.434,0.554,0.035,0.351,0.86,0.699,0.495,0.529,0.654,0.922,0.717,0.818,0.591,0.964,0.205,0.831,0.556,0.901,0.676,0.304,0.461,0.388,0.933,0.963,0.636,0.199,0.316
10,0.72,0.734,0.941,0.724,0.117,0.711,0.109,0.244,0.313,0.676,0.685,0.721,0.594,0.551,0.963,0.757,0.104,0.566,0.666,0.978,0.768,0.831,0.682,0.082,0.688,0.044,0.676,0.638,0.014,0.674,0.527,0.422,0.812,0.293,0.823,0.225,0.117,0.191,0.747,0.342,0.109,0.187,0.453,0.538,0.729,0.637,0.706,0.232,0.125,0.898,0.134,0.045,0.962,0.508,0.905,0.918,0.861,0.3,0.576,0.221,0.884,0.006,0.126,0.364
12,0.883,0.142,0.374,0.055,0.217,0.847,0.981,0.144,0.146,0.054,0.286,0.597,0.995,0.078,0.264,0.029,0.184,0.633,0.236,0.343,0.07,0.255,0.084,0.669,0.718,0.569,0.44,0.423,0.874,0.075,0.738,0.672,0.036,0.838,0.07,0.925,0.264,0.535,0.12,0.297,0.092,0.156,0.029,0.647,0.561,0.949,0.533,0.678,0.32,0.227,0.088,0.372,0.049,0.985,0.914,0.015,0.327,0.239,0.42,0.364,0.211,0.923,0.439,0.123
14,0.097,0.634,0.366,0.955,0.106,0.709,0.555,0.152,0.823,0.258,0.992,0.143,0.527,0.234,0.095,0.942,0.305,0.859,0.666,0.034,0.36,0.748,0.822,0.779,0.001,0.728,0.952,0.505,0.111,0.987,0.648,0.3,0.896,0.462,0.309,0.602,0.321,0.765,0.649,0.474,0.111,0.769,0.348,0.419,0.077,0.474,0.993,0.275,0.549,0.366,0.371,0.341,0.901,0.633,0.312,0.536,0.774,0.853,0.501,0.947,0.074,0.19,0.416,0.874
16,0.941,0.383,0.263,0.996,0.931,0.328,0.822,0.23,0.114,0.237,0.416,0.688,0.789,0.969,0.055,0.557,0.781,0.609,0.643,0.718,0.508,0.451,0.618,0.83,0.003,0.815,0.957,0.788,0.786,0.431,0.267,0.921,0.061,0.265,0.62,0.888,0.814,0.888,0.311,0.025,0.264,0.172,0.274,0.271,0.783,0.819,0.905,0.336,0.416,0.353,0.881,0.082,0.757,0.326,0.23,0.879,0.818,0.092,0.725,0.71,0.155,0.869,0.564,0.492
18,0.207,0.548,0.289,0.423,0.428,0.387,0.925,0.341,0.445,0.704,0.001,0.728,0.783,0.152,0.304,0.227,0.149,0.942,0.562,0.756,0.698,0.61,0.872,0.033,0.923,0.76,0.493,0.076,0.323,0.299,0.151,0.214,0.572,0.598,0.845,0.816,0.438,0.859,0.081,0.147,0.174,0.421,0.141,0.033,0.651,0.383,0.756,0.205,0.017,0.439,0.927,0.836,0.992,0.337,0.282,0.987,0.769,0.878,0.648,0.447,0.137,0.659,0.927,0.627
20,0.272,0.958,0.847,0.092,0.223,0.948,0.966,0.82,0.813,0.546,0.222,0.071,0.003,0.383,0.206,0.461,0.017,0.813,0.44,0.706,0.796,0.697,0.472,0.455,0.55,0.667,0.739,0.868,0.457,0.114,0.306,0.556,0.938,0.686,0.81,0.056,0.023,0.619,0.915,0.957,0.949,0.821,0.408,0.166,0.905,0.522,0.391,0.452,0.261,0.285,0.137,0.627,0.879,0.068,0.776,0.488,0.921,0.354,0.644,0.668,0.661,0.453,0.868,0.953
22,0.556,0.637,0.071,0.987,0.733,0.603,0.778,0.378,0.814,0.427,0.671,0.499,0.448,0.1,0.085,0.63,0.648,0.704,0.601,0.977,0.815,0.028,0.904,0.55,0.244,0.693,0.216,0.17,0.913,0.961,0.776,0.727,0.997,0.495,0.91,0.029,0.273,0.196,0.726,0.808,0.22,0.97,0.934,0.429,0.906,0.984,0.665,0.172,0.024,0.534,0.415,0.589,0.703,0.716,0.841,0.017,0.386,0.471,0.901,0.853,0.063,0.139,0.78,0.321
24,0.194,0.024,0.491,0.635,0.205,0.75,0.548,0.929,0.147,0.056,0.613,0.219,0.424,0.687,0.982,0.757,0.334,0.214,0.919,0.029,0.215,0.167,0.821,0.038,0.906,0.522,0.491,0.708,0.357,0.098,0.102,0.888,0.048,0.282,0.623,0.234,0.316,0.758,0.205,0.806,0.651,0.489,0.178,0.814,0.82,0.957,0.536,0.825,0.334,0.635,0.479,0.47,0.289,0.399,0.325,0.384,0.591,0.611,0.224,0.349,0.214,0.093,0.236,0.938
26,0.812,0.449,0.514,0.377,0.451,0.25,0.522,0.055,0.185,0.864,0.816,0.943,0.128,0.224,0.605,0.582,0.037,0.805,0.454,0.657,0.366,0.699,0.387,0.554,0.315,0.496,0.877,0.692,0.9,0.787,0.277,0.916,0.809,0.596,0.03,0.559,0.031,0.424,0.483,0.159,0.515,0.704,0.003,0.692,0.599,0.963,0.372,0.921,0.494,0.205,0.642,0.338,0.093,0.474,0.417,0.217,0.901,0.805,0.494,0.866,0.714,0.752,0.66,0.925
28,0.588,0.07,0.643,0.375,0.294,0.038,0.861,0.101,0.441,0.713,0.846,0.639,0.462,0.543,0.291,0.889,0.11,0.531,0.089,0.005,0.393,0.006,0.042,0.361,0.625,0.2,0.74,0.433,0.502,0.085,0.811,0.977,0.829,0.168,0.25,0.982,0.62,0.773,0.125,0.906,0.614,0.971,0.461,0.817,0.508,0.529,0.696,0.207,1.0,0.224,0.991,0.932,0.807,0.587,0.355,0.669,0.307,0.584,0.088,0.119,0.644,0.768,0.704,0.293
30,0.828,0.252,0.512,0.521,0.2,0.755,0.642,0.249,0.857,0.077,0.348,0.743,0.667,0.727,0.591,0.878,0.199,0.102,0.052,0.141,0.305,0.498,0.942,0.825,0.981,0.819,0.889,0.476,0.805,0.152,0.088,0.717,0.313,0.765,0.379,0.387,0.236,0.646,0.683,0.784,0.869,0.935,0.67,0.77,0.082,0.132,0.394,0.944,0.783,0.841,0.984,0.502,0.054,0.424,0.191,0.423,0.272,0.049,0.662,0.124,0.992,0.461,0.23,0.56
32,0.384,0.418,0.764,0.099,0.526,0.35,0.61,0.942,0.681,0.627,0.636,0.749,0.435,0.971,0.92,0.445,0.736,0.254,0.889,0.068,0.806,0.686,0.53,0.763,0.11,0.44,0.804,0.847,0.704,0.207,0.264,0.305,0.773,0.682,0.04,0.192,0.857,0.456,0.59,0.004,0.125,0.35,0.751,0.08,0.151,0.02,0.148,0.852,0.33,0.102,0.68,0.756,0.207,0.04,0.848,0.693,0.087,0.333,0.641,0.301,0.867,0.551,0.118,0.467
34,0.902,0.405,0.085,0.345,0.157,0.41,0.51,0.681,0.414,0.952,0.181,0.63,0.51,0.658,0.474,0.608,0.415,0.277,0.372,0.06,0.817,0.839,0.632,0.14,0.768,0.356,0.909,0.685,0.16,0.37,0.812,0.189,0.348,0.352,0.769,0.414,0.037,0.475,0.732,0.553,0.845,0.025,0.239,0.282,0.238,0.844,0.003,0.146,0.584,0.76,0.171,0.852,0.979,0.775,0.414,0.927,0.192,0.327,0.265,0.873,0.329,0.745,0.857,0.409
36,0.64,0.619,0.086,0.413,0.694,0.424,0.69,0.12,0.225,0.211,0.806,0.649,0.338,0.229,0.982,0.611,0.328,0.394,0.041,0.059,0.045,0.938,0.439,0.857,0.045,0.885,0.016,0.329,0.864,0.416,0.169,0.471,0.042,0.227,0.083,0.022,0.92,0.916,0.267,0.3,0.613,0.182,0.999,0.838,0.386,0.241,0.015,0.363,0.915,0.346,0.422,0.37,0.683,0.373,0.29,0.369,0.487,0.758,0.922,0.706,0.322,0.417,0.08,0.727
38,0.073,0.633,0.3,0.495,0.416,0.813,0.725,0.183,0.07,0.346,0.392,0.93,0.521,0.243,0.128,0.86,0.563,0.163,0.083,0.7,0.415,0.425,0.262,0.503,0.509,0.792,0.615,0.329,0.882,0.441,0.407,0.595,0.266,0.086,0.97,0.749,0.852,0.667,0.425,0.273,0.793,0.026,0.72,0.781,0.837,0.274,0.392,0.433,0.768,0.557,0.189,0.159,0.661,0.173,0.279,0.051,0.39,0.607,0.306,0.567,0.357,0.264,0.145,0.976
40,0.681,0.897,0.677,0.874,0.049,0.994,0.863,0.257,0.738,0.602,0.079,0.259,0.762,0.325,0.549,0.18,0.684,0.356,0.92,0.891,0.305,0.902,0.708,0.901,0.486,0.503,0.988,0.844,0.033,0.855,0.771,0.239,0.276,0.992,0.528,0.574,0.759,0.782,0.615,0.022,0.794,0.751,0.652,0.082,0.23,0.561,0.703,0.795,0.316,0.845,0.558,0.675,0.896,0.356,0.566,0.146,0.616,0.278,0.424,0.616,0.497,0.002,0.396,0.467
42,0.241,0.922,0.387,0.968,0.877,0.31,0.884,0.31,0.905,0.83,0.275,0.562,0.364,0.845,0.238,0.269,0.575,0.181,0.596,0.459,0.512,0.996,0.862,0.242,0.316,0.801,0.715,0.753,0.234,0.925,0.818,0.198,0.813,0.701,0.179,0.209,0.856,0.809,0.767,0.072,0.783,0.954,0.515,0.902,0.662,0.544,0.279,0.435,0.266,0.72,0.1,0.433,0.487,0.94,0.087,0.586,0.658,0.373,0.385,0.368,0.009,0.657,0.852,0.991
44,0.015,0.514,0.874,0.745,0.1,0.517,0.749,0.446,0.389,0.379,0.291,0.888,0.883,0.69,0.84,0.665,0.745,0.811,0.378,0.436,0.277,0.994,0.286,0.734,0.669,0.118,0.607,0.506,0.748,0.507,0.299,0.415,0.468,0.807,0.65,0.789,0.057,0.312,0.397,0.182,0.188,0.829,0.128,0.919,0.358,0.679,0.422,0.165,0.962,0.626,0.477,0.913,0.689,0.346,0.742,0.256,0.33,0.691,0.324,0.195,0.157,0.328,0.381,0.416
46,0.335,0.847,0.163,0.71,0.804,0.892,0.858,0.141,0.345,0.721,0.238,0.537,0.796,0.414,0.041,0.163,0.337,0.558,0.835,0.148,0.563,0.645,0.209,0.469,0.567,0.189,0.24,0.142,0.995,0.94,0.172,0.003,0.458,0.424,0.371,0.595,0.281,0.661,0.144,0.525,0.585,0.968,0.421,0.013,0.583,0.656,0.774,0.946,0.252,0.303,0.783,0.951,0.484,0.65,0.709,0.444,0.317,0.165,0.002,0.03,0.563,0.896,0.162,0.56
48,0.373,0.111,0.059,0.016,0.5,0.499,0.369,0.614,0.024,0.425,0.361,0.044,0.038,0.705,0.573,0.363,0.887,0.696,0.025,0.509,0.533,0.725,0.388,0.355,0.877,0.231,0.448,0.65,0.163,0.719,0.879,0.842,0.678,0.246,0.144,0.637,0.34,0.074,0.376,0.944,0.131,0.791,0.531,0.734,0.317,0.336,0.91,0.414,0.555,0.993,0.785,0.105,0.154,0.095,0.773,0.064,0.774,0.292,0.864,0.103,0.22,0.068,0.133,0.349
50,0.225,0.766,0.648,0.337,0.885,0.062,0.709,0.092,0.989,0.586,0.498,0.911,0.543,0.097,0.759,0.575,0.664,0.822,0.582,0.822,0.696,0.532,0.347,0.901,0.059,0.405,0.17,0.518,0.681,0.546,0.593,0.835,0.571,0.591,0.425,0.666,0.834,0.251,0.102,0.362,0.449,0.524,0.244,0.107,0.907,0.519,0.323,0.399,0.528,0.498,0.731,0.449,0.05,0.282,0.5,0.579,0.626,0.075,0.392,0.266,0.862,0.902,0.892,0.21
52,0.847,0.219,0.073,0.289,0.619,0.771,0.558,0.221,0.928,0.37,0.666,0.644,0.615,0.669,0.463,0.908,0.517,0.569,0.931,0.72,0.925,0.656,0.38,0.313,0.687,0.443,0.582,0.409,0.328,0.952,0.88,0.855,0.46,0.303,0.33,0.497,0.839,0.85,0.048,0.128,0.006,0.545,0.86,0.597,0.171,0.714,0.876,0.295,0.152,0.801,0.363,0.428,0.491,0.827,0.863,0.44,0.089,0.159,0.979,0.736,0.657,0.108,0.497,0.651
54,0.232,0.546,0.753,0.958,0.895,0.277,0.459,0.727,0.913,0.534,0.29,0.095,0.283,0.176,0.082,0.096,0.819,0.439,0.087,0.415,0.088,0.179,0.916,0.607,0.916,0.329,0.398,0.283,0.988,0.557,0.695,0.239,0.412,0.512,0.709,0.503,0.873,0.262,0.717,0.17,0.944,0.276,0.094,0.846,0.883,0.716,0.733,0.523,0.077,0.37,0.735,0.558,0.245,0.827,0.33,0.317,0.162,0.95,0.207,0.404,0.706,0.382,0.725,0.707
56,0.827,0.701,0.802,0.962,0.872,0.327,0.354,0.514,0.092,0.412,0.412,0.529,0.469,0.299,0.401,0.545,0.285,0.103,0.827,0.408,0.684,0.719,0.441,0.399,0.782,0.479,0.717,0.422,0.739,0.25,0.911,0.147,0.734,0.644,0.07,0.651,0.564,0.661,0.694,0.825,0.719,0.258,0.639,0.342,0.352,0.112,0.106,0.595,0.672,0.51,0.481,0.014,0.581,0.796,0.227,0.789,0.663,0.202,0.812,0.821,0.992,0.634,0.248,0.821
58,0.194,0.048,0.512,0.597,0.949,0.344,0.644,0.829,0.642,0.039,0.258,0.215,0.981,0.455,0.957,0.959,0.477,0.766,0.163,0.654,0.258,0.553,0.6,0.329,0.804,0.561,0.242,0.144,0.768,0.532,0.249,0.746,0.678,0.505,0.92,0.647,0.109,0.31,0.195,0.587,0.598,0.663,0.346,0.159,0.504,0.63,0.506,0.783,0.135,0.271,0.65,0.847,0.134,0.522,0.706,0.991,0.088,0.297,0.363,0.267,0.127,0.811,0.949,0.813
60,0.589,0.442,0.999,0.607,0.878,0.151,0.837,0.554,0.291,0.03,0.311,0.158,0.487,0.403,0.659,0.985,0.097,0.17,0.754,0.34,0.82,0.513,0.913,0.704,0.811,0.012,0.9,0.321,0.813,0.662,0.17,0.662,0.82,0.279,0.212,0.065,0.283,0.352,0.972,0.875,0.811,0.147,0.643,0.593,0.633,0.11,0.565,0.502,0.13,0.997,0.183,0.208,0.185,0.121,0.616,0.201,0.557,0.008,0.413,0.547,0.75,0.4,0.562,0.804
62,0.854,0.299,0.715,0.249,0.898,0.664,0.888,0.906,0.709,0.777,0.162,0.391,0.013,0.627,0.892,0.147,0.782,0.185,0.766,0.552,0.432,0.432,0.653,0.664,0.67,0.628,0.378,0.745,0.334,0.101,0.739,0.5,0.216,0.453,0.891,0.537,0.377,0.581,0.577,0.725,0.135,0.368,0.714,0.927,0.434,0.702,0.001,0.524,0.995,0.598,0.722,0.576,0.773,0.626,0.028,0.186,0.77,0.074,0.169,0.334,0.037,0.401,0.326,0.927
64,0.037,0.313,0.031,0.913,0.795,0.99,0.204,0.84,0.324,0.816,0.547,0.975,0.946,0.199,0.034,0.134,0.704,0.749,0.175,0.269,0.228,0.781,0.586,0.386,0.569,0.423,0.404,0.784,0.631,0.048,0.949,0.549,0.27,0.829,0.097,0.045,0.5,0.728,0.78,0.189,0.968,0.78,0.336,0.405,0.307,0.519,0.579,0.102,0.16,0.8,0.27,0.037,0.318,0.791,0.472,0.218,0.27,0.922,0.92,0.28,0.08,0.966,0.933,0.214
66,0.317,0.101,0.718,0.237,0.175,0.214,0.877,0.561,0.396,0.667,0.342,0.023,0.538,0.697,0.798,0.339,0.145,0.647,0.917,0.696,0.964,0.712,0.974,0.061,0.879,0.381,0.344,0.49,0.94,0.724,0.423,0.899,0.741,0.915,0.936,0.312,0.671,0.09,0.879,0.496,0.708,0.047,0.732,0.212,0.027,0.442,0.162,0.628,0.161,0.823,0.883,0.688,0.845,0.325,0.621,0.428,0.552,0.831,0.087,0.294,0.198,0.004,0.811,0.708
68,0.181,0.23,0.951,0.489,0.226,0.511,0.904,0.209,0.395,0.807,0.911,0.993,0.884,0.594,0.958,0.829,0.704,0.444,0.448,0.886,0.276,0.707,0.421,0.857,0.87,0.032,0.808,0.512,0.565,0.607,0.935,0.649,0.492,0.157,0.837,0.184,0.153,0.846,0.2,0.87,0.037,0.554,0.857,0.463,0.488,0.209,0.856,0.718,0.598,0.954,0.784,0.393,0.587,0.164,0.36,0.523,0.671,0.425,0.361,0.23,0.008,0.232,0.224,0.328
70,0.306,0.975,0.042,0.941,0.037,0.184,0.56,0.982,0.262,0.332,0.456,0.42,0.591,0.527,0.334,0.931,0.136,0.924,0.134,0.226,0.984,0.001,0.267,0.88,0.792,0.252,0.512,0.311,0.868,0.221,0.465,0.599,0.947,0.61,0.852,0.932,0.3,0.448,0.201,0.488,0.257,0.003,0.353,0.802,0.136,0.264,0.253,0.774,0.95,0.721,0.092,0.947,0.123,0.711,0.632,0.963,0.533,0.546,0.14,0.783,0.111,0.155,0.89,0.643
72,0.523,0.994,0.77,0.128,0.334,0.282,0.528,0.3,0.68,0.963,0.718,0.072,0.091,0.414,0.14,0.165,0.192,0.286,0.279,0.568,0.307,0.525,0.685,0.048,0.554,0.667,0.907,0.522,0.157,0.765,0.027,0.476,0.352,0.386,0.5,0.019,0.199,0.656,0.775,0.431,0.422,0.031,0.614,0.485,0.561,0.692,0.353,0.952,0.331,0.736,0.083,0.289,0.618,0.315,0.725,0.413,0.865,0.284,0.335,0.627,0.386,0.646,0.593,0.606
74,0.576,0.995,0.538,0.243,0.973,0.906,0.483,0.286,0.652,0.582,0.088,0.248,0.415,0.362,0.191,0.479,0.982,0.528,0.304,0.369,0.818,0.01,0.307,0.347,0.846,0.29,0.24,0.582,0.974,0.475,0.938,0.792,0.25,0.226,0.359,0.761,0.514,0.882,0.837,0.633,0.798,0.975,0.507,0.718,0.613,0.459,0.206,0.572,0.381,0.303,0.112,0.544,0.695,0.042,0.803,0.864,0.823,0.063,0.156,0.499,0.976,0.368,0.59,0.478
76,0.636,0.841,0.424,0.527,0.867,0.741,0.054,0.702,0.003,0.805,0.621,0.065,0.484,0.351,0.221,0.927,0.607,0.381,0.749,0.599,0.984,0.418,0.536,0.729,0.462,0.606,0.163,0.016,0.926,0.069,0.572,0.109,0.139,0.192,0.062,0.412,0.801,0.717,0.107,0.255,0.612,0.425,0.548,0.564,0.754,0.397,0.737,0.632,0.103,0.859,0.486,0.255,0.603,0.332,0.352,0.624,0.009,0.241,0.101,0.526,0.045,0.284,0.451,0.701
78,0.032,0.731,0.676,0.231,0.477,0.873,0.617,0.156,0.088,0.138,0.937,0.422,0.322,0.14,0.549,0.043,0.992,0.862,0.869,0.662,0.061,0.92,0.623,0.799,0.962,0.48,0.554,0.331,0.101,0.028,0.349,0.916,0.864,0.352,0.075,0.522,0.294,0.614,0.731,0.819,0.1,0.751,0.314,0.56,0.551,0.126,0.237,0.052,0.519,0.752,0.494,0.33,0.195,0.02,0.924,0.65,0.462,0.007,0.414,0.093,0.61,0.972,0.142,0.377
80,0.354,0.943,0.118,0.342,0.83,0.97,0.205,0.949,0.147,0.898,0.042,0.154,0.946,0.091,0.805,0.964,0.572,0.205,0.045,0.804,0.46,0.575,0.964,0.827,0.461,0.888,0.666,0.513,0.282,0.704,0.731,0.443,0.355,0.878,0.878,0.055,0.442,0.912,0.273,0.476,0.234,0.994,0.582,0.746,0.128,0.366,0.274,0.89,0.501,0.119,0.923,0.824,0.525,0.264,0.215,0.271,0.435,0.149,0.414,0.473,0.692,0.595,0.789,0.753
82,0.818,0.787,0.488,0.612,0.968,0.463,0.999,0.102,0.717,0.666,0.863,0.693,0.696,0.848,0.903,0.493,0.817,0.434,0.01,0.358,0.077,0.974,0.278,0.817,0.462,0.166,0.802,0.702,0.288,0.626,0.655,0.798,0.653,0.657,0.151,0.763,0.749,0.628,0.702,0.837,0.021,0.306,0.796,0.128,0.86,0.955,0.606,0.832,0.855,0.15,0.008,0.394,0.426,0.126,0.043,0.333,0.451,0.598,0.813,0.763,0.408,0.623,0.253,0.8
84,0.232,0.604,0.477,0.309,0.922,0.258,0.656,0.483,0.778,0.141,0.18,0.179,0.724,0.112,0.731,0.748,0.681,0.811,0.739,0.514,0.922,0.289,0.932,0.523,0.004,0.596,0.658,0.806,0.236,0.485,0.123,0.093,0.409,0.684,0.555,0.266,0.587,0.542,0.783,0.509,0.878,0.107,0.007,0.73,0.463,0.962,0.714,0.951,0.805,0.09,0.711,0.864,0.661,0.728,0.608,0.823,0.447,0.111,0.237,0.754,0.166,0.038,0.664,0.873
86,0.777,0.19,0.431,0.016,0.266,0.448,0.998,0.024,0.669,0.63,0.344,0.519,0.329,0.058,0.595,0.141,0.207,0.765,0.452,0.24,0.209,0.691,0.325,0.011,0.809,0.063,0.344,0.962,0.006,0.077,0.309,0.154,0.776,0.795,0.109,0.917,0.87,0.008,0.645,0.73,0.085,0.163,0.624,0.45,0.171,0.708,0.456,0.766,0.137,0.338,0.116,0.61,0.141,0.204,0.578,0.116,0.455,0.164,0.294,0.831,0.051,0.829,0.507,0.637
88,0.67,0.504,0.07,0.822,0.687,0.395,0.454,0.926,0.979,0.28,0.09,0.474,0.981,0.763,0.708,0.404,0.919,0.368,0.749,0.868,0.851,0.692,0.857,0.059,0.2,0.894,0.331,0.947,0.501,0.516,0.539,0.933,0.51,0.829,0.339,0.166,0.255,0.103,0.253,0.635,0.203,0.712,0.107,0.818,0.656,0.445,0.083,0.376,0.066,0.122,0.206,0.629,0.676,0.465,0.649,0.759,0.183,0.051,0.1,0.207,0.559,0.685,0.54,0.565
90,0.522,0.914,0.481,0.719,0.99,0.104,0.68,0.564,0.088,0.972,0.41,0.737,0.639,0.394,0.716,0.239,0.623,0.938,0.986,0.139,0.32,0.156,0.122,0.582,0.544,0.367,0.638,0.99,0.245,0.738,0.28,0.302,0.148,0.715,0.174,0.038,0.631,0.015,0.637,0.083,0.491,0.165,0.548,0.614,0.21,0.182,0.09,0.442,0.804,0.993,0.139,0.194,0.414,0.589,0.315,0.123,0.441,0.34,0.354,0.878,0.862,0.729,0.436,0.238
92,0.915,0.515,0.752,0.876,0.37,0.913,0.746,0.004,0.559,0.468,0.936,0.246,0.018,0.273,0.926,0.056,0.792,0.171,0.533,0.257,0.5,0.692,0.819,0.038,0.609,0.011,0.028,0.494,0.112,0.147,0.315,0.214,0.82,0.788,0.446,0.121,0.009,0.875,0.852,0.571,0.118,0.681,0.179,0.066,0.089,0.091,0.588,0.341,0.55,0.452,0.389,0.347,0.483,0.185,0.652,0.542,0.871,0.171,0.719,0.052,0.224,0.363,0.211,0.889
94,0.018,0.089,0.526,0.804,0.808,0.387,0.171,0.153,0.04,0.719,0.424,0.677,0.42,0.344,0.924,0.719,0.906,0.759,0.332,0.188,0.716,0.731,0.847,0.009,0.455,0.624,0.33,0.002,0.375,0.082,0.217,0.317,0.656,0.397,0.393,0.428,0.578,0.259,0.733,0.172,0.312,0.348,0.107,0.677,0.65,0.039,0.57,0.824,0.892,0.868,0.68,0.36,0.252,0.475,0.994,0.376,0.701,0.361,0.999,0.513,0.247,0.407,0.799,0.857
96,0.125,0.151,0.951,0.183,0.471,0.955,0.906,0.349,0.481,0.873,0.935,0.523,0.807,0.923,0.877,0.705,0.388,0.85,0.762,0.621,0.846,0.842,0.376,0.496,0.214,0.703,0.959,0.2,0.256,0.641,0.292,0.592,0.7,0.3,0.908,0.307,0.227,0.95,0.814,0.07,0.665,0.267,0.295,0.322,0.871,0.241,0.147,0.277,0.295,0.16,0.454,0.632,0.35,0.677,0.429,0.689,0.32,0.305,0.897,0.933,0.986,0.39,0.235,0.28
98,0.328,0.85,0.526,0.959,0.234,0.35,0.406,0.523,0.312,0.683,0.064,0.303,0.99,0.175,0.437,0.9,0.82,0.866,0.634,0.758,0.461,0.011,0.013,0.48,0.372,0.747,0.476,0.466,0.043,0.26,0.243,0.2,0.507,0.247,0.868,0.107,0.12,0.663,0.826,0.849,0.165,0.413,0.918,0.805,0.446,0.709,0.158,0.042,0.14,0.016,0.179,0.31,0.54,0.423,0.788,0.993,0.764,0.147,0.219,0.299,0.353,0.057,0.857,0.879
100,0.042,0.287,0.988,0.699,0.535,0.687,0.272,0.609,0.809,0.086,0.173,0.785,0.946,0.013,0.236,0.828,0.451,0.127,0.053,0.586,0.815,0.208,0.615,0.028,0.658,0.9,0.752,0.884,0.419,0.548,0.33,0.933,0.344,0.472,0.803,0.781,0.254,0.472,0.937,0.528,0.78,0.341,0.993,0.848,0.017,0.65,0.426,0.771,0.02,0.012,0.271,0.843,0.15,0.949,0.46,0.393,0.462,0.326,0.822,0.482,0.46,0.825,0.085,0.813
102,0.173,0.921,0.03,0.157,0.213,0.017,0.503,0.224,0.283,0.094,0.135,0.878,0.047,0.627,0.68,0.793,0.612,0.529,0.369,0.969,0.753,0.927,0.667,0.801,0.822,0.238,0.31,0.983,0.134,0.665,0.119,0.73,0.225,0.415,0.81,0.941,0.884,0.954,0.009,0.37,0.326,0.694,0.791,0.12,0.689,0.516,0.95,0.709,0.853,0.442,0.221,0.122,0.416,0.887,0.085,0.425,0.481,0.671,0.358,0.203,0.3,0.832,0.762,0.955
104,0.164,0.394,0.257,0.016,0.862,0.311,0.212,0.407,0.776,0.043,0.784,0.62,0.59,0.918,0.729,0.752,0.371,0.305,0.301,0.9,0.567,0.874,0.981,0.138,0.116,0.344,0.142,0.712,0.779,0.07,0.24,0.557,0.03,0.712,0.161,0.814,0.308,0.176,0.508,0.998,0.572,0.919,0.495,0.961,0.809,0.538,0.689,0.037,0.947,0.242,0.988,0.18,0.924,0.78,0.896,0.519,0.923,0.54,0.525,0.229,0.134,0.848,0.873,0.543
106,0.794,0.971,0.043,0.8,0.628,0.718,0.091,0.862,0.785,0.901,0.855,0.146,0.707,0.303,0.058,0.016,0.333,0.021,0.296,0.459,0.186,0.89,0.286,0.283,0.751,0.087,0.768,0.818,0.346,0.362,0.398,0.114,0.372,0.772,0.556,0.016,0.207,0.55,0.16,0.23,0.854,0.282,0.297,0.002,0.301,0.201,0.093,0.299,0.185,0.395,0.432,0.71,0.38,0.349,0.541,0.646,0.429,0.95,0.151,0.235,0.501,0.543,0.64,0.455
108,0.302,0.404,0.879,0.295,0.099,0.053,0.844,0.241,0.934,0.375,0.949,0.086,0.222,0.817,0.375,0.057,0.712,0.77,0.8,0.54,0.326,0.845,0.01,0.344,0.567,0.537,0.978,0.852,0.308,0.371,0.336,0.401,0.7,0.13,0.736,0.92,0.763,0.193,0.61,0.734,0.941,0.02,0.914,0.899,0.012,0.524,0.176,0.962,0.656,0.373,0.801,0.949,0.309,0.252,0.17,0.929,0.146,0.056,0.623,0.499,0.782,0.34,0.243,0.103
110,0.258,0.619,0.168,0.538,0.847,0.185,0.408,0.393,0.43,0.478,0.586,0.311,0.18,0.002,0.027,0.393,0.383,0.24,0.731,0.668,0.449,0.485,0.466,0.559,0.78,0.69,0.554,0.967,0.114,0.733,0.097,0.772,0.46,0.642,0.799,0.963,0.144,0.106,0.148,0.811,0.621,0.635,0.073,0.086,0.171,0.244,0.501,0.175,0.471,0.915,0.984,0.296,0.478,0.483,0.259,0.048,0.461,0.051,0.642,0.161,0.545,0.845,0.439,0.076
112,0.928,0.232,0.719,0.381,0.686,0.164,0.129,0.178,0.034,0.037,0.548,0.792,0.346,0.325,0.512,0.422,0.836,0.311,0.708,0.876,0.191,0.863,0.369,0.707,0.467,0.872,0.955,0.77,0.4,0.833,0.711,0.278,0.319,0.686,0.419,0.219,0.135,0.643,0.476,0.819,0.695,0.635,0.416,0.954,0.871,0.781,0.036,0.675,0.216,0.738,0.379,0.933,0.356,0.885,0.525,0.131,0.484,0.943,0.531,0.113,0.068,0.907,0.355,0.962
114,0.157,0.125,0.484,0.758,0.344,0.849,0.178,0.596,0.934,0.607,0.76,0.308,0.699,0.724,0.16,0.799,0.865,0.691,0.192,0.19,0.399,0.83,0.122,0.142,0.624,0.091,0.968,0.403,0.35,0.663,0.474,0.433,0.724,0.171,0.158,0.629,0.628,0.272,0.815,0.636,0.084,0.857,0.421,0.947,0.614,0.467,0.658,0.173,0.368,0.176,0.141,0.252,0.69,0.562,0.306,0.041,0.225,0.014,0.84,0.596,0.675,0.934,0.552,0.277
116,0.52,0.258,0.478,0.292,0.531,0.143,0.968,0.127,0.239,0.817,0.476,0.789,0.464,0.33,0.535,0.148,0.985,0.822,0.645,0.809,0.404,0.729,0.718,0.826,0.356,0.803,0.409,0.056,0.419,0.203,0.632,0.951,0.146,0.834,0.482,0.862,0.031,0.425,0.137,0.887,0.428,0.654,0.683,0.93,0.211,0.057,0.563,0.716,0.353,0.985,0.906,0.5,0.158,0.688,0.642,0.562,0.704,0.008,0.818,0.71,0.761,0.244,0.03,0.457
118,0.414,0.743,0.057,0.016,0.972,0.461,0.488,0.841,0.653,0.11,0.908,0.571,0.034,0.503,0.321,0.404,0.801,0.573,0.14,0.36,0.848,0.009,0.105,0.525,0.734,0.743,0.722,0.169,0.933,0.26,0.627,0.012,0.378,0.981,0.229,0.405,0.598,0.902,0.962,0.808,0.319,0.631,0.274,0.942,0.633,0.772,0.978,0.889,0.328,0.683,0.904,0.258,0.231,0.315,0.812,0.518,0.143,0.915,0.378,0.589,0.703,0.314,0.447,0.665
120,0.481,0.604,0.004,0.25,0.913,0.498,0.304,0.415,0.231,0.401,0.203,0.015,0.074,0.277,0.956,0.278,0.244,0.797,1.0,0.227,0.304,0.421,0.043,0.351,0.781,0.277,0.769,0.391,0.078,0.022,0.563,0.912,0.228,0.573,0.981,0.492,0.65,0.528,0.25,0.466,0.514,0.551,0.859,0.621,0.022,0.742,0.976,0.959,0.834,0.965,0.057,0.932,0.371,0.68,0.063,0.311,0.852,0.747,0.853,0.534,0.839,0.11,0.512,0.273
122,0.727,0.641,0.821,0.355,0.966,0.897,0.017,0.182,0.376,0.198,0.068,0.433,0.272,0.704,0.457,0.47,0.53,0.451,0.345,0.278,0.94,0.41,0.823,0.366,0.712,0.409,0.779,0.611,0.987,0.435,0.97,0.851,0.928,0.183,0.77,0.927,0.972,0.451,0.784,0.299,0.084,0.041,0.037,0.206,0.533,0.803,0.062,0.431,0.973,0.878,0.924,0.386,0.931,0.7,0.747,0.144,0.214,0.315,0.686,0.908,0.111,0.569,0.926,0.903
124,0.445,0.485,0.345,0.884,0.717,0.166,0.439,0.463,0.978,0.885,0.815,0.372,0.739,0.563,0.748,0.379,0.959,0.923,0.959,0.623,0.09,0.947,0.029,0.839,0.532,0.588,0.583,0.711,0.129,0.45,0.486,0.486,0.112,0.995,0.451,0.889,0.698,0.62,0.608,0.989,0.637,0.164,0.677,0.056,0.068,0.094,0.463,0.975,0.157,0.554,0.318,0.13,0.492,0.806,0.903,0.332,0.428,0.847,0.21,0.941,0.812,0.069,0.135,0.771
126,0.336,0.737,0.896,0.909,0.168,0.601,0.002,0.98,0.86,0.271,0.521,0.09,0.936,0.261,0.87,0.298,0.195,0.646,0.356,0.476,0.574,0.667,0.826,0.632,0.359,0.094,0.36,0.1,0.009,0.531,0.099,0.426,0.223,0.831,0.648,0.146,0.537,0.084,0.811,0.523,0.93,0.467,0.838,0.095,0.015,0.53,0.08,0.252,0.919,0.862,0.037,0.548,0.273,0.195,0.636,0.808,0.505,0.447,0.267,0.523,0.181,0.826,0.25,0.464
128,0.912,0.753,0.877,0.602,0.708,0.896,0.395,0.447,0.452,0.637,0.553,0.708,0.67,0.305,0.168,0.046,0.141,0.969,0.102,0.583,0.809,0.418,0.34,0.894,0.143,0.842,0.623,0.116,0.516,0.667,0.738,0.16,0.595,0.888,0.646,0.72,0.623,0.523,0.727,0.64,0.859,0.59,0.626,0.728,0.468,0.691,0.789,0.177,0.597,0.611,0.196,0.951,0.131,0.873,0.409,0.933,0.32,0.007,0.019,0.734,0.25,0.058,0.069,0.869
130,0.527,0.63,0.151,0.861,0.74,0.25,0.86,0.567,0.738,0.891,0.017,0.177,0.478,0.465,0.959,0.815,0.58,0.969,0.756,0.358,0.483,0.348,0.385,0.626,0.815,0.544,0.677,0.464,0.83,0.772,0.697,0.918,0.271,0.501,0.832,0.385,0.06,0.651,0.248,0.949,0.639,0.247,0.409,0.443,0.603,0.021,0.273,0.368,0.721,0.501,0.111,0.464,0.148,0.36,0.827,0.394,0.86,0.314,0.675,0.687,0.53,0.572,0.274,1.0
132,0.82,0.6,0.788,0.905,0.364,0.346,0.023,0.931,0.228,0.635,0.857,0.059,0.567,0.022,0.182,0.124,0.368,0.937,0.871,0.21,0.675,0.058,0.236,0.486,0.755,0.024,0.422,0.514,0.694,0.107,0.778,0.456,0.484,0.421,0.449,0.336,0.563,0.955,0.713,0.107,0.553,0.187,0.48,0.163,0.818,0.914,0.491,0.076,0.709,0.377,0.404,0.779,0.243,0.758,0.554,0.139,0.795,0.808,0.363,0.641,0.474,0.193,0.476,0.194
134,0.741,0.446,0.971,0.75,0.163,0.792,0.163,0.789,0.914,0.046,0.501,0.014,0.21,0.716,0.796,0.516,0.982,0.927,0.467,0.502,0.398,0.827,0.957,0.253,0.001,0.028,0.745,0.163,0.657,0.704,0.435,0.135,0.695,0.799,0.356,0.434,0.571,0.424,0.707,0.472,0.023,0.766,0.465,0.078,0.155,0.968,0.517,0.512,0.608,0.586,0.107,0.303,0.706,0.312,0.716,0.489,0.287,0.468,0.205,0.734,0.124,0.222,0.954,0.111
136,0.777,0.067,0.462,0.078,0.645,0.313,0.626,0.084,0.154,0.346,0.842,0.127,0.31,0.924,0.492,0.258,0.729,0.853,0.771,0.153,0.062,0.264,0.176,0.872,0.099,0.436,0.37,0.861,0.884,0.55,0.397,0.48,0.134,0.02,0.17,0.032,0.908,0.122,0.496,0.779,0.936,0.417,0.1,0.688,0.078,0.864,0.519,0.112,0.393,0.866,0.71,0.849,0.448,0.519,0.492,0.051,0.099,0.641,0.032,0.181,0.642,0.954,0.273,0.127
138,0.186,0.638,0.693,0.214,0.851,0.106,0.866,0.375,0.134,0.581,0.988,0.228,0.568,0.383,0.376,0.333,0.09,0.55,0.162,0.543,0.657,0.056,0.265,0.803,0.203,0.123,0.61,0.784,0.798,0.561,0.586,0.52,0.874,0.001,0.76,0.874,0.059,0.015,0.081,0.857,0.587,0.347,0.166,0.071,0.193,0.717,0.673,0.078,0.794,0.291,0.669,0.078,0.309,0.617,0.758,0.798,0.922,0.577,0.004,0.911,0.782,0.883,0.873,0.727
140,0.881,0.679,0.21,0.53,0.526,0.179,0.039,0.894,0.76,0.573,0.491,0.782,0.465,0.351,0.342,0.977,0.777,0.16,0.71,0.409,0.511,0.203,0.6,0.413,0.333,0.655,0.809,0.307,0.819,0.06,0.081,0.013,0.601,0.026,0.064,0.111,0.942,0.384,0.313,0.738,0.739,0.288,0.899,0.462,0.785,0.058,0.821,0.231,0.916,0.565,0.933,0.904,0.006,0.798,0.312,0.865,0.992,0.704,0.532,0.531,0.758,0.42,0.217,0.575
142,0.639,0.082,0.391,0.841,0.261,0.719,0.29,0.436,0.818,0.589,0.322,0.46,0.271,0.287,0.901,0.923,0.614,0.415,0.19,0.785,0.518,0.983,0.777,0.494,0.651,0.727,0.998,0.844,0.37,0.055,0.106,0.965,0.819,0.925,0.168,0.597,0.04,0.839,0.982,0.534,0.117,0.308,0.227,0.18,0.264,0.557,0.438,0.237,0.725,0.585,0.583,0.258,0.214,0.933,0.146,0.305,0.082,0.728,0.601,0.853,0.008,0.738,0.512,0.11
144,0.453,0.984,0.015,0.549,0.243,0.229,0.83,0.629,0.831,0.998,0.346,0.329,0.763,0.614,0.977,0.033,0.389,0.28,0.944,0.522,0.161,0.993,0.505,0.344,0.055,0.042,0.425,0.248,0.391,0.993,0.971,0.754,0.76,0.354,0.459,0.258,0.509,0.478,0.562,0.162,0.613,0.293,0.412,0.254,0.819,0.72,0.666,0.929,0.418,0.55,0.105,0.212,0.975,0.267,0.932,0.94,0.082,0.56,0.351,0.563,0.854,0.933,0.078,0.85
146,0.565,0.971,0.03,0.869,0.263,0.694,0.26,0.915,0.669,0.014,0.226,0.295,0.23,0.965,0.48,0.522,0.256,0.288,0.637,0.161,0.557,0.526,0.955,0.22,0.467,0.373,0.044,0.149,0.399,0.435,0.925,0.033,0.569,0.018,0.111,0.424,0.349,0.244,0.048,0.933,0.763,0.428,0.284,0.511,0.376,0.184,0.5,0.978,0.405,0.778,0.085,0.442,0.626,0.982,0.233,0.688,0.648,0.204,0.789,0.794,0.917,0.994,0.881,0.861
148,0.013,0.942,0.279,0.131,0.4,0.755,0.618,0.149,0.985,0.656,0.901,0.504,0.425,0.095,0.092,0.634,0.585,0.526,0.642,0.189,0.749,0.393,0.055,0.317,0.976,0.613,0.99,0.623,0.422,0.064,0.813,0.476,0.263,0.452,0.321,0.674,0.095,0.167,0.548,0.711,0.181,0.943,0.239,0.236,0.282,0.739,0.258,0.468,0.161,0.887,0.256,0.081,0.102,0.998,0.368,0.435,0.976,0.936,0.518,0.518,0.449,0.634,0.254,0.556
150,0.821,0.093,0.693,0.699,0.657,0.141,0.744,0.908,0.318,0.115,0.162,0.602,0.261,0.308,0.44,0.42,0.597,0.974,0.149,0.498,0.026,0.792,0.12,0.553,0.122,0.32,0.184,0.464,0.868,0.252,0.238,0.852,0.68,0.549,0.588,0.891,0.041,0.4,0.733,0.978,0.594,0.705,0.703,0.886,0.821,0.925,0.939,0.079,0.648,0.88,0.374,0.257,0.802,0.42,0.513,0.949,0.233,0.387,0.558,0.571,0.846,0.733,0.622,0.461
152,0.376,0.986,0.269,0.807,0.397,0.164,0.551,0.683,0.487,0.315,0.682,0.509,0.618,0.994,0.437,0.871,0.705,0.3,0.92,0.481,0.558,0.953,0.689,0.561,0.178,0.251,0.265,0.108,0.717,0.556,0.793,0.014,0.073,0.546,0.624,0.837,0.251,0.367,0.828,0.411,0.13,0.046,0.273,0.283,0.116,0.395,0.962,0.218,0.967,0.86,0.256,0.145,0.125,0.788,0.531,0.307,0.299,0.674,0.158,0.537,0.456,0.932,0.382,0.611
154,0.938,0.672,0.661,0.231,0.326,0.794,0.033,0.334,0.571,0.853,0.026,0.622,0.284,0.59,0.477,0.453,0.35,0.93,0.796,0.738,0.23,0.033,0.814,0.628,0.359,0.784,0.402,0.763,0.84,0.526,0.373,0.606,0.444,0.936,0.211,0.176,0.552,0.924,0.145,0.86,0.905,0.23,0.803,0.396,0.548,0.424,0.44,0.274,0.168,0.918,0.691,0.309,0.543,0.537,0.38,0.67,0.079,0.537,0.968,0.64,0.739,0.06,0.079,0.152
156,0.836,0.062,0.534,0.274,0.002,0.12,0.12,0.713,0.944,0.334,0.477,0.259,0.829,0.49,0.854,0.459,0.984,0.13,0.821,0.199,0.488,0.996,0.306,0.674,0.001,0.879,0.109,0.093,0.988,0.705,0.262,0.056,0.473,0.696,0.155,0.956,0.703,0.341,0.162,0.435,0.224,0.875,0.327,0.319,0.378,0.735,0.069,0.913,0.181,0.437,0.448,0.405,0.623,0.738,0.005,0.791,0.965,0.489,0.287,0.906,0.763,0.561,0.651,0.374
158,0.822,0.544,0.77,0.812,0.117,0.422,0.733,0.152,0.799,0.567,0.816,0.965,0.014,0.716,0.482,0.835,0.333,0.088,0.846,0.467,0.475,0.609,0.621,0.005,0.065,0.754,0.432,0.054,0.937,0.125,0.585,0.605,0.749,0.4,0.584,0.575,0.786,0.708,0.28,0.988,0.641,0.029,0.825,0.772,0.042,0.972,0.45,0.385,0.124,0.27,0.162,0.886,0.32,0.839,0.443,0.959,0.177,0.421,0.754,0.639,0.073,0.37,0.49,0.906
160,0.888,0.781,0.895,0.443,0.763,0.942,0.327,0.374,0.157,0.889,0.669,0.445,0.747,0.059,0.971,0.595,0.945,0.572,0.819,0.59,0.78,0.589,0.044,0.962,0.14,0.174,0.062,0.274,0.747,0.829,0.323,0.762,0.191,0.877,0.735,0.253,0.878,0.558,0.965,0.665,0.163,0.512,0.433,0.221,0.844,0.022,0.406,0.803,0.401,0.285,0.747,0.831,0.584,0.959,0.794,0.879,0.181,0.27,0.511,0.736,0.013,0.467,0.612,0.429
162,0.168,0.852,0.527,0.605,0.024,0.002,0.062,0.919,0.988,0.521,0.783,0.986,0.242,0.818,0.724,0.333,0.629,0.309,0.864,0.424,0.637,0.434,0.881,0.091,0.831,0.02,0.739,0.804,0.723,0.85,0.271,0.0,0.589,0.989,0.551,0.368,0.604,0.231,0.957,0.373,0.097,0.032,0.97,0.412,0.305,0.566,0.266,0.264,0.792,0.709,0.56,0.858,0.014,0.989,0.195,0.188,0.556,0.572,0.092,0.682,0.469,0.828,0.123,0.64
164,0.603,0.647,0.736,0.902,0.126,0.057,0.529,0.089,0.773,0.439,0.379,0.64,0.817,0.563,0.163,0.903,0.976,0.068,0.969,0.313,0.946,0.479,0.819,0.75,0.603,0.766,0.62,0.267,0.93,0.748,0.053,0.872,0.298,0.196,0.041,0.418,0.727,0.981,0.605,0.004,0.444,0.458,0.167,0.726,0.726,0.561,0.688,0.338,0.209,0.4,0.719,0.19,0.868,0.707,0.14,0.656,0.193,0.773,0.534,0.778,0.471,0.982,0.308,0.38
166,0.159,0.051,0.412,0.353,0.975,0.342,0.838,0.575,0.205,0.613,0.449,0.086,0.58,0.31,0.119,0.892,0.634,0.977,0.98,0.734,0.568,0.965,0.857,0.726,0.846,0.313,0.597,0.233,0.434,0.884,0.417,0.999,0.386,0.051,0.952,0.58,0.028,0.649,0.877,0.408,0.747,0.693,0.001,0.952,0.473,0.304,0.935,0.606,0.186,0.916,0.527,0.318,0.001,0.442,0.426,0.13,0.464,0.089,0.936,0.092,0.67,0.481,0.784,0.559
168,0.313,0.687,0.099,0.247,0.065,0.316,0.583,0.459,0.361,0.088,0.49,0.095,0.391,0.05,0.055,0.351,0.584,0.397,0.315,0.998,0.8,0.699,0.526,0.703,0.844,0.009,0.894,0.49,0.012,0.424,0.773,0.716,0.305,0.249,0.702,0.087,0.697,0.126,0.547,0.848,0.785,0.816,0.226,0.402,0.734,0.351,0.422,0.115,0.405,0.365,0.961,0.769,0.323,0.591,0.592,0.999,0.989,0.618,0.346,0.32,0.904,0.919,0.874,0.121
170,0.579,0.42,0.34,0.784,0.573,0.57,0.536,0.265,0.255,0.136,0.896,0.597,0.641,0.072,0.426,0.899,0.893,0.648,0.418,0.444,0.561,0.229,0.717,0.011,0.177,0.416,0.092,0.167,0.781,0.962,0.385,0.885,0.02,0.574,0.636,0.533,0.88,0.106,0.266,0.989,0.302,0.243,0.509,0.626,0.145,0.01,0.767,0.489,0.375,0.2,0.274,0.458,0.027,0.036,0.299,0.598,0.971,0.59,0.658,0.006,0.086,0.542,0.28,0.864
172,0.411,0.175,0.871,0.387,0.663,0.431,0.945,0.148,0.276,0.539,0.402,0.443,0.042,0.881,0.005,0.433,0.416,0.109,0.487,0.266,0.98,0.696,0.017,0.044,0.084,0.049,0.593,0.697,0.456,0.089,0.905,0.601,0.794,0.721,0.666,0.405,0.794,0.674,0.481,0.292,0.555,0.033,0.852,0.663,0.722,0.678,0.341,0.753,0.523,0.091,0.788,0.583,0.569,0.364,0.216,0.225,0.962,0.776,0.569,0.916,0.876,0.944,0.924,0.551
174,0.555,0.813,0.735,0.679,0.485,0.488,0.199,0.11,0.166,0.434,0.187,0.3,0.059,0.189,0.777,0.516,0.404,0.844,0.814,0.795,0.527,0.434,0.035,0.065,0.692,0.895,0.772,0.34,0.334,0.694,0.729,0.057,0.692,0.959,0.52,0.966,0.992,0.753,0.099,0.077,0.725,0.334,0.15,0.378,0.786,0.105,0.545,0.514,0.667,0.821,0.479,0.706,0.4,0.821,0.452,0.154,0.01,0.083,0.955,0.65,0.777,0.077,0.369,0.908
176,0.339,0.217,0.543,0.336,0.514,0.023,0.916,0.894,0.5,0.101,0.867,0.752,0.281,0.709,0.682,0.175,0.059,0.387,0.445,0.226,0.465,0.866,0.291,0.831,0.246,0.89,0.098,0.696,0.968,0.25,0.689,0.411,0.837,0.98,0.103,0.931,0.202,0.1,0.124,0.831,0.586,0.351,0.644,0.287,0.263,0.901,0.599,0.603,0.912,0.065,0.171,0.233,0.055,0.557,0.448,0.957,0.858,0.046,0.427,0.872,0.341,0.493,0.613,0.469
178,0.872,0.245,0.079,0.343,0.226,0.665,0.213,0.908,0.713,0.792,0.28,0.889,0.55,0.876,0.517,0.779,0.981,0.03,0.273,0.286,0.602,0.779,0.046,0.151,0.719,0.679,0.834,0.311,0.652,0.028,0.346,0.438,0.574,0.921,0.345,0.575,0.578,0.226,0.04,0.25,0.855,0.433,0.457,0.19,0.381,0.005,0.376,0.634,0.857,0.434,0.827,0.366,0.102,0.583,0.116,0.433,0.269,0.502,0.415,0.535,0.183,0.983,0.091,0.653
180,0.344,0.361,0.267,0.192,0.887,0.402,0.593,0.516,0.296,0.34,0.758,0.175,0.789,0.487,0.102,0.924,0.649,0.595,0.447,0.291,0.329,0.131,0.94,0.267,0.955,0.812,0.125,0.185,0.172,0.384,0.734,0.05,0.989,0.457,0.139,0.727,0.03,0.572,0.698,0.508,0.561,0.452,0.361,0.294,0.418,0.156,0.086,0.308,0.49,0.956,0.936,0.985,0.899,0.245,0.94,0.371,0.799,1.0,0.095,0.072,0.269,0.42,0.863,0.756
182,0.962,0.968,0.92,0.372,0.823,0.821,0.937,0.357,0.638,0.868,0.062,0.624,0.792,0.601,0.302,0.571,0.585,0.654,0.184,0.734,0.809,0.761,0.237,0.868,0.099,0.203,0.457,0.597,0.322,0.936,0.274,0.524,0.43,0.945,0.055,0.246,0.889,0.909,0.99,0.684,0.721,0.371,0.575,0.52,0.99,0.164,0.466,0.29,0.96,0.714,0.73,0.516,0.388,0.967,0.119,0.682,0.856,0.744,0.689,0.499,0.881,0.346,0.55,0.557
184,0.803,0.584,0.008,0.668,0.597,0.634,0.18,0.148,0.48,0.114,0.296,0.128,0.811,0.491,0.978,0.738,0.379,0.705,0.501,0.915,0.054,0.363,0.808,0.432,0.448,0.441,0.04,0.379,0.916,0.886,0.798,0.683,0.098,0.735,0.811,0.44,0.344,0.585,0.28,0.916,0.694,0.844,0.414,0.916,0.212,0.564,0.745,0.318,0.425,0.482,0.867,0.896,0.895,0.2,0.005,0.148,0.332,0.298,0.448,0.414,0.08,0.124,0.352,0.797
186,0.062,0.663,0.97,0.332,0.867,0.125,0.448,0.905,0.249,0.726,0.251,0.206,0.386,0.597,0.01,0.368,0.643,0.623,0.381,0.266,0.935,0.466,0.946,0.74,0.046,0.06,0.902,0.407,0.19,0.034,0.741,0.768,0.358,0.253,0.697,0.254,0.507,0.445,0.777,0.518,0.123,0.192,0.557,0.151,0.736,0.439,0.773,0.449,0.412,0.592,0.32,0.826,0.145,0.234,0.755,0.468,0.066,0.375,0.88,0.84,0.153,0.516,0.926,0.14
188,0.242,0.087,0.868,0.213,0.403,0.605,0.677,0.617,0.966,0.895,0.566,0.055,0.191,0.672,0.438,0.908,0.412,0.504,0.161,0.038,0.764,0.471,0.494,0.68,0.432,0.117,0.665,0.053,0.507,0.673,0.079,0.402,0.047,0.055,0.169,0.201,0.401,0.316,0.637,0.562,0.407,0.778,0.195,0.858,0.492,0.049,0.666,0.247,0.385,0.363,0.599,0.817,0.029,0.149,0.867,0.712,0.265,0.037,0.575,0.417,0.898,0.52,0.75,0.184
190,0.157,0.616,0.662,0.163,0.499,0.7,0.425,0.243,0.542,0.308,0.326,0.421,0.388,0.694,0.595,0.633,0.297,0.079,0.446,0.5,0.417,0.657,0.672,0.769,0.987,0.464,0.15,0.105,0.008,0.118,0.454,0.644,0.893,0.466,0.474,0.234,0.744,0.767,0.269,0.089,0.285,0.028,0.154,0.725,0.504,0.76,0.42,0.953,0.617,0.409,0.259,0.761,0.461,0.127,0.919,0.082,0.446,0.817,0.64,0.054,0.79,0.17,0.825,0.225
192,0.29,0.201,0.064,0.797,0.636,0.981,0.856,0.813,0.369,0.24,0.23,0.47,0.164,0.991,0.917,0.043,0.106,0.071,0.536,0.496,0.195,0.902,0.401,0.09,0.776,0.419,0.948,0.668,0.822,0.311,0.325,0.091,0.104,0.567,0.83,0.067,0.857,0.253,0.183,0.2,0.317,0.212,0.83,0.993,0.033,0.667,0.349,0.628,0.853,0.342,0.251,0.118,0.49,0.939,0.93,0.465,0.36,0.702,0.198,0.446,0.572,0.844,0.922,0.106
194,0.508,0.663,0.913,0.177,0.203,0.225,0.043,0.609,0.584,0.813,0.251,0.883,0.718,0.228,0.171,0.793,0.51,0.773,0.67,0.205,0.884,0.396,0.573,0.727,0.555,0.737,0.74,0.314,0.865,0.22,0.173,0.684,0.52,0.152,0.263,0.014,0.746,0.175,0.684,0.959,0.294,0.551,0.12,0.638,0.66,0.748,0.898,0.198,0.726,0.491,0.245,0.65,0.357,0.109,0.695,0.426,0.515,0.825,0.296,0.577,0.682,0.806,0.293,0.965
196,0.014,0.293,0.356,0.634,0.585,0.346,0.22,0.206,0.701,0.736,0.22,0.126,0.03,0.393,0.948,0.763,0.667,0.495,0.864,0.674,0.449,0.365,0.128,0.389,0.881,0.377,0.426,0.449,0.718,0.799,0.854,0.356,0.072,0.081,0.726,0.573,0.171,0.396,0.504,0.345,0.366,0.214,0.106,0.768,0.109,0.711,0.294,0.044,0.636,0.869,0.824,0.989,0.494,0.418,0.89,0.662,0.299,0.909,0.626,0.083,0.13,0.307,0.275,0.361
198,0.653,0.331,0.132,0.547,0.325,0.374,0.53,0.828,0.502,0.695,0.318,0.905,0.599,0.277,0.761,0.827,0.556,0.516,0.567,0.893,0.259,0.617,0.611,0.481,0.569,0.108,0.016,0.676,0.384,0.689,0.45,0.948,0.28,0.794,0.418,0.901,0.821,0.678,0.103,0.645,0.273,0.973,0.717,0.199,0.6,0.203,0.9,0.11,0.89,0.102,0.918,0.796,0.896,0.874,0.576,0.628,0.326,0.093,0.789,0.501,0.14,0.043,0.774,0.709
200,0.658,0.486,0.743,0.78,0.3,0.293,0.092,0.287,0.066,0.438,0.541,0.511,0.723,0.202,0.615,0.897,0.769,0.629,0.413,0.337,0.325,0.501,0.087,0.777,0.893,0.659,0.018,0.127,0.092,0.44,0.723,0.06,0.833,0.203,0.128,0.304,0.651,0.214,0.382,0.636,0.61,0.803,0.588,0.436,0.934,0.773,0.8,0.815,0.962,0.87,0.363,0.118,0.023,0.516,0.672,0.798,0.076,0.823,0.359,0.003,0.945,0.272,0.231,0.343
202,0.155,0.54,0.009,0.008,0.794,0.547,0.053,0.448,0.113,0.514,0.221,0.039,0.175,0.202,0.03,0.543,0.96,0.783,0.12,0.952,0.421,0.45,0.715,0.444,0.437,0.621,0.718,0.626,0.581,0.002,0.079,0.317,0.138,0.876,0.638,0.562,0.382,0.087,0.722,0.163,0.984,0.888,0.262,0.824,0.232,0.791,0.266,0.779,0.823,0.906,0.645,0.664,0.808,0.531,0.956,0.675,0.505,0.343,0.652,0.164,0.348,0.756,0.189,0.882
204,0.385,0.849,0.38,0.591,0.701,0.318,0.968,0.493,0.002,0.4,0.117,0.909,0.774,0.633,0.247,0.403,0.189,0.539,0.747,0.905,0.225,0.502,0.262,0.288,0.161,0.246,0.189,0.091,0.469,0.968,0.607,0.832,0.966,0.446,0.668,0.784,0.041,0.003,0.306,0.844,0.084,0.309,0.839,0.201,0.346,0.825,0.601,0.027,0.834,0.252,0.051,0.58,0.729,0.094,0.105,0.733,0.531,0.092,0.075,0.027,0.856,0.619,0.785,0.031
206,0.077,0.244,0.096,0.628,0.781,0.681,0.772,0.941,0.031,0.284,0.17,0.166,0.145,0.718,0.254,0.303,0.242,0.447,0.771,0.765,0.648,0.434,0.879,0.47,0.752,0.323,0.813,0.289,0.047,0.222,0.357,1.0,0.699,0.538,0.705,0.424,0.986,0.231,0.149,0.851,0.329,0.885,0.607,0.747,0.967,0.01,0.031,0.235,0.863,0.862,0.732,0.016,0.102,0.131,0.083,0.377,0.041,0.509,0.709,0.808,0.401,0.285,0.662,0.215
208,0.334,0.173,0.936,0.102,0.429,0.169,0.639,0.189,0.869,0.014,0.719,0.832,0.948,0.631,0.482,0.387,0.398,0.754,0.895,0.062,0.312,0.542,0.966,0.959,0.386,0.036,0.972,0.789,0.2,0.818,0.748,0.023,0.761,0.458,0.711,0.099,0.105,0.29,0.86,0.358,0.561,0.032,0.905,0.224,0.229,0.155,0.663,0.368,0.005,0.167,0.135,0.115,0.438,0.231,0.725,0.715,0.228,0.374,0.035,0.352,0.689,0.863,0.737,0.699
210,0.268,0.89,0.512,0.645,0.199,0.682,0.268,0.213,0.435,0.441,0.702,0.905,0.39,0.316,0.167,0.442,0.355,0.104,0.764,0.887,0.56,0.057,0.51,0.67,0.082,0.883,0.997,0.869,0.408,0.542,0.837,0.104,0.326,0.151,0.766,0.454,0.768,0.066,0.555,0.331,0.567,0.465,0.856,0.712,0.583,0.358,0.14,0.826,0.541,0.312,0.256,0.994,0.075,0.706,0.209,0.598,0.855,0.878,0.846,0.389,0.779,0.348,0.545,0.148
212,0.476,0.49,0.881,0.171,0.425,0.704,0.305,0.231,0.798,0.372,0.474,0.47,0.281,0.918,0.021,0.264,0.065,0.079,0.439,0.638,0.285,0.73,0.436,0.316,0.063,0.409,0.475,0.367,0.689,0.201,0.954,0.976,0.861,0.894,0.824,0.499,0.848,0.227,0.087,0.356,0.231,0.585,0.89,0.872,0.991,0.702,0.482,0.633,0.806,0.014,0.562,0.48,0.386,0.179,0.103,0.871,0.762,0.589,0.431,0.05,0.364,0.875,0.259,0.487
214,0.314,0.313,0.117,0.185,0.826,0.871,0.257,0.078,0.821,0.744,0.922,0.669,0.643,0.042,0.814,0.157,0.11,0.903,0.082,0.575,0.896,0.622,0.833,0.414,0.707,0.591,0.885,0.337,0.156,0.903,0.51,0.779,0.6,0.754,0.539,0.11,0.797,0.505,0.453,0.718,0.208,0.642,0.256,0.794,0.643,0.452,0.614,0.386,0.991,0.645,0.791,0.114,0.774,0.885,0.343,0.356,0.757,0.977,0.029,0.701,0.555,0.616,0.893,0.031
216,0.682,0.452,0.313,0.319,0.007,0.874,0.068,0.342,0.031,0.247,0.25,0.767,0.689,0.876,0.389,0.833,0.659,0.567,0.771,0.601,0.522,0.758,0.691,0.099,0.255,0.452,0.331,0.402,0.682,0.448,0.647,0.317,0.728,0.404,0.484,0.338,0.429,0.139,0.069,0.879,0.174,0.023,0.702,0.272,0.526,0.359,0.493,0.138,0.631,0.982,0.27,0.594,0.359,0.24,0.295,0.427,0.435,0.026,0.111,0.555,0.139,0.053,0.347,0.886
218,0.996,0.83,0.584,0.43,0.748,0.44,0.728,0.632,0.442,0.608,0.006,0.011,0.424,0.965,0.884,0.597,0.36,0.776,0.515,0.754,0.318,0.72,0.564,0.384,0.597,0.172,0.51,0.289,0.141,0.726,0.053,0.969,0.946,0.722,0.751,0.174,0.188,0.439,0.633,0.413,0.743,0.665,0.158,0.392,0.553,0.998,0.079,0.197,0.496,0.288,0.86,0.481,0.862,0.53,0.462,0.25,0.983,0.711,0.725,0.515,0.725,0.976,0.02,0.529
220,0.276,0.577,0.331,0.169,0.613,0.202,0.331,0.502,0.952,0.257,0.454,0.852,0.648,0.9,0.123,0.088,0.08,0.066,0.446,0.736,0.044,0.465,0.552,0.828,0.259,0.641,0.255,0.862,0.764,0.297,0.522,0.375,0.412,0.523,0.699,0.077,0.602,0.223,0.318,0.939,0.818,0.905,0.29,0.899,0.529,0.89,0.109,0.129,0.75,0.913,0.724,0.667,0.042,0.223,0.294,0.13,0.776,0.769,0.943,0.476,0.002,0.484,0.614,0.633
222,0.15,0.875,0.548,0.389,0.747,0.424,0.258,0.428,0.494,0.623,0.879,0.647,0.447,0.059,0.856,0.157,0.173,0.044,0.69,0.107,0.393,0.123,0.384,0.903,0.868,0.387,0.958,0.251,0.352,0.14,0.76,0.627,0.544,0.651,0.461,0.843,0.073,0.08,0.957,0.577,0.249,0.525,0.841,0.483,0.994,0.989,0.035,0.167,0.213,0.858,0.134,0.386,0.275,0.742,0.039,0.654,0.044,0.52,0.76,0.2,0.604,0.868,0.081,0.727
224,0.41,0.807,0.882,0.121,0.084,0.422,0.768,0.786,0.817,0.535,0.22,0.804,0.994,0.589,0.974,0.699,0.126,0.738,0.222,0.315,0.364,0.47,0.861,0.52,0.214,0.805,0.724,0.345,0.245,0.41,0.797,0.67,0.392,0.886,0.706,0.688,0.88,0.877,0.676,0.53,0.103,0.085,0.897,0.864,0.285,0.884,0.46,0.159,0.644,0.668,0.118,0.994,0.701,0.157,0.783,0.838,0.391,0.607,0.335,0.232,0.231,0.629,0.69,0.569
226,0.503,0.094,0.4,0.768,0.661,0.984,0.933,0.351,0.25,0.169,0.311,0.442,0.664,0.244,0.743,0.313,0.953,0.615,0.932,0.534,0.334,0.436,0.524,0.536,0.574,0.947,0.002,0.138,0.375,0.41,0.596,0.401,0.268,0.073,0.476,0.145,0.004,0.676,0.494,0.853,0.757,0.162,0.816,0.183,0.427,0.147,0.604,0.808,0.855,0.93,0.977,0.567,0.189,0.545,0.24,0.665,0.565,0.828,0.389,0.784,0.95,0.23,0.252,0.252
228,0.845,0.733,0.142,0.429,0.755,0.066,0.399,0.052,0.844,0.368,0.503,0.368,0.03,0.988,0.376,0.123,0.876,0.806,0.14,0.967,0.064,0.958,0.918,0.588,0.177,0.42,0.259,0.856,0.495,0.241,0.846,0.839,0.154,0.005,0.731,0.987,0.411,0.217,0.494,0.271,0.812,0.244,0.061,0.969,0.068,0.024,0.327,0.557,0.939,0.004,0.583,0.329,0.596,0.505,0.127,0.538,0.486,0.914,0.039,0.043,0.323,0.173,0.826,0.656
230,0.952,0.417,0.625,0.367,0.279,0.984,0.519,0.539,0.516,0.009,0.604,0.869,0.594,0.351,0.965,0.936,0.542,0.053,0.593,0.854,0.155,0.175,0.852,0.184,0.095,0.68,0.889,0.85,0.836,0.808,0.605,0.932,0.479,0.477,0.48,0.17,0.009,0.73,0.655,0.018,0.977,0.79,0.81,0.346,0.745,0.908,0.998,0.435,0.01,0.407,0.12,0.358,0.241,0.455,0.868,0.332,0.647,0.577,0.175,0.55,0.451,0.017,0.327,0.825
232,0.444,0.36,0.226,0.293,0.274,0.075,0.229,0.064,0.686,0.075,0.071,0.271,0.844,0.758,0.497,0.606,0.269,0.731,0.345,0.912,0.137,0.119,0.395,0.829,0.842,0.532,0.484,0.068,0.46,0.6,0.255,0.897,0.16,0.134,0.568,0.316,0.181,0.816,0.237,0.124,0.932,0.591,0.228,0.46,0.761,0.101,0.49,0.787,0.004,0.189,0.635,0.992,0.18,0.794,0.534,0.275,0.012,0.457,0.298,0.008,0.35,0.186,0.33,0.663
234,0.31,0.092,0.815,0.362,0.874,0.898,0.968,0.807,0.133,0.566,0.68,0.844,0.376,0.3,0.349,0.691,0.9,0.73,0.993,0.947,0.466,0.228,0.766,0.92,0.055,0.415,0.922,0.364,0.363,0.292,0.261,0.843,0.469,0.434,0.032,0.938,0.565,0.329,0.587,0.934,0.169,0.124,0.775,0.273,0.65,0.802,0.186,0.778,0.36,0.767,0.889,0.064,0.17,0.238,0.309,0.376,0.906,0.579,0.086,0.811,0.037,0.799,0.008,0.555
236,0.2,0.783,0.901,0.738,0.229,0.405,0.556,0.37,0.899,0.947,0.409,0.798,0.918,0.792,0.653,0.467,0.684,0.106,0.517,0.077,0.189,0.035,0.282,0.079,0.529,0.016,0.762,0.207,0.492,0.969,0.295,0.682,0.786,0.876,0.988,0.585,0.332,0.738,0.185,0.368,0.792,0.59,0.658,0.763,0.255,0.404,0.211,0.132,0.015,0.834,0.746,0.569,0.17,0.201,0.103,1.0,0.295,0.532,0.064,0.341,0.358,0.04,0.041,0.512
238,0.773,0.714,0.355,0.337,0.725,0.056,0.71,0.058,0.994,0.964,0.06,0.486,0.507,0.535,0.37,0.883,0.917,0.248,0.038,0.211,0.838,0.58,0.422,0.127,0.109,0.961,0.446,0.016,0.627,0.762,0.624,0.948,0.403,0.318,0.09,0.391,0.299,0.522,0.495,0.128,0.415,0.152,0.854,0.681,0.406,0.659,0.387,0.134,0.426,0.357,0.625,0.188,0.083,0.44,0.662,0.684,0.96,0.079,0.738,0.3,0.631,0.783,0.311,0.951
240,0.257,0.689,0.598,0.601,0.337,0.55,0.426,0.137,0.955,0.468,0.039,0.984,0.557,0.035,0.957,0.41,0.929,0.942,0.37,0.719,0.364,0.46,0.339,0.641,0.293,0.925,0.745,0.666,0.458,0.245,0.741,0.478,0.447,0.432,0.48,0.738,0.518,0.169,0.736,0.469,0.949,0.073,0.399,0.012,0.677,0.935,0.701,0.084,0.656,0.469,0.434,0.958,0.967,0.409,0.146,0.421,0.031,0.54,0.294,0.345,0.115,0.6,0.894,0.312
242,0.761,0.268,0.506,0.193,0.858,0.814,0.085,0.057,0.942,0.326,0.337,0.658,0.934,0.727,0.682,0.786,0.696,0.426,0.682,0.067,0.399,0.291,0.496,0.335,0.01,0.995,0.043,0.572,0.403,0.16,0.349,0.428,0.435,0.734,0.804,0.46,0.029,0.007,0.593,0.009,0.588,0.308,0.818,0.63,0.323,0.422,0.482,0.679,0.252,0.68,0.903,0.018,0.03,0.334,0.998,0.343,0.482,0.468,0.443,0.336,0.924,0.599,0.719,0.238
244,0.12,0.408,0.93,0.513,0.318,0.364,0.787,0.616,0.889,0.116,0.574,0.968,0.627,0.825,0.359,0.799,0.031,0.063,0.953,0.741,0.232,0.621,0.559,0.882,0.745,0.167,0.184,0.145,0.918,0.211,0.503,0.563,0.329,0.263,0.017,0.638,0.707,0.889,0.267,0.396,0.778,0.69,0.059,0.705,0.758,0.88,0.166,0.687,0.761,0.12,0.305,0.183,0.825,0.057,0.515,0.559,0.507,0.825,0.754,0.884,0.891,0.821,0.241,0.049
246,0.71,0.853,0.841,0.956,0.735,0.895,0.347,0.129,0.67,0.89,0.087,0.716,0.582,0.0,0.98,0.474,0.279,0.487,0.912,0.486,0.885,0.686,0.718,0.328,0.554,0.819,0.419,0.281,0.894,0.619,0.333,0.216,0.614,0.283,0.157,0.663,0.306,0.769,0.417,0.4,0.414,0.661,0.643,0.596,0.688,0.406,0.101,0.028,0.92,0.246,0.792,0.824,0.252,0.315,0.298,0.114,0.671,0.956,0.377,0.439,0.716,0.608,0.952,0.145
248,0.234,0.669,0.636,0.582,0.309,0.589,0.227,0.858,0.451,0.521,0.634,0.977,0.701,0.693,0.288,0.399,0.005,0.524,0.462,0.952,0.653,0.297,0.481,0.404,0.394,0.868,0.135,0.024,0.514,0.119,0.833,0.23,0.974,0.004,0.825,0.433,0.901,0.799,0.96,0.441,0.801,0.232,0.333,0.392,0.43,0.417,0.843,0.391,0.35,0.868,0.03,0.929,0.51,0.706,0.573,0.117,0.71,0.42,0.529,0.525,0.6,0.349,0.418,0.26
250,0.887,0.139,0.167,0.471,0.122,0.39,0.649,0.047,0.289,0.67,0.243,0.072,0.979,0.278,0.823,0.494,0.072,0.222,0.814,0.877,0.384,0.902,0.84,0.426,0.281,0.096,0.679,0.766,0.423,0.803,0.46,0.561,0.363,0.239,0.731,0.201,0.072,0.072,0.849,0.814,0.461,0.145,0.117,0.651,0.694,0.466,0.603,0.665,0.949,0.383,0.561,0.767,0.413,0.333,0.935,0.624,0.073,0.152,0.521,0.027,0.792,0.413,0.484,0.509
252,0.241,0.196,0.192,0.556,0.552,0.476,0.757,0.949,0.335,0.154,0.345,0.346,0.502,0.611,0.506,0.176,0.432,0.866,0.172,0.898,0.986,0.673,0.164,0.209,0.947,0.244,0.49,0.487,0.276,0.186,0.132,0.336,0.515,0.523,0.824,0.615,0.684,0.685,0.136,0.237,0.029,0.553,0.368,0.589,0.088,0.284,0.908,0.519,0.763,0.484,0.28,0.197,0.511,0.657,0.025,0.385,0.913,0.421,0.279,0.46,0.822,0.569,0.311,0.512
254,0.172,0.736,0.696,0.64,0.942,0.034,0.158,0.571,0.147,0.789,0.118,0.449,0.862,0.057,0.271,0.729,0.429,0.185,0.713,0.651,0.844,0.76,0.61,0.534,0.492,0.925,0.034,0.177,0.233,0.316,0.326,0.743,0.604,0.24,0.949,0.822,0.834,0.861,0.555,0.069,0.322,0.478,0.904,0.448,0.437,0.107,0.769,0.114,0.722,0.04,0.433,0.845,0.238,0.332,0.817,0.357,0.405,0.679,0.865,0.626,0.8,0.812,0.293,0.4
256,0.95,0.589,0.384,0.657,0.948,0.418,0.335,0.373,0.064,0.332,0.57,0.779,0.931,0.098,0.575,0.784,0.619,0.524,0.019,0.822,0.792,0.744,0.22,0.233,0.168,0.992,0.758,0.758,0.563,0.516,0.943,0.402,0.927,0.518,0.217,0.016,0.327,0.647,0.504,0.524,0.219,0.097,0.47,0.152,0.196,0.616,0.314,0.979,0.805,0.034,0.46,0.797,0.51,0.45,0.37,0.302,0.078,0.188,0.454,0.94,0.169,0.679,0.596,0.215
258,0.838,0.22,0.04,0.854,0.011,0.394,0.373,0.381,0.475,0.555,0.957,0.212,0.776,0.918,0.699,0.902,0.261,0.204,0.694,0.452,0.175,0.295,0.866,0.774,0.452,0.185,0.555,0.46,0.3,0.528,0.26,0.18,0.109,0.189,0.557,0.756,0.177,0.31,0.437,0.784,0.542,0.409,0.916,0.147,0.102,0.959,0.57,0.056,0.032,0.197,0.182,0.182,0.499,0.735,0.076,0.024,0.199,0.644,0.288,0.659,0.928,0.749,0.951,0.079
260,0.195,0.772,0.044,0.144,0.088,0.003,0.007,0.002,0.485,0.227,0.047,0.078,0.501,0.281,0.504,0.869,0.674,0.792,0.96,0.251,0.014,0.476,0.609,0.919,0.254,0.59,0.427,0.702,0.839,0.399,0.947,0.206,0.181,0.487,0.914,0.928,0.469,0.491,0.804,0.023,0.401,0.156,0.041,0.793,0.011,0.115,0.744,0.383,0.634,0.207,0.762,0.646,0.749,0.223,0.25,0.384,0.919,0.507,0.527,0.744,0.209,0.441,0.963,0.306
262,0.219,0.218,0.564,0.687,0.052,0.578,0.624,0.4,0.742,0.923,0.247,0.987,0.428,0.732,0.408,0.574,0.788,0.791,0.111,0.484,0.572,0.884,0.021,0.267,0.815,0.73,0.172,0.963,0.187,0.277,0.478,0.306,0.63,0.897,0.987,0.844,0.694,0.741,0.848,0.959,0.86,0.892,0.859,0.08,0.349,0.962,0.86,0.614,0.272,0.492,0.406,0.887,0.932,0.539,0.669,0.056,0.187,0.226,0.907,0.394,0.675,0.582,0.89,0.618
264,0.29,0.329,0.652,0.462,0.334,0.617,0.235,0.998,0.371,0.037,0.773,0.325,0.276,0.534,0.565,0.932,0.538,0.772,0.67,0.157,0.435,0.159,0.468,0.878,0.263,0.382,0.473,0.173,0.566,0.992,0.746,0.408,0.935,0.225,0.316,0.878,0.604,0.264,0.535,0.925,0.251,0.681,0.699,0.927,0.423,0.249,0.5,0.118,0.333,0.741,0.158,0.574,0.134,0.729,0.5,0.725,0.0,0.721,0.767,0.35,0.711,0.76,0.183,0.555
266,0.971,0.705,0.087,0.043,0.308,0.248,0.036,0.559,0.724,0.823,0.263,0.932,0.162,0.462,0.689,0.021,0.296,0.785,0.089,0.217,0.607,0.875,0.535,0.96,0.946,0.325,0.153,0.907,0.462,0.515,0.097,0.125,0.293,0.322,0.007,0.246,0.364,0.86,0.399,0.615,0.081,0.837,0.811,0.177,0.09,0.889,0.308,0.319,0.432,0.207,0.932,0.103,0.398,0.883,0.016,0.522,0.393,0.825,0.874,0.329,0.223,0.122,0.374,0.925
268,0.271,0.535,0.122,0.898,0.467,0.628,0.632,0.311,0.852,0.29,0.867,0.42,0.132,0.63,0.383,0.361,0.56,0.789,0.784,0.233,0.241,0.242,0.871,0.963,0.645,0.173,0.941,0.876,0.655,0.655,0.833,0.081,0.446,0.304,0.839,0.252,0.048,0.32,0.371,0.684,0.415,0.435,0.102,0.284,0.422,0.759,0.113,0.511,0.545,0.696,0.125,0.454,0.585,0.802,0.106,0.377,0.817,0.483,0.439,0.148,0.742,0.013,0.488,0.078
270,0.971,0.786,0.858,0.339,0.476,0.779,0.666,0.475,0.576,0.416,0.372,0.741,0.684,0.612,0.235,0.115,0.504,0.705,0.587,0.804,0.154,0.038,0.797,0.837,0.811,0.91,0.254,0.621,0.642,0.981,0.695,0.598,0.071,0.804,0.251,0.249,0.094,0.536,0.577,0.981,0.034,0.19,0.457,0.334,0.418,0.395,0.459,0.879,0.473,0.929,0.888,0.609,0.205,0.942,0.451,0.623,0.278,0.547,0.499,0.595,0.124,0.046,0.86,0.199
272,0.905,0.63,0.907,0.368,0.258,0.274,0.174,0.725,0.531,0.081,0.345,0.549,0.289,0.832,0.521,0.831,0.849,0.068,0.726,0.538,0.613,0.688,0.645,0.17,0.586,0.256,0.922,0.485,0.083,0.973,0.761,0.97,0.655,0.79,0.002,0.966,0.762,0.119,0.885,0.405,0.383,0.611,0.989,0.993,0.741,0.295,0.886,0.459,0.443,0.936,0.816,0.757,0.877,0.624,0.219,0.191,0.342,0.465,0.625,0.258,0.403,0.122,0.202,0.287
274,0.898,0.606,0.495,0.678,0.785,0.726,0.527,0.329,0.561,0.864,0.661,0.106,0.058,0.302,0.158,0.746,0.191,0.434,0.275,0.676,0.521,0.679,0.582,0.281,0.142,0.947,0.579,0.764,0.672,0.62,0.11,0.26,0.083,0.316,0.593,0.671,0.152,0.053,0.797,0.271,0.543,0.25,0.352,0.334,0.392,0.078,0.851,0.154,0.586,0.735,0.246,0.29,0.716,0.055,0.456,0.674,0.959,0.039,0.665,0.224,0.894,0.571,0.994,0.931
276,0.397,0.641,0.974,0.899,0.719,0.361,0.125,0.758,0.263,0.22,0.051,0.283,0.906,0.348,0.35,0.274,0.469,0.409,0.027,0.084,0.904,0.823,0.289,0.814,0.981,0.953,0.271,0.607,0.873,0.866,0.204,0.633,0.551,0.936,0.528,0.51,0.348,0.378,0.577,0.62,0.424,0.983,0.716,0.713,0.657,0.428,0.247,0.886,0.226,0.047,0.241,0.242,0.138,0.638,0.522,0.905,0.87,0.08,0.723,0.051,0.967,0.876,0.591,0.918
278,0.859,0.97,0.734,0.764,0.518,0.034,0.773,0.7,0.781,0.349,0.383,0.987,0.845,0.908,0.624,0.274,0.693,0.592,0.147,0.114,0.843,0.201,0.786,0.917,0.059,0.07,0.124,0.173,0.691,0.67,0.906,0.624,0.395,0.483,0.905,0.032,0.455,0.548,0.389,0.839,0.065,0.349,0.079,0.515,0.747,0.975,0.87,1.0,0.122,0.083,0.617,0.916,0.944,0.13,0.136,0.202,0.514,0.432,0.953,0.963,0.62,0.799,0.306,0.505
280,0.449,0.371,0.527,0.958,0.514,0.283,0.137,0.676,0.54,0.897,0.37,0.597,0.615,0.28,0.906,0.359,0.377,0.07,0.61,0.555,0.608,0.271,0.546,0.356,0.359,0.852,0.453,0.566,0.815,0.199,0.256,0.943,0.295,0.446,0.055,0.48,0.992,0.994,0.136,0.604,0.099,0.859,0.021,0.459,0.258,0.177,0.067,0.895,0.356,0.961,0.512,0.238,0.837,0.604,0.034,0.658,0.214,0.735,0.067,0.313,0.385,0.454,0.93,0.065
282,0.303,0.226,0.577,0.416,0.147,0.763,0.627,0.915,0.205,0.155,0.654,0.479,0.851,0.024,0.341,0.845,0.301,0.443,0.653,0.242,0.859,0.083,0.273,0.4,0.241,0.216,0.022,0.132,0.523,0.849,0.51,0.323,0.211,0.047,0.568,0.461,0.456,0.395,0.218,0.727,0.192,0.201,0.675,0.444,0.154,0.004,0.815,0.247,0.124,0.971,0.49,0.453,0.137,0.899,0.599,0.484,0.787,0.238,0.202,0.06,0.685,0.326,0.499,0.74
284,0.272,0.205,0.788,0.572,0.572,0.771,0.921,0.275,0.191,0.247,0.331,0.215,0.061,0.39,0.779,0.806,0.83,0.18,0.186,0.348,0.721,0.909,0.647,0.171,0.41,0.778,0.237,0.621,0.368,0.092,0.764,0.583,0.733,0.805,0.793,0.916,0.633,0.184,0.084,0.436,0.488,0.482,0.318,0.5,0.874,0.193,0.006,0.662,0.764,0.329,0.716,0.36,0.157,0.746,0.289,0.161,0.478,0.168,0.212,0.158,0.092,0.463,0.866,0.116
286,0.121,0.544,0.821,0.328,0.547,0.571,0.122,0.306,0.861,0.727,0.849,0.051,0.266,0.966,0.003,0.598,0.14,0.376,0.875,0.034,0.806,0.099,0.264,0.556,0.76,0.604,0.683,0.451,0.29,0.295,0.388,0.231,0.614,0.31,0.015,0.987,0.164,0.857,0.104,0.832,0.225,0.908,0.101,0.43,0.239,0.952,0.573,0.294,0.945,0.338,0.575,0.779,0.342,0.873,0.768,0.001,0.449,0.114,0.553,0.771,0.174,0.975,0.212,0.248
288,0.171,0.153,0.506,0.274,0.701,0.682,0.177,0.691,0.799,0.002,0.72,0.427,0.793,0.128,0.445,0.088,0.708,0.368,0.373,0.729,0.213,0.315,0.477,0.984,0.218,0.714,0.311,0.003,0.749,0.031,0.579,0.551,0.253,0.852,0.724,0.659,0.37,0.998,0.784,0.744,0.58,0.16,0.5,0.358,0.61,0.168,0.877,0.956,0.042,0.339,0.174,0.617,0.324,0.957,0.225,0.128,0.464,0.355,0.713,0.864,0.295,0.485,0.923,0.829
290,0.907,0.854,0.307,0.542,0.029,0.563,0.727,0.941,0.575,0.623,0.158,0.664,0.477,0.344,0.34,0.403,0.02,0.01,0.03,0.139,0.55,0.154,0.091,0.427,0.176,0.583,0.006,0.462,0.733,0.103,0.386,0.821,0.683,0.728,0.52,0.148,0.17,0.139,0.491,0.827,0.353,0.503,0.93,0.463,0.415,0.36,0.884,0.422,0.296,0.206,0.341,0.023,0.973,0.221,0.514,0.874,0.403,0.991,0.294,0.52,0.796,0.246,0.817,0.642
292,0.847,0.286,0.355,0.943,0.296,0.204,0.101,0.72,0.836,0.981,0.528,0.666,0.19,0.792,0.91,0.277,0.8,0.684,0.66,0.704,0.897,0.709,0.379,0.322,0.588,0.77,0.938,0.535,0.258,0.435,0.247,0.04,0.756,0.193,0.025,0.585,0.05,0.579,0.724,0.047,0.478,0.842,0.859,0.378,0.913,0.66,0.258,0.948,0.652,0.84,0.494,0.333,0.902,0.065,0.761,0.481,0.811,0.531,0.585,0.71,0.549,0.07,0.082,0.656
294,0.013,0.618,0.544,0.805,0.431,0.412,0.418,0.418,0.303,0.054,0.035,0.75,0.328,0.784,0.044,0.495,0.694,0.196,0.755,0.124,0.176,0.146,0.708,0.498,0.977,0.568,0.694,0.956,0.318,0.88,0.948,0.765,0.426,0.76,0.591,0.106,0.135,0.073,0.895,0.016,0.761,0.89,0.797,0.812,0.471,0.065,0.853,0.396,0.39,0.328,0.562,0.508,0.302,0.483,0.324,0.334,0.141,0.445,0.819,0.085,0.618,0.946,0.439,0.135
296,0.466,0.176,0.137,0.801,0.118,0.719,0.613,0.643,0.454,0.265,0.615,0.361,0.142,0.166,0.004,0.532,0.525,0.89,0.144,0.079,0.716,0.719,0.339,0.534,0.691,0.621,0.177,0.153,0.848,0.824,0.096,0.12,0.017,0.56,0.748,0.236,0.515,0.714,0.825,0.599,0.827,0.445,0.34,0.306,0.931,0.685,0.069,0.814,0.617,0.451,0.364,0.488,0.016,0.22,0.87,0.576,0.64,0.73,0.368,0.987,0.937,0.639,0.148,0.89
298,0.352,0.486,0.315,0.953,0.986,0.639,0.175,0.859,0.36,0.927,0.42,0.466,0.65,0.103,0.954,0.417,0.571,0.028,0.172,0.154,0.232,0.659,0.408,0.221,0.462,0.272,0.163,0.095,0.396,0.65,0.729,0.48,0.223,0.18,0.067,0.187,0.315,0.214,0.838,0.11,0.307,0.957,0.967,0.235,0.186,0.817,0.85,0.212,0.606,0.932,0.074,0.326,0.933,0.033,0.33,0.292,0.884,0.046,0.231,0.756,0.496,0.616,0.336,0.396
300,0.013,0.102,0.685,0.303,0.4,0.728,0.611,0.643,0.504,0.454,0.535,0.785,0.581,0.408,0.222,0.538,0.124,0.492,0.816,0.414,0.714,0.232,0.269,0.248,0.18,0.398,0.954,0.766,0.673,0.091,0.373,0.553,0.551,0.536,0.49,0.754,0.42,0.692,0.529,0.834,0.453,0.266,0.021,0.678,0.05,0.518,0.555,0.128,0.752,0.54,0.065,0.28,0.145,0.349,0.353,0.647,0.833,0.14,0.453,0.724,0.86,0.855,0.355,0.338
302,0.344,0.973,0.667,0.587,0.155,0.445,0.361,0.513,0.232,0.276,0.662,0.755,0.238,0.287,0.332,0.468,0.926,0.792,0.564,0.437,0.805,0.761,0.689,0.276,0.276,0.221,0.623,0.048,0.479,0.115,0.109,0.421,0.1,0.347,0.62,0.147,0.197,0.521,0.344,0.905,0.86,0.937,0.035,0.591,0.268,0.538,0.303,0.486,0.297,0.062,0.309,0.717,0.523,0.576,0.321,0.746,0.519,0.126,0.312,0.176,0.185,0.286,0.036,0.568
304,0.184,0.033,0.51,0.503,0.113,0.201,0.965,0.316,0.871,0.754,0.875,0.863,0.541,0.886,0.305,0.675,0.247,0.928,0.067,0.749,0.2,0.022,0.865,0.557,0.422,0.223,0.865,0.509,0.129,0.756,0.87,0.656,0.398,0.089,0.182,0.064,0.49,0.097,0.904,0.066,0.183,0.436,0.81,0.744,0.412,0.589,0.337,0.506,0.486,0.229,0.547,0.591,0.627,0.559,0.955,0.744,0.961,0.094,0.227,0.086,0.302,0.158,0.945,0.729
306,0.313,0.692,0.901,0.882,0.666,0.196,0.326,0.888,0.805,0.859,0.686,0.897,0.805,0.705,0.1,0.545,0.895,0.377,0.748,0.826,0.62,0.321,0.339,0.865,0.868,0.993,0.287,0.115,0.657,0.161,0.114,0.882,0.702,0.988,0.261,0.414,0.95,0.444,0.059,0.563,0.652,0.572,0.033,0.682,0.459,0.013,0.022,0.476,0.128,0.961,0.452,0.217,0.117,0.237,0.522,0.232,0.462,0.91,0.479,0.381,0.322,0.237,0.375,0.531
308,0.956,0.353,0.229,0.849,0.184,0.483,0.082,0.599,0.62,0.047,0.806,0.586,0.604,0.215,0.654,0.023,0.199,0.345,0.948,0.038,0.959,0.68,0.227,0.096,0.731,0.711,0.196,0.457,0.083,0.067,0.151,0.36,0.448,0.327,0.408,0.946,0.174,0.403,0.068,0.907,0.674,0.928,0.839,0.272,0.695,0.216,0.083,0.568,0.706,0.592,0.906,0.686,0.639,0.119,0.156,0.983,0.978,0.54,0.894,0.941,0.851,0.406,0.302,0.427
310,0.467,0.582,0.638,0.759,0.451,0.876,0.847,0.99,0.221,0.408,0.469,0.203,0.262,0.348,0.728,0.819,0.188,0.525,0.914,0.084,0.71,0.906,0.102,0.412,0.515,0.205,0.261,0.292,0.983,0.917,0.236,0.47,0.585,0.811,0.249,0.351,0.374,0.821,0.415,0.224,0.503,0.122,0.262,0.23,0.657,0.411,0.805,0.828,0.528,0.71,0.375,0.498,0.868,0.569,0.788,0.302,0.54,0.257,0.542,0.626,0.249,0.327,0.815,0.416
312,0.942,0.37,0.847,0.462,0.533,0.463,0.117,0.192,0.945,0.449,0.998,0.088,0.306,0.903,0.076,0.673,0.33,0.205,0.455,0.322,0.055,0.897,0.023,0.449,0.426,0.308,0.858,0.679,0.646,0.349,0.145,0.207,0.467,0.272,0.004,0.116,0.912,0.618,0.391,0.795,0.735,0.115,0.663,0.904,0.279,0.687,0.368,0.312,0.186,0.434,0.969,0.412,0.124,0.996,0.122,0.594,0.69,0.766,0.861,0.352,0.632,0.161,0.12,0.904
314,0.655,0.768,0.875,0.192,0.098,0.919,0.105,0.397,0.112,0.576,0.294,0.033,0.997,0.679,0.753,0.245,0.122,0.491,0.173,0.857,0.014,0.978,0.942,0.15,0.99,0.567,0.522,0.33,0.521,0.889,0.927,0.187,0.492,0.704,0.526,0.452,0.325,0.314,0.052,0.449,0.926,0.707,0.737,0.745,0.473,0.39,0.559,0.881,0.917,0.293,0.809,0.674,0.58,0.211,0.305,0.145,0.804,0.111,0.86,0.779,0.695,0.903,0.265,0.272
316,0.788,0.209,0.923,0.295,0.753,0.967,0.345,0.443,0.706,0.668,0.172,0.692,0.791,0.026,0.863,0.004,0.061,0.638,0.911,0.472,0.386,0.915,0.651,0.007,0.155,0.269,0.369,0.885,0.124,0.016,0.183,0.934,0.033,0.887,0.633,0.998,0.71,0.184,0.734,0.265,0.732,0.832,0.611,0.642,0.789,0.889,0.383,0.619,0.308,0.148,0.428,0.144,0.704,0.186,0.008,0.425,0.169,0.945,0.606,0.536,0.996,0.9,0.633,0.648
318,0.243,0.085,0.129,0.449,0.102,0.171,0.958,0.168,0.589,0.239,0.011,0.116,0.165,0.907,0.387,0.856,0.602,0.299,0.861,0.301,0.938,0.158,0.149,0.641,0.728,0.837,0.119,0.321,0.326,0.967,0.839,0.822,0.835,0.967,0.044,0.662,0.494,0.598,0.326,0.25,0.802,0.691,0.827,0.675,0.77,0.421,0.482,0.907,0.459,0.988,0.19,0.599,0.074,0.811,0.392,0.977,0.105,0.692,0.045,0.379,0.684,0.197,0.691,0.01
320,0.847,0.547,0.859,0.211,0.316,0.114,0.228,0.265,0.276,0.157,0.626,0.222,0.399,0.75,0.25,0.985,0.412,0.741,0.254,0.047,0.818,0.825,0.301,0.265,0.04,0.482,0.378,0.506,0.427,0.677,0.758,0.268,0.859,0.511,0.431,0.713,0.518,0.715,0.722,0.692,0.983,0.975,0.736,0.185,0.739,0.104,0.018,0.638,0.262,0.721,0.432,0.892,0.482,0.351,0.775,0.581,0.581,0.105,0.192,0.741,0.946,0.542,0.45,0.706
322,0.554,0.716,0.304,0.074,0.196,0.074,0.826,0.922,0.075,0.696,0.106,0.14,0.324,0.726,0.693,0.594,0.434,0.191,0.961,0.588,0.772,0.806,0.656,0.116,0.635,0.545,0.195,0.743,0.073,0.805,0.025,0.892,0.556,0.753,0.447,0.536,0.868,0.849,0.858,0.327,0.173,0.341,0.891,0.62,0.183,0.241,0.967,0.542,0.1,0.698,0.499,0.787,0.076,0.127,0.068,0.985,0.562,0.482,0.81,0.81,0.384,0.949,0.907,0.172
324,0.138,0.019,0.581,0.019,0.672,0.276,0.337,0.985,0.172,0.425,0.822,0.976,0.619,0.786,0.465,0.214,0.102,0.321,0.821,0.623,0.589,0.977,0.298,0.922,0.448,0.998,0.336,0.822,0.677,0.733,0.34,0.729,0.956,0.621,0.535,0.085,0.894,0.479,0.601,0.65,0.481,0.485,0.376,0.524,0.859,0.488,0.531,0.204,0.036,0.068,0.974,0.818,0.576,0.593,0.456,0.747,0.634,0.93,0.545,0.794,0.59,0.291,0.53,0.583
326,0.453,0.122,0.194,0.811,0.784,0.905,0.098,0.184,0.892,0.614,0.93,0.716,0.758,0.534,0.367,0.406,0.713,0.031,0.26,0.149,0.162,0.083,0.44,0.374,0.874,0.894,0.374,0.368,0.358,0.358,0.286,0.518,0.999,0.408,0.163,0.421,0.439,0.976,0.809,0.653,0.152,0.643,0.121,0.522,0.242,0.938,0.548,0.782,0.95,0.129,0.165,0.953,0.711,0.387,0.883,0.773,0.113,0.095,0.118,0.253,0.489,0.757,0.858,0.356
328,0.727,0.518,0.382,0.25,0.594,0.144,0.71,0.295,0.098,0.844,0.964,0.351,0.259,0.202,0.452,0.264,0.454,0.255,0.847,0.782,0.314,0.615,0.201,0.364,0.137,0.061,0.996,0.538,0.906,0.268,0.183,0.895,0.459,0.956,0.208,0.513,0.28,0.011,0.508,0.886,0.288,0.854,0.723,0.73,0.117,0.041,0.578,0.551,0.797,0.031,0.162,0.506,0.238,0.682,0.549,0.795,0.557,0.535,0.284,0.279,0.652,0.949,0.47,0.17
330,0.55,0.43,0.814,0.827,0.002,0.75,0.11,0.07,0.021,0.653,0.707,0.256,0.99,0.818,0.513,0.011,0.265,0.506,0.926,0.601,0.041,0.818,0.162,0.503,0.91,0.487,0.683,0.747,0.645,0.657,0.822,0.357,0.985,0.64,0.632,0.089,0.921,0.443,0.319,0.126,0.738,0.997,0.766,0.056,0.294,0.935,0.493,0.622,0.537,0.137,0.102,0.46,0.074,0.44,0.731,0.801,0.617,0.372,0.466,0.578,0.183,0.04,0.142,0.459
332,0.856,0.931,0.35,0.004,0.822,0.325,0.441,0.573,0.195,0.28,0.13,0.445,0.065,0.334,0.097,0.5,0.545,0.501,0.063,0.693,0.12,0.432,0.884,0.239,0.074,0.787,0.284,0.238,0.406,0.194,0.609,0.471,0.24,0.277,0.45,0.833,0.094,0.65,0.437,0.56,0.486,0.422,0.044,0.241,0.458,0.588,0.788,0.624,0.372,0.102,0.591,0.344,0.18,0.88,0.989,0.314,0.45,0.668,0.962,0.306,0.202,0.638,0.275,0.808
334,0.977,0.334,0.607,0.029,0.474,0.439,0.547,0.731,0.638,0.098,0.109,0.941,0.053,0.257,0.376,0.474,0.104,0.611,0.463,0.565,0.855,0.519,0.535,0.509,0.55,0.108,0.454,0.632,0.729,0.737,0.466,0.442,0.579,0.588,0.494,0.935,0.091,0.375,0.521,0.204,0.432,0.621,0.15,0.256,0.015,0.359,0.453,0.343,0.691,0.599,0.932,0.429,0.591,0.043,0.914,0.437,0.593,0.961,0.329,0.975,0.024,0.406,0.338,0.327
336,0.533,0.446,0.468,0.911,0.253,0.26,0.099,0.422,0.129,0.673,0.009,0.91,0.51,0.37,0.827,0.994,0.692,0.512,0.044,0.592,0.39,0.298,0.726,0.145,0.551,0.614,0.652,0.63,0.987,0.848,0.793,0.91,0.35,0.745,0.59,0.232,0.491,0.97,0.532,0.782,0.686,0.842,0.8,0.141,0.816,0.433,0.392,0.74,0.29,0.125,0.477,0.481,0.432,0.533,0.783,0.159,0.589,0.429,0.338,0.453,0.108,0.365,0.718,0.068
338,0.927,0.861,0.08,0.125,0.521,0.194,0.22,0.419,0.984,0.286,0.427,0.875,0.472,0.753,0.707,0.453,0.269,0.371,0.349,0.861,0.935,0.874,0.115,0.84,0.017,0.687,0.201,0.598,0.406,0.705,0.457,0.455,0.632,0.706,0.733,0.974,0.242,0.549,0.161,0.9,0.34,0.504,0.284,0.78,0.631,0.391,0.385,0.836,0.794,0.555,0.676,0.225,0.498,0.09,0.26,0.957,0.723,0.135,0.988,0.125,0.045,0.295,0.69,0.927
340,0.346,0.397,0.766,0.116,0.03,0.136,0.762,0.042,0.861,0.519,0.003,0.313,0.202,0.122,0.553,0.101,0.788,0.773,0.159,0.958,0.481,0.928,0.461,0.203,0.431,0.075,0.04,0.62,0.481,0.613,0.766,0.656,0.489,0.575,0.777,0.655,0.435,0.585,0.507,0.151,0.227,0.17,0.997,0.757,0.365,0.854,0.63,0.187,0.704,0.222,0.806,0.204,0.353,0.918,0.462,0.755,0.276,0.105,0.573,0.45,0.413,0.522,0.936,0.265
342,0.116,0.968,0.812,0.802,0.92,0.845,0.06,0.066,0.69,0.277,0.714,0.423,0.072,0.989,0.645,0.196,0.73,0.051,0.719,0.58,0.855,0.931,0.59,0.63,0.879,0.635,0.265,0.893,0.265,0.087,0.463,0.057,0.043,0.64,0.3,0.149,0.431,0.359,0.842,0.85,0.62,0.654,0.351,0.673,0.289,0.528,0.266,0.26,0.368,0.843,0.178,0.748,0.031,0.736,0.906,0.391,0.154,0.018,0.442,0.577,0.765,0.493,0.205,0.109
344,0.838,0.053,0.414,0.534,0.693,0.692,0.812,0.331,0.221,0.506,0.892,0.207,0.726,0.653,0.484,0.098,0.893,0.91,0.793,0.72,0.676,0.233,0.633,0.176,0.094,0.403,0.022,0.227,0.533,0.142,0.142,0.089,0.904,0.792,0.78,0.379,0.228,0.416,0.8,0.395,0.492,0.182,0.981,0.213,0.25,0.691,0.624,0.693,0.332,0.955,0.051,0.208,0.687,0.717,0.529,0.474,0.762,0.545,0.372,0.328,0.229,0.448,0.669,0.262
346,0.067,0.101,0.481,0.429,0.897,0.114,0.189,0.81,0.706,0.384,0.761,0.279,0.765,0.761,0.721,0.636,0.287,0.745,0.85,0.404,0.51,0.417,0.878,0.72,0.218,0.755,0.807,0.196,0.12,0.919,0.075,0.199,0.043,0.191,0.816,0.503,0.674,0.843,0.08,0.872,0.054,0.954,0.505,0.76,0.021,0.184,0.182,0.475,0.256,0.887,0.821,0.137,0.115,0.881,0.254,0.346,0.919,0.446,0.615,0.527,0.429,0.735,0.782,0.33
348,0.76,0.992,0.052,0.016,0.766,0.298,0.707,0.835,0.72,0.236,0.866,0.095,0.045,0.159,0.661,0.632,0.165,0.84,0.413,0.305,0.327,0.173,0.432,0.052,0.443,0.519,0.686,0.892,0.415,0.638,0.188,0.416,0.374,0.386,0.303,0.68,0.689,0.426,0.282,0.758,0.77,0.962,0.81,0.426,0.701,0.501,0.779,0.183,0.151,0.471,0.829,0.94,0.097,0.393,0.922,0.358,0.482,0.336,0.205,0.065,0.198,0.024,0.435,0.223
350,0.779,0.491,0.907,0.484,0.682,0.569,0.921,0.714,0.279,0.588,0.013,0.46,0.939,0.55,0.756,0.388,0.339,0.583,0.286,0.516,0.205,0.275,0.943,0.784,0.565,0.066,0.249,0.1,0.28,0.516,0.911,0.287,0.152,0.408,0.383,0.799,0.105,0.516,0.224,0.289,0.093,0.945,0.524,0.285,0.985,0.638,0.752,0.687,0.383,0.33,0.918,0.436,0.156,0.374,0.178,0.595,0.697,0.324,0.47,0.12,0.237,0.146,0.313,0.049
352,0.863,0.322,0.404,0.912,0.912,0.178,0.885,0.715,0.214,0.412,0.913,0.551,0.157,0.775,0.459,0.521,0.313,0.477,0.563,0.366,0.47,0.649,0.958,0.578,0.572,0.364,0.522,0.166,0.337,0.56,0.431,0.101,0.576,0.698,0.146,0.684,0.402,0.261,0.978,0.343,0.952,0.691,0.336,0.19,0.079,0.716,0.571,0.189,0.358,0.128,0.76,0.332,0.947,0.398,0.489,0.689,0.455,0.709,0.425,0.33,0.445,0.828,0.112,0.301
354,0.048,0.279,0.603,0.297,0.742,0.821,0.064,0.693,0.878,1.0,0.989,0.362,0.994,0.732,0.925,0.191,0.265,0.217,0.297,0.71,0.616,0.006,0.068,0.148,0.496,0.67,0.912,0.745,0.654,0.22,0.019,0.605,0.557,0.874,0.356,0.295,0.559,0.351,0.551,0.703,0.755,0.477,0.333,0.993,0.606,0.105,0.663,0.473,0.049,0.407,0.32,0.28,0.996,0.432,0.661,0.575,0.933,0.906,0.305,0.296,0.28,0.298,0.115,0.527
356,0.433,0.315,0.703,0.475,0.659,0.752,0.44,0.472,0.028,0.076,0.719,0.279,0.235,0.458,0.244,0.842,0.058,0.406,0.965,0.373,0.963,0.738,0.974,0.356,0.704,0.499,0.155,0.59,0.986,0.636,0.214,0.7,0.485,0.863,0.239,0.355,0.154,0.676,0.823,0.222,0.915,0.536,0.919,0.968,0.079,0.036,0.67,0.895,0.698,0.526,0.421,0.937,0.131,0.412,0.797,0.504,0.563,0.686,0.058,0.524,0.528,0.655,0.09,0.701
358,0.756,0.075,0.516,0.129,0.36,0.689,0.984,0.463,0.382,0.04,0.562,0.07,0.561,0.123,0.755,0.076,0.619,0.135,0.572,0.43,0.641,0.749,0.255,0.686,0.812,0.999,0.559,0.825,0.863,0.615,0.916,0.804,0.78,0.672,0.142,0.722,0.024,0.177,0.18,0.761,0.086,0.46,0.212,0.679,0.687,0.259,0.17,0.362,0.403,0.702,0.494,0.896,0.098,0.639,0.027,0.258,0.009,0.472,0.224,0.368,0.542,0.81,0.634,0.954
360,0.03,0.29,0.064,0.767,0.004,0.378,0.795,0.336,0.878,0.707,0.723,0.936,0.904,0.57,0.646,0.039,0.378,0.001,0.971,0.463,0.9,0.431,0.016,0.08,0.693,0.542,0.22,0.824,0.521,0.841,0.017,0.328,0.055,0.418,0.411,0.878,0.943,0.55,0.832,0.895,0.307,0.86,0.274,0.23,0.291,0.867,0.837,0.638,0.369,0.808,0.747,0.414,0.134,0.841,0.215,0.061,0.631,0.746,0.179,0.492,0.107,0.849,0.763,0.341
362,0.891,0.002,0.243,0.092,0.368,0.429,0.248,0.511,0.305,0.621,0.538,0.888,0.679,0.812,0.627,0.194,0.978,0.171,0.822,0.535,0.658,0.236,0.033,0.14,0.478,0.434,0.194,0.241,0.942,0.198,0.303,0.711,0.09,0.011,0.144,0.385,0.563,0.808,0.659,0.784,0.37,0.897,0.057,0.485,0.244,0.064,0.813,0.088,0.658,0.697,0.499,0.49,0.811,0.804,0.068,0.627,0.095,0.841,0.268,0.846,0.801,0.544,0.773,0.67
364,0.17,0.512,0.025,0.8,0.1,0.322,0.848,0.845,0.38,0.859,0.134,0.654,0.338,0.773,0.929,0.968,0.403,0.166,0.446,0.789,0.867,0.913,0.371,0.331,0.816,0.108,0.568,0.135,0.247,0.641,0.452,0.642,0.131,0.212,0.66,0.534,0.529,0.965,0.489,0.231,0.356,0.42,0.841,0.109,0.959,0.127,0.544,0.4,0.819,0.506,0.577,0.222,0.754,0.365,0.915,0.246,0.031,0.801,0.917,0.906,0.686,0.363,0.527,0.66
366,0.366,0.362,0.945,0.118,0.36,0.312,0.924,0.336,0.98,0.03,0.913,0.051,0.847,0.607,0.447,0.68,0.713,0.946,0.452,0.747,0.014,0.464,0.976,0.419,0.447,0.354,0.747,0.976,0.273,0.055,0.948,0.167,0.118,0.143,0.658,0.144,0.814,0.152,0.962,0.498,0.367,0.574,0.199,0.684,0.264,0.472,0.685,0.794,0.471,0.435,0.018,0.33,0.396,0.19,0.535,0.578,0.339,0.437,0.396,0.671,0.329,0.73,0.382,0.53
368,0.232,0.471,0.286,0.22,0.882,0.824,0.277,0.816,0.412,0.343,0.762,0.775,0.472,0.158,0.458,0.25,0.252,0.794,0.048,0.517,0.271,0.516,0.529,0.812,0.357,0.989,0.065,0.747,0.804,0.577,0.445,0.703,0.399,0.653,0.852,0.781,0.437,0.297,0.621,0.327,0.998,0.168,0.063,0.702,0.074,0.492,0.657,0.637,0.024,0.236,0.319,0.193,0.397,0.675,0.056,0.381,0.404,0.305,0.451,0.338,0.57,0.157,0.822,0.816
370,0.575,0.579,0.905,0.746,0.119,0.971,0.46,0.438,0.175,0.432,0.004,0.023,0.768,0.558,0.722,0.531,0.671,0.414,0.489,0.477,0.851,0.927,0.322,0.109,0.79,0.416,0.879,0.602,0.148,0.787,0.106,0.983,0.014,0.414,0.974,0.808,0.745,0.023,0.488,0.829,0.587,0.376,0.949,0.71,0.215,0.086,0.645,0.368,0.646,0.134,0.966,0.997,0.038,0.738,0.977,0.726,0.898,0.097,0.944,0.52,0.022,0.773,0.408,0.057
372,0.014,0.526,0.343,0.233,0.354,0.605,0.653,0.314,0.803,0.169,0.51,0.322,0.383,0.261,0.722,0.946,0.057,0.768,0.226,0.772,0.074,0.42,0.879,0.942,0.943,0.426,0.463,0.57,0.645,0.401,0.495,0.686,0.162,0.354,0.484,0.19,0.988,0.244,0.42,0.357,0.796,0.559,0.181,0.032,0.009,0.582,0.204,0.805,0.669,0.652,0.752,0.122,0.874,0.831,0.393,0.562,0.493,0.18,0.384,0.024,0.541,0.279,0.101,0.762
374,0.328,0.141,0.844,0.044,0.31,0.359,0.092,0.329,0.247,0.74,0.904,0.856,0.807,0.047,0.343,0.695,0.107,0.551,0.96,0.954,0.148,0.996,0.428,0.876,0.044,0.358,0.629,0.865,0.652,0.002,0.014,0.648,0.131,0.192,0.539,0.788,0.372,0.907,0.975,0.777,0.946,0.227,0.241,0.954,0.837,0.152,0.238,0.659,0.592,0.707,0.419,0.603,0.996,0.832,0.788,0.117,0.705,0.406,0.463,0.131,0.432,0.384,0.772,0.964
376,0.324,0.685,0.051,0.863,0.873,0.923,0.447,0.661,0.495,0.717,0.749,0.945,0.538,0.271,0.638,0.692,0.348,0.58,0.571,0.914,0.185,0.959,0.731,0.881,0.51,0.481,0.727,0.32,0.003,0.774,0.171,0.357,0.502,0.994,0.401,0.007,0.726,0.731,0.352,0.779,0.549,0.299,0.361,0.155,0.459,0.792,0.714,0.956,0.286,0.833,0.091,0.093,0.07,0.406,0.081,0.868,0.257,0.728,0.14,0.763,0.568,0.247,0.461,0.741
378,0.526,0.486,0.018,0.802,0.353,0.216,0.643,0.092,0.666,0.416,0.498,0.499,1.0,0.168,0.339,0.831,0.933,0.716,0.738,0.73,0.369,0.639,0.044,0.444,0.096,0.719,0.701,0.087,0.694,0.669,0.124,0.083,0.032,0.347,0.624,0.014,0.288,0.122,0.873,0.963,0.026,0.548,0.09,0.484,0.664,0.261,0.497,0.107,0.408,0.089,0.379,0.085,0.032,0.475,0.876,0.5,0.802,0.482,0.572,0.09,0.192,0.771,0.658,0.889
380,0.469,0.167,0.91,0.689,0.953,0.227,0.946,0.084,0.019,0.309,0.24,0.226,0.288,0.596,0.596,0.747,0.604,0.597,0.825,0.802,0.359,0.022,0.052,0.517,0.016,0.046,0.263,0.287,0.978,0.929,0.858,0.415,0.436,0.621,0.571,0.776,0.022,0.333,0.39,0.162,0.214,0.262,0.207,0.796,0.457,0.715,0.139,0.68,0.241,0.94,0.513,0.544,0.568,0.802,0.308,0.459,0.947,0.304,0.694,0.057,0.281,0.781,0.713,0.432
382,0.135,0.144,0.732,0.627,0.938,0.623,0.904,0.047,0.626,0.315,0.686,0.708,0.142,0.807,0.344,0.91,0.178,0.304,0.672,0.227,0.408,0.657,0.254,0.646,0.533,0.234,0.609,0.145,0.175,0.54,0.446,0.209,0.599,0.593,0.495,0.256,0.725,0.686,0.716,0.888,0.401,0.859,0.853,0.614,0.825,0.132,0.971,0.809,0.082,0.449,0.827,0.018,0.22,0.306,0.688,0.657,0.563,0.175,0.461,0.901,0.319,0.402,0.146,0.552
384,0.033,0.762,0.611,0.876,0.871,0.663,0.174,0.056,0.888,0.454,0.704,0.675,0.611,0.344,0.675,0.693,0.766,0.34,0.177,0.068,0.909,0.263,0.491,0.275,0.327,0.478,0.187,0.874,0.041,0.892,0.913,0.539,0.247,0.243,0.898,0.667,0.347,0.379,0.346,0.919,0.823,0.177,0.811,0.657,0.565,0.806,0.591,0.525,0.979,0.132,0.708,0.249,0.403,0.833,0.984,0.994,0.838,0.702,0.935,0.955,0.571,0.534,0.006,0.648
386,0.574,0.28,0.778,0.765,0.075,0.551,0.377,0.949,0.137,0.895,0.845,0.275,0.961,0.475,0.954,0.87,0.575,0.729,0.452,0.987,0.423,0.106,0.03,0.117,0.146,0.525,0.183,0.371,0.331,0.818,0.332,0.6,0.584,0.962,0.459,0.561,0.564,0.058,0.99,0.236,0.08,0.673,0.977,0.057,0.949,0.997,0.849,0.352,0.163,0.183,0.382,0.934,0.041,0.245,0.285,0.794,0.832,0.039,0.945,0.351,0.717,0.948,0.745,0.998
388,0.384,0.429,0.962,0.18,0.156,0.841,0.446,0.734,0.814,0.521,0.574,0.097,0.318,0.216,0.29,0.009,0.856,0.953,0.274,0.886,0.796,0.811,0.497,0.441,0.972,0.415,0.937,0.225,0.716,0.697,0.471,0.167,0.527,0.432,0.541,0.24,0.788,0.651,0.888,0.605,0.247,0.295,0.845,0.181,0.857,0.966,0.265,0.984,0.236,0.978,0.94,0.975,0.144,0.989,0.202,0.275,0.688,0.553,0.861,0.407,0.534,0.222,0.883,0.487
390,0.084,0.939,0.89,0.253,0.23,0.732,0.449,0.998,0.219,0.52,0.66,0.924,0.747,0.127,0.057,0.229,0.406,0.738,0.401,0.968,0.553,0.445,0.08,0.016,0.233,0.689,0.572,0.881,0.49,0.208,0.777,0.604,0.814,0.406,0.176,0.961,0.073,0.964,0.753,0.203,0.096,0.304,0.655,0.17,0.264,0.69,0.615,0.852,0.055,0.133,0.007,0.85,0.977,0.651,0.933,0.052,0.312,0.976,0.551,0.759,0.552,0.162,0.162,0.577
392,0.831,0.796,0.367,0.573,0.897,0.887,0.106,0.495,0.459,0.38,0.564,0.19,0.841,0.921,0.022,0.493,0.793,0.967,0.409,0.36,0.01,0.714,0.141,0.354,0.651,0.264,0.026,0.156,0.572,0.329,0.048,0.304,0.468,0.94,0.935,0.396,0.251,0.183,0.383,0.892,0.029,0.861,0.163,0.304,0.339,0.495,0.276,0.01,0.306,0.627,0.444,0.933,0.235,0.054,0.874,0.813,0.267,0.908,0.72,0.662,0.76,0.955,0.678,0.636
394,0.684,0.444,0.989,0.658,0.184,0.323,0.391,0.153,0.346,0.929,0.464,0.944,0.078,0.113,0.176,0.502,0.388,0.504,0.443,0.821,0.459,0.561,0.189,0.872,0.608,0.683,0.471,0.593,0.398,0.737,0.148,0.989,0.936,0.621,0.899,0.478,0.827,0.044,0.04,0.556,0.025,0.747,0.566,0.616,0.131,0.081,0.855,0.875,0.212,0.071,0.231,0.78,0.764,0.397,0.561,0.355,0.635,0.69,0.316,0.912,0.374,0.544,0.847,0.276
396,0.163,0.886,0.737,0.013,0.822,0.954,0.006,0.688,0.615,0.356,0.217,0.531,0.802,0.919,0.003,0.958,0.75,0.634,0.802,0.704,0.521,0.475,0.13,0.21,0.386,0.356,0.261,0.838,0.625,0.169,0.403,0.108,0.88,0.514,0.056,0.385,0.965,0.237,0.76,0.895,0.239,0.454,0.479,0.747,0.636,0.824,0.208,0.675,0.224,0.214,0.043,0.751,0.858,0.724,0.32,0.861,0.57,0.45,0.135,0.173,0.488,0.197,0.418,0.554
398,0.629,0.968,0.325,0.61,0.578,0.974,0.111,0.298,0.618,0.884,0.409,0.798,0.017,0.488,0.487,0.242,0.91,0.527,0.133,0.205,0.364,0.717,0.548,0.108,0.738,0.053,0.739,0.463,0.917,0.568,0.253,0.315,0.146,0.461,0.493,0.66,0.225,0.792,0.996,0.912,0.465,0.333,0.083,0.982,0.453,0.499,0.965,0.475,0.821,0.558,0.935,0.048,0.405,0.895,0.594,0.388,0.296,0.44,0.791,0.229,0.197,0.33,0.849,0.206
