time,CP6,F7,CP2,FT8,P1,PO8,P9,P4,CPz,P6,FT7,AF8,Fp2,P2,CP5,Pz,O1,FC5,F8,P5,Oz,FC3,P3,PO7,F5,FC2,TP8,CP1,TP7,POz,CP3,T8,Fp1,FC1,F10,F1,C3,T7,C1,C2,C4,FC4,C6,C5,F2,F6,AF3,PO4,P10,P8,P7,PO3,Fz,AF7,FCz,CP4,F4,AF4,Cz,FC6,F9,F3,O2,AFz
-100,0.688,0.007,0.387,0.331,0.798,0.226,0.018,0.86,0.852,0.369,0.014,0.462,0.965,0.66,0.288,0.703,0.823,0.676,0.581,0.963,0.868,0.594,0.91,0.445,0.939,0.198,0.744,0.553,0.996,0.592,0.119,0.015,0.018,0.003,0.085,0.116,0.235,0.199,0.658,0.511,0.543,0.22,0.653,0.151,0.831,0.592,0.081,0.585,0.865,0.511,0.252,0.494,0.168,0.04,0.469,0.892,0.505,0.007,0.33,0.046,0.912,0.753,0.142,0.07
-98,0.136,0.975,0.281,0.142,0.132,0.08,0.052,0.208,0.577,0.008,0.543,0.699,0.549,0.173,0.846,0.808,0.859,0.095,0.791,0.54,0.367,0.947,0.849,0.772,0.353,0.769,0.441,0.364,0.351,0.931,0.177,0.695,0.957,0.893,0.02,0.336,0.189,0.013,0.403,0.399,0.765,0.272,0.387,0.194,0.527,0.896,0.984,0.043,0.955,0.404,0.413,0.479,0.143,0.162,0.85,0.917,0.093,0.811,0.929,0.684,0.117,0.22,0.962,0.694
-96,0.833,0.94,0.622,0.261,0.595,0.174,0.32,0.796,0.617,0.447,0.889,0.972,0.998,0.004,0.343,0.05,0.784,0.47,0.92,0.383,0.753,0.646,0.773,0.633,0.249,0.075,0.645,0.619,0.743,0.74,0.587,0.578,0.001,0.961,0.123,0.288,0.149,0.015,0.803,0.297,0.887,0.081,0.711,0.205,0.842,0.897,0.088,0.65,0.85,0.831,0.361,0.074,0.94,0.367,0.631,0.406,0.631,0.08,0.907,0.624,0.806,0.413,0.724,0.475
-94,0.579,0.668,0.604,0.283,0.952,0.975,0.156,0.255,0.385,0.876,0.009,0.632,0.772,0.932,0.031,0.449,0.97,0.487,0.503,0.186,0.129,0.596,0.202,0.206,0.251,0.312,0.432,0.107,0.026,0.04,0.376,0.487,0.81,0.669,0.188,0.408,0.535,0.117,0.888,0.467,0.006,0.07,0.421,0.429,0.253,0.854,0.854,0.255,0.901,0.966,0.255,0.787,0.202,0.119,0.078,0.232,0.209,0.567,0.018,0.731,0.888,0.974,0.647,0.818
-92,0.587,0.239,0.408,0.369,0.895,0.592,0.064,0.936,0.456,0.498,0.095,0.883,0.421,0.109,0.904,0.698,0.586,0.557,0.581,0.982,0.265,0.225,0.276,0.963,0.872,0.626,0.196,0.672,0.827,0.305,0.99,0.911,0.065,0.597,0.658,0.844,0.527,0.406,0.167,0.484,0.158,0.919,0.011,0.695,0.439,0.87,0.112,0.813,0.045,0.81,0.81,0.093,0.884,0.051,0.696,0.12,0.79,0.511,0.481,0.289,0.409,0.46,0.244,0.283
-90,0.029,0.532,0.61,0.583,0.217,0.66,0.213,0.596,0.243,0.362,0.827,0.903,0.352,0.716,0.336,0.157,0.344,0.359,0.268,0.083,0.48,0.19,0.771,0.57,0.864,0.633,0.638,0.851,0.824,0.838,0.307,0.343,0.9,0.382,0.716,0.916,0.827,1.0,0.769,0.925,0.655,0.069,0.686,0.457,0.444,0.492,0.504,0.904,0.134,0.141,0.789,0.56,0.619,0.093,0.381,0.311,0.334,0.546,0.706,0.489,0.062,0.997,0.614,0.856
-88,0.779,0.722,0.002,0.084,0.068,0.6,0.242,0.096,0.239,0.707,0.346,0.412,0.375,0.913,0.367,0.895,0.32,0.146,0.357,0.057,0.231,0.261,0.089,0.043,0.485,0.271,0.703,0.786,0.244,0.969,0.763,0.549,0.062,0.371,0.054,0.293,0.555,0.222,0.972,0.035,0.662,0.502,0.026,0.787,0.503,0.133,0.101,0.108,0.903,0.121,0.308,0.508,0.231,0.678,0.69,0.543,0.215,0.451,0.491,0.872,0.775,0.988,0.915,0.081
-86,0.232,0.632,0.289,0.85,0.135,0.802,0.807,0.784,0.553,0.291,0.505,0.366,0.714,0.397,0.885,0.402,0.23,0.33,0.579,0.327,0.108,0.197,0.443,0.508,0.062,0.659,0.134,0.01,0.967,0.175,0.436,0.955,0.237,0.98,0.753,0.556,0.519,0.923,0.014,0.03,0.392,0.24,0.76,0.88,0.586,0.046,0.785,0.097,0.823,0.958,0.515,0.294,0.715,0.336,0.591,0.448,0.731,0.535,0.859,0.586,0.164,0.398,0.835,0.162
-84,0.228,0.389,0.872,0.199,0.471,0.324,0.158,0.071,0.184,0.401,0.975,0.811,0.464,0.774,0.934,0.638,0.577,0.318,0.253,0.976,0.471,0.589,0.58,0.697,0.549,0.901,0.072,0.332,0.643,0.99,0.458,0.558,0.272,0.007,0.227,0.608,0.792,0.265,0.439,0.895,0.484,0.438,0.006,0.518,0.212,0.844,0.07,0.8,0.572,0.805,0.246,0.313,0.873,0.344,0.046,0.132,0.973,0.563,0.499,0.786,0.697,0.415,0.887,0.31
-82,0.218,0.231,0.996,0.289,0.719,0.375,0.333,0.977,0.66,0.091,0.827,0.122,0.197,0.988,0.446,0.925,0.25,0.718,0.333,0.767,0.326,0.513,0.82,0.137,0.897,0.212,0.427,0.845,0.838,0.323,0.401,0.675,0.749,0.886,0.737,0.556,0.275,0.376,0.969,0.093,0.987,0.068,0.077,0.974,0.447,0.836,0.692,0.821,0.845,0.437,0.379,0.468,0.009,0.533,0.713,0.034,0.326,0.701,0.712,0.71,0.381,0.463,0.407,0.359
-80,0.858,0.165,0.412,0.373,0.89,0.109,0.539,0.749,0.242,0.987,0.801,0.221,0.427,0.743,0.41,0.264,0.292,0.145,0.946,0.745,0.706,0.893,0.339,0.546,0.887,0.251,0.014,0.13,0.27,0.435,0.563,0.199,0.706,0.355,0.962,0.64,0.198,0.324,0.678,0.703,0.921,0.412,0.039,0.159,0.151,0.203,0.736,0.56,0.181,0.188,0.449,0.402,0.134,0.997,0.752,0.864,0.3,0.572,0.106,0.872,0.556,0.989,0.128,0.327
-78,0.964,0.961,0.48,0.0,0.373,0.824,0.129,0.645,0.774,0.029,0.72,0.958,0.009,0.348,0.335,0.557,0.803,0.819,0.384,0.307,0.893,0.881,0.754,0.639,0.178,0.614,0.422,0.706,0.738,0.56,0.899,0.367,0.731,0.365,0.448,0.724,0.327,0.642,0.622,0.438,0.651,0.271,0.233,0.444,0.581,0.115,0.433,0.28,0.984,0.379,0.514,0.288,0.599,0.525,0.136,0.396,0.524,0.744,0.602,0.635,0.183,0.065,0.684,0.488
-76,0.281,0.07,0.883,0.923,0.283,0.902,0.103,0.103,0.533,0.065,0.531,0.305,0.096,0.873,0.559,0.485,0.776,0.984,0.25,0.75,0.602,0.924,0.308,0.74,0.186,0.353,0.289,0.714,0.999,0.659,0.69,0.851,0.364,0.214,0.367,0.029,0.363,0.308,0.034,0.671,0.793,0.747,0.36,0.634,0.034,0.632,0.212,0.24,0.882,0.037,0.72,0.149,0.897,0.165,0.036,0.39,0.943,0.373,0.38,0.889,0.114,0.254,0.933,0.447
-74,0.915,0.793,0.061,0.147,0.015,0.955,0.818,0.017,0.473,0.216,0.081,0.341,0.85,0.861,0.431,0.725,0.527,0.707,0.093,0.846,0.493,0.617,0.094,0.216,0.819,0.36,0.996,0.676,0.047,0.196,0.049,0.304,0.998,0.77,0.076,0.125,0.093,0.912,0.133,0.903,0.571,0.159,0.261,0.986,0.328,0.801,0.39,0.766,0.524,0.901,0.975,0.352,0.595,0.483,0.658,0.77,0.374,0.6,0.854,0.651,0.858,0.747,0.095,0.673
-72,0.268,0.576,0.266,0.254,0.012,0.407,0.61,0.84,0.048,0.341,0.539,0.543,0.512,0.692,0.357,0.117,0.871,0.499,0.233,0.495,0.101,0.869,0.927,0.825,0.154,0.463,0.989,0.313,0.384,0.828,0.673,0.342,0.457,0.048,0.314,0.541,0.849,0.699,0.703,0.529,0.402,0.876,0.045,0.048,0.134,0.195,0.094,0.641,0.471,0.934,0.707,0.079,0.998,0.076,0.999,0.172,0.576,0.061,0.382,0.028,0.446,0.585,0.468,0.026
-70,0.209,0.461,0.266,0.036,0.954,0.346,0.862,0.616,0.246,0.684,0.763,0.48,0.76,0.742,0.231,0.046,0.909,0.083,0.238,0.383,0.615,0.114,0.812,0.797,0.483,0.034,0.082,0.791,0.427,0.803,0.228,0.665,0.903,0.35,0.803,0.436,0.367,0.385,0.952,0.269,0.675,0.526,0.56,0.97,0.21,0.047,0.56,0.468,0.906,0.214,0.423,0.524,0.689,0.079,0.602,0.38,0.785,0.443,0.112,0.791,0.742,0.844,0.716,0.657
-68,0.002,0.401,0.319,0.501,0.919,0.004,0.074,0.877,0.31,0.623,0.791,0.988,0.11,0.235,0.023,0.399,0.195,0.808,0.865,0.373,0.082,0.097,0.728,0.985,0.083,0.818,0.226,0.954,0.732,0.843,0.595,0.004,0.958,0.9,0.078,0.164,0.963,0.305,0.888,0.922,0.911,0.971,0.513,0.121,0.384,0.863,0.295,0.224,0.767,0.202,0.681,0.47,0.459,0.063,0.293,0.718,0.392,0.75,0.752,0.539,0.079,0.166,0.113,0.584
-66,0.847,0.952,0.107,0.59,0.987,0.345,0.481,0.149,0.408,0.321,0.515,0.257,0.612,0.834,0.597,0.938,0.415,0.202,0.225,0.521,0.256,0.176,0.415,0.969,0.322,0.731,0.293,0.117,0.285,0.632,0.886,0.466,0.641,0.252,0.915,0.118,0.376,0.291,0.419,0.886,0.542,0.108,0.808,0.265,0.846,0.814,0.535,0.897,0.384,0.567,0.614,0.692,0.54,0.803,0.651,0.21,0.889,0.838,0.204,0.422,0.083,0.695,0.776,0.158
-64,0.049,0.449,0.748,0.469,0.749,0.179,0.223,0.626,0.324,0.465,0.305,0.082,0.79,0.329,0.586,0.07,0.14,0.342,0.386,0.957,0.138,0.116,0.738,0.484,0.192,0.344,0.737,0.563,0.575,0.934,0.79,0.917,0.001,0.191,0.34,0.377,0.747,0.4,0.155,0.925,0.41,0.503,0.16,0.025,0.337,0.664,0.524,0.478,0.653,0.696,0.253,0.201,0.11,0.503,0.878,0.018,0.495,0.012,0.31,0.849,0.203,0.37,0.256,0.202
-62,0.779,0.947,0.568,0.327,0.425,0.579,0.025,0.916,0.488,0.946,0.264,0.441,0.356,0.489,0.944,0.286,0.664,0.468,0.188,0.368,0.137,0.723,0.562,0.327,0.733,0.33,0.508,0.177,0.405,0.257,0.697,0.826,0.132,0.182,0.263,0.768,0.522,0.438,0.726,0.785,0.494,0.938,0.928,0.206,0.107,0.82,0.449,0.72,0.709,0.691,0.979,0.346,0.041,0.284,0.72,0.118,0.867,0.01,0.037,0.597,0.593,0.08,0.489,0.748
-60,0.612,0.475,0.361,0.196,0.08,0.187,0.567,0.55,0.886,0.072,0.458,0.237,0.904,0.03,0.907,0.914,0.365,0.057,0.991,0.574,0.453,0.712,0.366,0.432,0.436,0.45,0.187,0.681,0.993,0.942,0.093,0.128,0.617,0.319,0.727,0.764,0.438,0.381,0.494,0.023,0.308,0.436,0.034,0.598,0.13,0.608,0.441,0.042,0.682,0.367,0.413,0.336,0.492,0.641,0.802,0.024,0.726,0.779,0.271,0.769,0.876,0.007,0.45,0.089
-58,0.809,0.293,0.185,0.406,0.913,0.831,0.639,0.149,0.375,0.66,0.123,0.255,0.528,0.81,0.927,0.101,0.924,0.116,0.711,0.263,0.876,0.612,0.646,0.811,0.95,0.171,0.785,0.762,0.799,0.064,0.763,0.739,0.291,0.737,0.096,0.985,0.872,0.836,0.824,0.589,0.493,0.314,0.409,0.38,0.402,0.023,0.454,0.903,0.034,0.86,0.935,0.639,0.213,0.731,0.906,0.734,0.836,0.908,0.012,0.035,0.915,0.674,0.397,0.718
-56,0.582,0.633,0.087,0.994,0.937,0.434,0.511,0.946,0.978,0.996,0.388,0.55,0.539,0.003,0.655,0.606,0.511,0.014,0.585,0.945,0.748,0.529,0.733,0.427,0.116,0.158,0.383,0.267,0.787,0.606,0.781,0.298,0.489,0.102,0.612,0.786,0.0,0.124,0.562,0.787,0.755,0.573,0.392,0.484,0.964,0.148,0.405,0.03,0.459,0.079,0.77,0.706,0.599,0.191,0.153,0.704,0.518,0.503,0.434,0.144,0.302,0.73,0.144,0.198
-54,0.9,0.373,0.545,0.544,0.855,0.598,0.809,0.636,0.117,0.37,0.042,0.601,0.033,0.055,0.61,0.272,0.01,0.13,0.384,0.974,0.01,0.654,0.428,0.047,0.806,0.857,0.525,0.836,0.009,0.857,0.7,0.165,0.01,0.222,0.614,0.926,0.218,0.746,0.959,0.025,0.884,0.581,0.422,0.312,0.978,0.941,0.661,0.835,0.968,0.12,0.221,0.177,0.531,0.386,0.134,0.142,0.662,0.625,0.206,0.488,0.523,0.836,0.841,0.365
-52,0.098,0.894,0.003,0.863,0.083,0.513,0.271,0.266,0.176,0.237,0.082,0.368,0.936,0.447,0.56,0.213,0.72,0.458,0.595,0.416,0.673,0.644,0.38,0.038,0.942,0.694,0.493,0.127,0.976,0.705,0.878,0.589,0.096,0.125,0.55,0.174,0.983,0.07,0.721,0.133,0.018,0.541,0.385,0.876,0.932,0.591,0.935,0.708,0.121,0.793,0.69,0.579,0.549,0.142,0.837,0.648,0.292,0.347,0.393,0.286,0.816,0.438,0.246,0.45
-50,0.649,0.268,0.145,0.505,0.399,0.6,0.787,0.926,0.724,0.347,0.743,0.028,0.505,0.676,0.367,0.373,0.938,0.357,0.897,0.274,0.449,0.884,0.068,0.049,0.703,0.963,0.692,0.025,0.383,0.631,0.529,0.349,0.02,0.597,0.394,0.271,0.97,0.382,0.958,0.057,0.861,0.813,0.917,0.763,0.39,0.756,0.781,0.548,0.82,0.049,0.9,0.501,0.433,0.513,0.175,0.278,0.274,0.964,0.92,0.519,0.255,0.285,0.995,0.206
-48,0.13,0.363,0.181,0.398,0.814,0.301,0.118,0.84,0.357,0.855,0.552,0.127,0.87,0.214,0.733,0.206,0.342,0.689,0.522,0.141,0.327,0.542,0.795,0.959,0.437,0.265,0.28,0.995,0.383,0.526,0.462,0.64,0.412,0.357,0.412,0.655,0.15,0.072,0.688,0.904,0.831,0.375,0.968,0.424,0.282,0.252,0.358,0.001,0.269,0.918,0.632,0.063,0.011,0.559,0.88,0.274,0.346,0.886,0.849,0.322,0.856,0.561,0.903,0.825
-46,0.108,0.365,0.094,0.41,0.239,0.554,0.57,0.025,0.415,0.415,0.009,0.87,0.96,0.919,0.164,0.758,0.004,0.248,0.868,0.486,0.696,0.08,0.336,0.049,0.189,0.155,0.427,0.421,0.597,0.295,0.023,0.599,0.304,0.949,0.068,0.103,0.783,0.194,0.299,0.147,0.676,0.292,0.028,0.637,0.373,0.605,0.081,0.578,0.65,0.463,0.357,0.214,0.627,0.937,0.046,0.767,0.584,0.852,0.851,0.905,0.759,0.798,0.274,0.263
-44,0.087,0.976,0.663,0.861,0.998,0.204,0.663,0.833,0.05,0.449,0.223,0.578,0.116,0.231,0.635,0.968,0.964,0.893,0.186,0.074,0.27,0.695,0.583,0.506,0.878,0.825,0.92,0.952,0.683,0.016,0.482,0.118,0.757,0.51,0.842,0.799,0.096,0.057,0.991,0.328,0.403,0.899,0.086,0.025,0.96,0.086,0.473,0.51,0.023,0.22,0.512,0.727,0.074,0.112,0.493,0.439,0.074,0.008,0.641,0.521,0.89,0.633,0.114,0.23
-42,0.628,0.86,0.616,0.269,0.549,0.999,0.039,0.591,0.134,0.341,0.525,0.085,0.427,0.187,0.021,0.851,0.982,0.256,0.898,0.921,0.968,0.817,0.028,0.793,0.195,0.977,0.926,0.592,0.559,0.436,0.55,0.041,0.409,0.447,0.616,0.877,0.936,0.585,0.93,0.994,0.371,0.994,0.564,0.031,0.803,0.36,0.078,0.675,0.795,0.791,0.443,0.419,0.383,0.108,0.499,0.522,0.965,0.494,0.767,0.027,0.869,0.399,0.881,0.816
-40,0.405,0.875,0.264,0.695,0.54,0.885,0.659,0.736,0.764,0.517,0.146,0.047,0.199,0.359,0.894,0.31,0.801,0.21,0.666,0.322,0.472,0.81,0.968,0.22,0.954,0.542,0.296,0.054,0.745,0.295,0.831,0.158,0.289,0.856,0.918,0.179,0.434,0.39,0.096,0.856,0.684,0.093,0.87,0.405,0.428,0.372,0.459,0.962,0.588,0.602,0.206,0.125,0.029,0.349,0.47,0.474,0.298,0.379,0.896,0.823,0.747,0.519,0.272,0.587
-38,0.212,0.237,0.932,0.361,0.98,0.005,0.173,0.715,0.502,0.654,0.554,0.087,0.527,0.532,0.477,0.073,0.775,0.127,0.791,0.408,0.879,0.619,0.474,0.06,0.703,0.991,0.298,0.329,0.245,0.064,0.637,0.726,0.137,0.854,0.34,0.574,0.435,0.816,0.383,0.383,0.779,0.915,0.28,0.619,0.764,0.8,0.093,0.098,0.689,0.402,0.649,0.324,0.036,0.599,0.989,0.514,0.612,0.134,0.54,0.322,0.724,0.265,0.659,0.326
-36,0.233,0.112,0.068,0.759,0.506,0.118,0.249,0.027,0.367,0.911,0.957,0.506,0.532,0.089,0.752,0.313,0.07,0.998,0.703,0.667,0.259,0.511,0.466,0.43,0.008,0.973,0.078,0.281,0.034,0.702,0.824,0.305,0.772,0.564,0.787,0.667,0.804,0.267,0.524,0.831,0.013,0.952,0.52,0.964,0.024,0.787,0.123,0.859,0.21,0.451,0.775,0.625,0.407,0.297,0.597,0.355,0.004,0.969,0.535,0.63,0.254,0.035,0.602,0.933
-34,0.944,0.426,0.833,0.776,0.407,0.073,0.088,0.377,0.859,0.182,0.822,0.712,0.466,0.156,0.948,0.495,0.528,0.312,0.038,0.007,0.43,0.288,0.743,0.619,0.636,0.871,0.016,0.154,0.408,0.166,0.498,0.86,0.625,0.683,0.046,0.766,0.385,0.493,0.848,0.41,0.648,0.038,0.349,0.661,0.395,0.693,0.329,0.525,0.504,0.627,0.491,0.371,0.712,0.263,0.484,0.882,0.855,0.315,0.462,0.914,0.357,0.26,0.607,0.515
-32,0.037,0.102,0.562,0.975,0.061,0.145,0.723,0.813,0.912,0.264,0.328,0.609,0.871,0.023,0.235,0.481,0.121,0.796,0.142,0.09,0.233,0.661,0.452,0.971,0.167,0.254,0.262,0.839,0.001,0.526,0.929,0.155,0.075,0.598,0.751,0.221,0.842,0.584,0.206,0.044,0.476,0.391,0.943,0.813,0.446,0.696,0.856,0.793,0.389,0.848,0.939,0.638,0.175,0.221,0.974,0.041,0.438,0.72,0.238,0.431,0.004,0.079,0.198,0.735
-30,0.497,0.842,0.864,0.915,0.361,0.277,0.513,0.137,0.478,0.829,0.573,0.452,0.277,0.288,0.586,0.631,0.267,0.784,0.893,0.015,0.063,0.866,0.356,0.452,0.608,0.449,0.96,0.769,0.081,0.07,0.111,0.912,0.362,0.179,0.813,0.991,0.842,0.883,0.782,0.675,0.418,0.631,0.847,0.888,0.255,0.547,0.556,0.333,0.876,0.551,0.788,0.299,0.19,0.063,0.658,0.961,0.078,0.178,0.374,0.336,0.322,0.229,0.155,0.943
-28,0.251,0.428,0.293,0.48,0.537,0.697,0.65,0.08,0.947,0.441,0.57,0.568,0.821,0.94,0.528,0.022,0.522,0.322,0.531,0.254,0.79,0.789,0.062,0.716,0.007,0.516,0.854,0.431,0.476,0.181,0.042,0.243,0.272,0.683,0.569,0.832,0.211,0.836,0.912,0.269,0.987,0.912,0.173,0.063,0.36,0.554,0.954,0.07,0.987,0.666,0.496,0.453,0.87,0.221,0.768,0.158,0.997,0.559,0.165,0.754,0.983,0.581,0.844,0.879
-26,0.57,0.517,0.328,0.701,0.626,0.804,0.609,0.526,0.367,0.085,0.84,0.962,0.033,0.97,0.513,0.491,0.442,0.673,0.307,0.898,0.741,0.53,0.745,0.121,0.715,0.316,0.916,0.186,0.246,0.488,0.263,0.273,0.423,0.133,0.088,0.781,0.296,0.85,0.482,0.149,0.152,0.737,0.396,0.049,0.543,0.946,0.707,0.3,0.499,0.446,0.327,0.13,0.211,0.734,0.019,0.15,0.181,0.892,0.072,0.706,0.373,0.546,0.444,0.862
-24,0.211,0.844,0.386,0.344,0.373,0.561,0.705,0.227,0.949,0.492,0.071,0.86,0.408,0.99,0.499,0.029,0.941,0.284,0.946,0.122,0.09,0.478,0.416,0.323,0.703,0.752,0.268,0.085,0.143,0.722,0.419,0.324,0.254,0.029,0.422,0.027,0.548,0.566,0.477,0.716,0.367,0.99,0.295,0.495,0.898,0.161,0.408,0.133,0.336,0.681,0.694,0.72,0.027,0.499,0.421,0.884,0.644,0.535,0.466,0.69,0.016,0.707,0.099,0.396
-22,0.822,0.959,0.865,0.067,0.857,0.044,0.314,0.897,0.763,0.262,0.62,0.467,0.769,0.846,0.684,0.659,0.594,0.864,0.912,0.632,0.506,0.773,0.945,0.274,0.356,0.545,0.576,0.237,0.241,0.684,0.875,0.338,0.333,0.112,0.805,0.086,0.214,0.258,0.844,0.189,0.681,0.355,0.531,0.457,0.06,0.288,0.243,0.091,0.91,0.234,0.636,0.383,0.821,0.039,0.447,0.365,0.764,0.97,0.574,0.608,0.773,0.848,0.222,0.425
-20,0.296,0.34,0.767,0.125,0.119,0.445,0.012,0.868,0.553,0.72,0.801,0.372,0.883,0.686,0.277,0.748,0.641,0.566,0.692,0.324,0.833,0.108,0.482,0.577,0.483,0.983,0.954,0.585,0.192,0.617,0.421,0.636,0.607,0.633,0.512,0.61,0.402,0.946,0.75,0.243,0.737,0.695,0.404,0.422,0.199,0.111,0.198,0.926,0.465,0.57,0.398,0.63,0.675,0.29,0.897,0.981,0.047,0.183,0.416,0.894,0.937,0.843,0.321,0.333
-18,0.707,0.852,0.49,0.378,0.685,0.577,0.103,0.535,0.54,0.912,0.366,0.781,0.239,0.812,0.028,0.876,0.368,0.846,0.18,0.745,0.983,0.504,0.363,0.282,0.748,0.209,0.622,0.502,0.957,0.336,0.659,0.039,0.897,0.94,0.868,0.833,0.368,0.42,0.512,0.287,0.348,0.179,0.266,0.441,0.53,0.622,0.256,0.049,0.281,0.075,0.606,0.662,0.822,0.743,0.074,0.357,0.732,0.152,0.554,0.021,0.887,0.944,0.673,0.332
-16,0.416,0.226,0.824,0.727,0.252,0.701,0.722,0.943,0.874,0.276,0.688,0.763,0.928,0.899,0.305,0.104,0.337,0.924,0.618,0.554,0.829,0.776,0.11,0.739,0.263,0.983,0.862,0.695,0.273,0.888,0.776,0.158,0.317,0.501,0.89,0.749,0.903,0.086,0.01,0.375,0.232,0.705,0.96,0.595,0.426,0.18,0.955,0.957,0.376,0.268,0.757,0.674,0.799,0.66,0.72,0.856,0.551,0.865,0.625,0.657,0.36,0.567,0.015,0.351
-14,0.002,0.033,0.221,0.413,0.817,0.254,0.313,0.728,0.371,0.801,0.23,0.419,0.623,0.07,0.602,0.876,0.808,0.916,0.115,0.814,0.688,0.4,0.041,0.272,0.242,0.018,0.87,0.386,0.065,0.748,0.562,0.031,0.236,0.614,0.559,0.811,0.326,0.172,0.551,0.345,0.573,0.511,0.185,0.822,0.632,0.521,0.184,0.506,0.522,0.621,0.63,0.934,0.4,0.585,0.856,0.573,0.821,0.515,0.289,0.395,0.697,0.275,0.194,0.448
-12,0.974,0.007,0.607,0.894,0.434,0.252,0.162,0.312,0.188,0.105,0.132,0.621,0.982,0.17,0.903,0.864,0.921,0.435,0.009,0.657,0.399,0.029,0.942,0.854,0.11,0.758,0.331,0.645,0.936,0.418,0.818,0.081,0.142,0.614,0.16,0.915,0.882,0.93,0.65,0.893,0.533,0.379,0.505,0.837,0.648,0.27,0.812,0.864,0.823,0.988,0.605,0.964,0.967,0.774,0.398,0.614,0.76,0.17,0.245,0.96,0.699,0.704,0.92,0.826
-10,0.645,0.09,0.009,0.451,0.653,0.372,0.075,0.448,0.959,0.427,0.11,0.386,0.697,0.119,0.623,0.745,0.601,0.204,0.763,0.029,0.319,0.28,0.165,0.496,0.367,0.383,0.569,0.362,0.314,0.572,0.59,0.463,0.633,0.672,0.51,0.6,0.983,0.112,0.394,0.351,0.729,0.806,0.125,0.02,0.614,0.982,0.684,0.189,0.011,0.869,0.506,0.917,0.371,0.487,0.111,0.188,0.953,0.972,0.915,0.7,0.227,0.231,0.87,0.078
-8,0.86,0.399,0.084,0.01,0.484,0.741,0.706,0.501,0.688,0.5,0.755,0.77,0.054,0.593,0.556,0.882,0.226,0.268,0.753,0.096,0.238,0.211,0.595,0.078,0.829,0.264,0.314,0.899,0.755,0.818,0.553,0.829,0.314,0.567,0.718,0.725,0.211,0.23,0.597,0.702,0.707,0.75,0.707,0.093,0.488,0.682,0.923,0.116,0.773,0.162,0.882,0.167,0.925,0.89,0.362,0.082,0.02,0.273,0.794,0.802,0.82,0.527,0.918,0.039
-6,0.891,0.885,0.582,0.016,0.752,0.253,0.724,0.349,0.764,0.535,0.885,0.446,0.428,0.058,0.966,0.178,0.384,0.189,0.625,0.298,0.713,0.195,0.326,0.833,0.703,0.036,0.281,0.766,0.788,0.694,0.692,0.0,0.429,0.902,0.861,0.618,0.105,0.906,0.921,0.795,0.516,0.167,0.008,0.247,0.961,0.327,0.259,0.303,0.486,0.007,0.194,0.969,0.149,0.693,0.726,0.85,0.79,0.556,0.631,0.987,0.204,0.536,0.071,0.431
-4,0.046,0.006,0.157,0.888,0.444,0.231,0.233,0.383,0.223,0.867,0.637,0.637,0.116,0.092,0.009,0.162,0.057,0.028,0.066,0.683,0.723,0.349,0.308,0.193,0.318,0.678,0.765,0.397,0.02,0.748,0.58,0.975,0.32,0.773,0.895,0.607,0.095,0.066,0.338,0.763,0.573,0.886,0.81,0.84,0.436,0.232,0.559,0.707,0.415,0.632,0.391,0.722,0.584,0.1,0.671,0.064,0.046,0.05,0.473,0.387,0.077,0.581,0.773,0.932
-2,0.438,0.454,0.016,0.142,0.19,0.84,0.058,0.425,0.104,0.315,0.772,0.554,0.234,0.712,0.156,0.751,0.533,0.15,0.325,0.689,0.44,0.359,0.197,0.296,0.617,0.912,0.397,0.885,0.966,0.916,0.495,0.675,0.141,0.963,0.001,0.7,0.314,0.113,0.124,0.89,0.244,0.652,0.772,0.681,0.302,0.488,0.032,0.278,0.791,0.49,0.224,0.341,0.409,0.192,0.986,0.096,0.085,0.746,0.311,0.316,0.235,0.871,0.797,0.382
0,0.41,0.862,0.757,0.831,0.12,0.537,0.517,0.339,0.321,0.225,0.068,0.189,0.997,0.649,0.188,0.182,0.409,0.642,0.719,0.587,0.054,0.306,0.403,0.86,0.081,0.028,0.63,0.179,0.543,0.406,0.992,0.566,0.433,0.374,0.157,0.101,0.643,0.217,0.004,0.447,0.557,0.961,0.118,0.071,0.874,0.415,0.354,0.942,0.929,0.697,0.828,0.12,0.11,0.74,0.698,0.083,0.018,0.166,0.847,0.161,0.083,0.816,0.81,0.36
2,0.501,0.193,0.815,0.967,0.099,0.634,0.851,0.119,0.043,0.264,0.441,0.604,0.265,0.914,0.874,0.249,0.795,0.301,0.221,0.427,0.373,0.355,0.359,0.439,0.042,0.102,0.219,0.829,0.611,0.529,0.99,0.2,0.384,0.649,0.679,0.487,0.788,0.213,0.292,0.272,0.793,0.804,0.129,0.653,0.703,0.591,0.553,0.46,0.487,0.482,0.718,0.521,0.348,0.087,0.982,0.376,0.291,0.252,0.622,0.106,0.776,0.667,0.44,0.347
4,0.791,0.554,0.871,0.405,0.7,0.243,0.122,0.861,0.625,0.653,0.365,0.082,0.309,0.368,0.261,0.067,0.08,0.354,0.239,0.956,0.207,0.157,0.823,0.096,0.58,0.361,0.973,0.757,0.937,0.571,0.805,0.159,0.564,0.516,0.003,0.559,0.638,0.219,0.411,0.808,0.212,0.708,0.453,0.731,0.065,0.955,0.05,0.929,0.997,0.775,0.898,0.523,0.015,0.868,0.101,0.336,0.367,0.609,0.094,0.083,0.636,0.995,0.067,0.671
6,0.416,0.565,0.092,0.079,0.163,0.996,0.878,0.622,0.614,0.211,0.898,0.794,0.16,0.952,0.936,0.456,0.748,0.595,0.332,0.086,0.511,0.92,0.46,0.096,0.021,0.188,0.862,0.416,0.951,0.953,0.358,0.585,0.216,0.677,0.807,0.697,0.002,0.286,0.19,0.95,0.323,0.484,0.138,0.033,0.991,0.825,0.5,0.361,0.926,0.964,0.547,0.649,0.414,0.31,0.716,0.466,0.757,0.626,0.232,0.417,0.951,0.913,0.344,0.241
8,0.007,0.527,0.059,0.079,0.537,0.32,0.295,0.296,0.892,0.045,0.461,0.246,0.896,0.184,0.404,0.719,0.679,0.899,0.817,0.935,0.358,0.321,0.86,0.687,0.167,0.04,0.801,0.627,0.451,0.765,0.794,0.381,0.473,0.053,0.942,0.736,0.073,0.85,0.155,0.188,0.816,0.098,0.4,0.649,0.681,0.181,0.834,0.85,0.123,0.58,0.0,0.885,0.989,0.578,0.732,0.567,0.537,0.994,0.91,0.027,0.147,0.194,0.174,0.522
10,0.343,0.248,0.23,0.599,0.612,0.036,0.728,0.269,0.277,0.916,0.541,0.54,0.874,0.174,0.556,0.617,0.802,0.986,0.86,0.464,0.49,0.244,0.398,0.404,0.125,0.825,0.386,0.21,0.546,0.842,0.499,0.193,0.276,0.899,0.793,0.617,0.366,0.374,0.984,0.24,0.634,0.019,0.138,0.241,0.185,0.922,0.311,0.952,0.026,0.333,0.921,0.886,0.225,0.839,0.715,0.428,0.82,0.691,0.306,0.887,0.863,0.142,0.18,0.387
12,0.146,0.708,0.848,0.044,0.243,0.088,0.69,0.812,0.362,0.575,0.177,0.046,0.134,0.065,0.827,0.849,0.539,0.324,0.648,0.348,0.489,0.304,0.258,0.025,0.566,0.338,0.876,0.721,0.69,0.276,0.743,0.929,0.638,0.352,0.03,0.679,0.848,0.763,0.221,0.939,0.937,0.676,0.885,0.314,0.482,0.147,0.522,0.856,0.144,0.872,0.013,0.364,0.019,0.438,0.754,0.556,0.291,0.707,0.244,0.596,0.19,0.889,0.933,0.74
14,0.782,0.059,0.003,0.822,0.806,0.358,0.871,0.194,0.318,0.687,0.053,0.935,0.822,0.6,0.311,0.805,0.994,0.213,0.085,0.194,0.929,0.13,0.653,0.795,0.004,0.652,0.382,0.081,0.203,0.052,0.371,0.432,0.571,0.843,0.435,0.437,0.234,0.63,0.49,0.999,0.843,0.732,0.624,0.046,0.289,0.553,0.414,0.603,0.089,0.076,0.594,0.662,0.996,0.441,0.147,0.903,0.535,0.271,0.696,0.25,0.683,0.373,0.196,0.284
16,0.133,0.921,0.893,0.849,0.646,0.146,0.144,0.348,0.765,0.277,0.476,0.435,0.188,0.071,0.828,0.712,0.014,0.563,0.456,0.64,0.11,0.573,0.255,0.398,0.478,0.296,0.532,0.593,0.853,0.837,0.799,0.416,0.993,0.75,0.35,0.696,0.238,0.955,0.715,0.3,0.007,0.337,0.585,0.01,0.772,0.23,0.716,0.741,0.812,0.236,0.063,0.878,0.783,0.674,0.184,0.89,0.297,0.223,0.315,0.976,0.259,0.504,0.663,0.625
18,0.929,0.569,0.831,0.881,0.466,0.561,0.137,0.982,0.401,0.955,0.027,0.382,0.283,0.784,0.42,0.176,0.528,0.092,0.329,0.753,0.62,0.597,0.622,0.996,0.214,0.686,0.937,0.234,0.866,0.058,0.977,0.302,0.911,0.88,0.329,0.748,0.411,0.883,0.399,0.72,0.768,0.957,0.057,0.134,0.254,0.117,0.373,0.626,0.905,0.765,0.272,0.888,0.769,0.411,0.275,0.369,0.236,0.285,0.363,0.457,0.461,0.506,0.635,0.918
20,0.631,0.747,0.503,0.337,0.257,0.7,0.864,0.878,0.341,0.709,0.437,0.514,0.69,0.888,0.73,0.009,0.075,0.138,0.281,0.908,0.658,0.959,0.113,0.531,0.765,0.209,0.652,0.555,0.616,0.747,0.177,0.42,0.412,0.597,0.376,0.149,0.005,0.207,0.149,0.948,0.706,0.056,0.861,0.299,0.902,0.076,0.712,0.75,0.383,0.021,0.417,0.653,0.255,0.731,0.286,0.323,0.295,0.02,0.924,0.256,0.69,0.809,0.497,0.02
22,0.822,0.352,0.222,0.755,0.236,0.886,0.047,0.575,0.251,0.263,0.681,0.261,0.795,0.093,0.549,0.787,0.299,0.1,0.356,0.245,0.334,0.149,0.269,0.919,0.748,0.703,0.873,0.327,0.919,0.173,0.878,0.839,0.299,0.19,0.9,0.14,0.022,0.771,0.48,0.892,0.89,0.453,0.744,0.927,0.514,0.381,0.861,0.795,0.32,0.728,0.106,0.032,0.596,0.414,0.398,0.893,0.578,0.931,0.239,0.479,0.257,0.478,0.945,0.739
24,0.181,0.227,0.985,0.504,0.35,0.668,0.429,0.197,0.352,0.582,0.147,0.453,0.007,0.124,0.944,0.604,0.38,0.399,0.225,0.115,0.79,0.406,0.162,0.842,0.181,0.583,0.688,0.645,0.699,0.225,0.38,0.749,0.232,0.6,0.163,0.893,0.175,0.127,0.971,0.786,0.348,0.922,0.311,0.095,0.724,0.066,0.972,0.564,0.415,0.975,0.773,0.046,0.095,0.719,0.789,0.486,0.376,0.942,0.985,0.857,0.042,0.326,0.993,0.58
26,0.035,0.116,0.323,0.171,0.733,0.905,0.267,0.292,0.469,0.66,0.451,0.823,0.424,0.614,0.795,0.084,0.497,0.42,0.623,0.94,0.854,0.868,0.927,0.805,0.562,0.601,0.688,0.874,0.694,0.132,0.383,0.719,0.051,0.84,0.053,0.629,0.912,0.913,0.79,0.674,0.263,0.011,0.943,0.929,0.481,0.659,0.149,0.417,0.574,0.542,0.718,0.679,0.129,0.021,0.601,0.603,0.378,0.411,0.837,0.792,0.877,0.028,0.865,0.708
28,0.941,0.837,0.077,0.727,0.189,0.029,0.023,0.094,0.492,0.472,0.979,0.875,0.446,0.186,0.79,0.95,0.084,0.979,0.012,0.598,0.601,0.463,0.566,0.312,0.645,0.564,0.317,0.417,0.97,0.467,0.266,0.251,0.226,0.106,0.101,0.741,0.038,0.342,0.163,0.38,0.743,0.443,0.161,0.267,0.621,0.029,0.014,0.263,0.507,0.919,0.353,0.538,0.215,0.321,0.347,0.263,0.214,0.289,0.84,0.488,0.967,0.73,0.745,0.442
30,0.521,0.534,0.698,0.934,0.898,0.971,0.05,0.141,0.594,0.099,0.4,0.345,0.271,0.754,0.251,0.95,0.188,0.109,0.712,0.736,0.867,0.8,0.557,0.078,0.767,0.071,0.936,0.302,0.275,0.235,0.092,0.544,0.359,0.956,0.581,0.455,0.533,0.092,0.416,0.525,0.477,0.735,0.612,0.576,0.017,0.047,0.658,0.056,0.701,0.502,0.515,0.887,0.373,0.395,0.077,0.913,0.041,0.328,0.493,0.158,0.266,0.409,0.111,0.726
32,0.684,0.443,0.354,0.594,0.683,0.229,0.28,0.581,0.613,0.522,0.98,0.305,0.691,0.94,0.461,0.972,0.937,0.353,0.342,0.307,0.364,0.962,0.37,0.381,0.663,0.681,0.529,0.195,0.07,0.774,0.403,0.87,0.697,0.553,0.185,0.974,0.981,0.903,0.116,0.746,0.147,0.032,0.008,0.298,0.909,0.637,0.168,0.14,0.987,0.451,0.164,0.255,0.123,0.799,0.192,0.823,0.939,0.662,0.89,0.294,0.257,0.283,0.713,0.837
34,0.788,0.917,0.272,0.598,0.273,0.717,0.427,0.42,0.38,0.289,0.07,0.342,0.315,0.505,0.733,0.322,0.613,0.725,0.548,0.91,0.693,0.592,0.493,0.757,0.083,0.467,0.364,0.74,0.503,0.197,0.479,0.397,0.186,0.958,0.699,0.739,0.923,0.909,0.168,0.848,0.173,0.296,0.701,0.304,0.175,0.417,0.375,0.232,0.259,0.025,0.052,0.196,0.642,0.529,0.902,0.844,0.032,0.146,0.346,0.884,0.739,0.836,0.625,0.429
36,0.535,0.568,0.631,0.568,0.194,0.076,0.984,0.663,0.008,0.994,0.913,0.473,0.361,0.156,0.637,0.798,0.312,0.671,0.26,0.939,0.26,0.956,0.822,0.16,0.207,0.733,0.623,0.501,0.329,0.941,0.965,0.983,0.778,0.792,0.692,0.548,0.487,0.542,0.655,0.39,0.271,0.443,0.853,0.41,0.453,0.492,0.349,0.875,0.588,0.363,0.889,0.467,0.314,0.794,0.784,0.646,0.444,0.213,0.459,0.026,0.451,0.242,0.87,0.416
38,0.946,0.286,0.636,0.023,0.022,0.904,0.448,0.171,0.834,0.578,0.875,0.628,0.009,0.249,0.327,0.21,0.569,0.483,0.993,0.023,0.174,0.511,0.218,0.433,0.114,0.446,0.453,0.642,0.945,0.056,0.495,0.302,0.985,0.004,0.163,0.941,0.8,0.972,0.074,0.679,0.737,0.727,0.013,0.991,0.909,0.254,0.566,0.093,0.428,0.63,0.897,0.689,0.705,0.315,0.512,0.816,0.659,0.842,0.508,0.682,0.051,0.271,0.187,0.256
40,0.064,0.015,0.158,0.077,0.406,0.794,0.7,0.655,0.269,0.888,0.181,0.209,0.462,0.908,0.975,0.122,0.836,0.479,0.787,0.539,0.397,0.891,0.39,0.62,0.817,0.387,0.96,0.182,0.04,0.541,0.976,0.324,0.39,0.168,0.253,0.34,0.619,0.341,0.423,0.088,0.766,0.969,0.605,0.725,0.814,0.316,0.479,0.129,0.349,0.353,0.45,0.614,0.277,0.462,0.132,0.451,0.289,0.592,0.005,0.689,0.853,0.59,0.151,0.046
42,0.704,0.04,0.874,0.836,0.659,0.706,0.007,0.738,0.434,0.932,0.977,0.455,0.073,0.166,0.876,0.502,0.967,0.403,0.365,0.773,0.18,0.46,0.918,0.0,0.637,0.473,0.355,0.785,0.367,0.077,0.75,0.017,0.212,0.653,0.769,0.268,0.24,0.216,0.156,0.412,0.411,0.15,0.005,0.806,0.96,0.817,0.736,0.961,0.192,0.29,0.883,0.902,0.338,0.811,0.3,0.035,0.634,0.464,0.161,0.167,0.577,0.014,0.318,0.212
44,0.098,0.793,0.329,0.827,0.016,0.978,0.765,0.727,0.842,0.788,0.215,0.938,0.754,0.217,0.047,0.456,0.407,0.098,0.982,0.042,0.468,0.965,0.607,0.565,0.959,0.445,0.456,0.976,0.96,0.081,0.164,0.988,0.413,0.348,0.942,0.044,0.83,0.311,0.082,0.07,0.608,0.335,0.963,0.277,0.514,0.929,0.381,0.948,0.136,0.226,0.321,0.542,0.874,0.245,0.178,0.193,0.437,0.604,0.808,0.712,0.266,0.761,0.241,0.621
46,0.6,0.787,0.725,0.085,0.359,0.59,0.495,0.656,0.352,0.424,0.514,0.102,0.057,0.264,0.298,0.783,0.59,0.355,0.28,0.434,0.821,0.159,0.707,0.028,0.163,0.543,0.575,0.416,0.919,0.841,0.922,0.617,0.388,0.412,0.019,0.815,0.375,0.996,0.328,0.535,0.95,0.722,0.308,0.724,0.905,0.721,0.307,0.575,0.937,0.905,0.939,0.869,0.266,0.124,0.313,0.106,0.69,0.912,0.886,0.831,0.378,0.65,0.859,0.529
48,0.138,0.696,0.465,0.553,0.481,0.806,0.269,0.24,0.634,0.964,0.247,0.643,0.735,0.409,0.727,0.476,0.227,0.474,0.976,0.474,0.106,0.547,0.787,0.876,0.941,0.767,0.846,0.185,0.018,0.365,0.766,0.894,0.808,0.872,0.311,0.3,0.339,0.859,0.392,0.705,0.251,0.809,0.763,0.203,0.642,0.013,0.229,0.002,0.41,0.322,0.964,0.406,0.9,0.712,0.969,0.771,0.353,0.254,0.204,0.983,0.672,0.162,0.661,0.954
50,0.361,0.474,0.31,0.731,0.893,0.863,0.06,0.263,0.926,0.173,0.49,0.012,0.231,0.496,0.566,0.055,0.461,0.809,0.127,0.818,0.831,0.09,0.656,0.049,0.745,0.901,0.681,0.121,0.857,0.761,0.279,0.295,0.058,0.078,0.775,0.535,0.102,0.929,0.176,0.949,0.205,0.59,0.941,0.47,0.97,0.794,0.571,0.703,0.733,0.604,0.056,0.668,0.539,0.955,0.001,0.9,0.136,0.036,0.973,0.005,0.996,0.47,0.434,0.795
52,0.617,0.26,0.237,0.705,0.313,0.155,0.715,0.146,0.535,0.738,0.596,0.745,0.434,0.205,0.24,0.717,0.348,0.647,0.794,0.235,0.056,0.33,0.411,0.106,0.716,0.189,0.522,0.23,0.681,0.373,0.358,0.654,0.189,0.568,0.599,0.513,0.72,0.975,0.89,0.288,0.394,0.685,0.28,0.234,0.156,0.238,0.913,0.05,0.019,0.404,0.588,0.957,0.73,0.657,0.368,0.444,0.155,0.903,0.799,0.701,0.334,0.566,0.884,0.369
54,0.887,0.147,0.025,0.655,0.407,0.074,0.69,0.666,0.669,0.388,0.516,0.986,0.432,0.929,0.505,0.023,0.675,0.415,0.863,0.535,0.324,0.958,0.889,0.799,0.047,0.989,0.91,0.322,0.345,0.661,0.898,0.264,0.316,0.649,0.071,0.167,0.558,0.21,0.222,0.965,0.053,0.797,0.076,0.386,0.07,0.015,0.969,0.559,0.82,0.959,0.307,0.893,0.861,0.829,0.55,0.348,0.105,0.312,0.779,0.363,0.523,0.685,0.281,0.329
56,0.651,0.551,0.721,0.207,0.696,0.753,0.943,0.075,0.017,0.395,0.184,0.307,0.82,0.389,0.112,0.507,0.829,0.285,0.511,0.325,0.91,0.593,0.108,0.271,0.937,0.21,0.485,0.424,0.628,0.335,0.795,0.792,0.475,0.433,0.342,0.004,0.427,0.98,0.953,0.188,0.909,0.192,0.931,0.017,0.672,0.438,0.442,0.743,0.136,0.832,0.861,0.435,0.764,0.815,0.283,0.567,0.507,0.719,0.422,0.779,0.266,0.075,0.951,0.708
58,0.495,0.488,0.753,0.514,0.41,0.148,0.15,0.322,0.24,0.92,0.242,0.485,0.155,0.21,0.09,0.738,0.087,0.422,0.913,0.551,0.879,0.474,0.47,0.608,0.527,0.665,0.355,0.341,0.011,0.502,0.71,0.502,0.959,0.241,0.645,0.173,0.935,0.241,0.042,0.358,0.742,0.441,0.786,0.593,0.236,0.087,0.365,0.285,0.142,0.6,0.404,0.3,0.605,0.366,0.661,0.499,0.903,0.222,0.673,0.439,0.969,0.258,0.762,0.914
60,0.155,0.951,0.196,0.642,0.641,0.288,0.518,0.655,0.97,0.557,0.26,0.344,0.465,0.154,0.705,0.791,0.734,0.698,0.644,0.297,0.965,0.119,0.421,0.207,0.774,0.339,0.728,0.414,0.674,0.149,0.082,0.116,0.648,0.438,0.859,0.015,0.316,0.014,0.698,0.363,0.412,0.703,0.361,0.754,0.645,0.531,0.94,0.416,0.291,0.632,0.097,0.457,0.159,0.001,0.131,0.993,0.684,0.937,0.091,0.372,0.468,0.672,0.958,0.71
62,0.473,0.746,0.589,0.004,0.901,0.664,0.154,0.933,0.738,0.712,0.538,0.793,0.729,0.579,0.034,0.45,0.168,0.104,0.224,0.275,0.893,0.813,0.839,0.324,0.877,0.321,0.136,0.889,0.928,0.903,0.461,0.88,0.664,0.707,0.38,0.627,0.778,0.851,0.094,0.634,0.528,0.136,0.674,0.797,0.948,0.242,0.478,0.042,0.266,0.614,0.845,0.81,0.862,0.054,0.528,0.099,0.13,0.952,0.171,0.752,0.055,0.842,0.041,0.501
64,0.573,0.194,0.785,0.86,0.771,0.415,0.773,0.03,0.747,0.689,0.976,0.696,0.204,0.124,0.415,0.998,0.216,0.92,0.758,0.105,0.874,0.776,0.4,0.97,0.065,0.451,0.909,0.866,0.24,0.964,0.401,0.383,0.163,0.435,0.299,0.284,0.106,0.059,0.8,0.63,0.962,0.465,0.465,0.838,0.639,0.141,0.007,0.819,0.649,0.835,0.331,0.267,0.921,0.035,0.457,0.435,0.947,0.856,0.425,0.85,0.33,0.689,0.382,0.149
66,0.248,0.684,0.018,0.989,0.843,0.836,0.285,0.791,0.303,0.987,0.244,0.473,0.888,0.319,0.463,0.533,0.206,0.038,0.453,0.743,0.298,0.645,0.49,0.729,0.949,0.394,0.878,0.736,0.25,0.369,0.528,0.204,0.798,0.792,0.366,0.603,0.381,0.961,0.633,0.871,0.254,0.365,0.708,0.571,0.435,0.708,0.229,0.681,0.011,0.842,0.229,0.152,0.647,0.87,0.889,0.269,0.102,0.326,0.219,0.522,0.839,0.371,0.073,0.999
68,0.459,0.019,0.83,0.593,0.317,0.155,0.739,0.637,0.236,0.625,0.258,0.421,0.869,0.14,0.494,0.613,0.483,0.655,0.864,0.053,0.998,0.229,0.619,0.006,0.606,0.951,0.383,0.685,0.794,0.963,0.468,0.666,0.922,0.288,0.91,0.302,0.762,0.18,0.757,0.417,0.418,0.055,0.108,0.743,0.944,0.89,0.342,0.195,0.15,0.757,0.555,0.081,0.433,0.606,0.412,0.022,0.367,0.777,0.248,0.428,0.525,0.892,0.788,0.587
70,0.478,0.067,0.824,0.318,0.782,0.351,0.222,0.662,0.382,0.743,0.216,0.323,0.513,0.521,0.185,0.482,0.685,0.412,0.562,0.005,0.827,0.504,0.329,0.229,0.725,0.529,0.68,0.053,0.799,0.582,0.102,0.101,0.727,0.89,0.864,0.176,0.926,0.064,0.869,0.632,0.254,0.362,0.839,0.95,0.818,0.98,0.597,0.287,0.004,0.722,0.977,0.438,0.774,0.723,0.137,0.712,0.522,0.554,0.1,0.802,0.183,0.153,0.991,0.708
72,0.845,0.157,0.588,0.771,0.918,0.038,0.087,0.146,0.036,0.145,0.876,0.55,0.606,0.179,0.821,0.478,0.556,0.966,0.118,0.941,0.496,0.304,0.697,0.912,0.007,0.609,0.215,0.283,0.174,0.0,0.41,0.613,0.058,0.023,0.137,0.687,0.749,0.567,0.814,0.645,0.583,0.298,0.855,0.492,0.338,0.353,0.17,0.981,0.589,0.308,0.689,0.581,0.227,0.856,0.183,0.168,0.273,0.576,0.434,0.574,0.051,0.176,0.24,0.493
74,0.644,0.499,0.453,0.958,0.942,0.931,0.803,0.8,0.505,0.105,0.883,0.862,0.975,0.439,0.736,0.193,0.854,0.24,0.707,0.387,0.571,0.103,0.284,0.108,0.139,0.786,0.79,0.228,0.619,0.848,0.947,0.556,0.085,0.724,0.208,0.193,0.062,0.487,0.058,0.574,0.44,0.228,0.455,0.919,0.363,0.664,0.356,0.926,0.298,0.299,0.655,0.482,0.746,0.495,0.581,0.724,0.141,0.446,0.328,0.427,0.366,0.132,0.593,0.818
76,0.738,0.256,0.919,0.231,0.289,0.254,0.879,0.311,0.975,0.643,0.805,0.989,0.666,0.865,0.216,0.666,0.235,0.649,0.435,0.986,0.936,0.229,0.627,0.527,0.558,0.253,0.153,0.968,0.837,0.682,0.068,0.899,0.609,0.04,0.682,0.075,0.299,0.179,0.233,0.804,0.976,0.586,0.529,0.619,0.299,0.144,0.846,0.096,0.305,0.101,0.902,0.88,0.203,0.957,0.738,0.943,0.162,0.703,0.672,0.741,0.554,0.95,0.723,0.902
78,0.798,0.14,0.113,0.486,0.789,0.623,0.575,0.359,0.024,0.525,0.074,0.869,0.991,0.69,0.989,0.163,0.406,0.723,0.479,0.31,0.501,0.797,0.567,0.184,0.571,0.296,0.207,0.099,0.289,0.54,0.993,0.842,0.946,0.449,0.035,0.029,0.402,0.054,0.209,0.727,0.124,0.24,0.321,0.563,0.293,0.074,0.509,0.846,0.251,0.707,0.901,0.799,0.026,0.094,0.834,0.993,0.287,0.752,0.728,0.256,0.214,0.335,0.044,0.747
80,0.892,0.104,0.419,0.9,0.211,0.641,0.284,0.249,0.629,0.432,0.844,0.319,0.41,0.015,0.432,0.498,0.561,0.138,0.037,0.456,0.084,0.709,0.72,0.166,0.171,0.87,0.142,0.527,0.887,0.876,0.508,0.676,0.657,0.705,0.745,0.182,0.694,0.722,0.556,0.091,0.753,0.801,0.474,0.441,0.646,0.961,0.125,0.41,0.797,0.835,0.647,0.267,0.329,0.646,0.667,0.997,0.942,0.451,0.803,0.087,0.195,0.597,0.756,0.835
82,0.973,0.387,0.052,0.006,0.079,0.62,0.981,0.416,0.633,0.198,0.087,0.769,0.567,0.176,0.715,0.233,0.659,0.059,0.622,0.869,0.388,0.954,0.19,0.221,0.179,0.224,0.59,0.151,0.821,0.583,0.238,0.004,0.938,0.429,0.589,0.288,0.527,0.338,0.203,0.999,0.978,0.118,0.938,0.511,0.19,0.831,0.352,0.283,0.951,0.697,0.458,0.339,0.895,0.449,0.738,0.37,0.015,0.968,0.428,0.268,0.172,0.103,0.435,0.528
84,0.431,0.271,0.82,0.295,0.677,0.858,0.59,0.361,0.9,0.711,0.921,0.857,0.628,0.943,0.457,0.519,0.309,0.372,0.952,0.418,0.359,0.53,0.725,0.991,0.551,0.325,0.043,0.762,0.657,0.073,0.159,0.045,0.976,0.668,0.846,0.652,0.19,0.318,0.364,0.763,0.779,0.629,0.927,0.693,0.405,0.631,0.837,0.489,0.493,0.696,0.948,0.732,0.505,0.552,0.763,0.172,0.944,0.959,0.255,0.32,0.619,0.748,0.732,0.655
86,0.85,0.815,0.512,0.479,0.304,0.369,0.092,0.277,0.643,0.828,0.105,0.814,0.1,0.148,0.813,0.011,0.656,0.536,0.823,0.052,0.531,0.131,0.924,0.361,0.773,0.924,0.582,0.838,0.373,0.651,0.076,0.975,0.054,0.596,0.106,0.748,0.967,0.917,0.751,0.38,0.443,0.989,0.793,0.308,0.495,0.565,0.364,0.048,0.854,0.941,0.64,0.017,0.655,0.724,0.898,0.112,0.669,0.656,0.523,0.625,0.007,0.655,0.039,0.715
88,0.68,0.105,0.381,0.513,0.66,0.451,0.339,0.236,0.883,0.11,0.667,0.518,0.806,0.569,0.021,0.892,0.199,0.281,0.106,0.192,0.109,0.576,0.986,0.714,0.576,0.51,0.94,0.152,0.619,0.804,0.731,0.971,0.708,0.081,0.332,0.426,0.532,0.132,0.917,0.818,0.117,0.32,0.903,0.845,0.167,0.268,0.834,0.544,0.522,0.671,0.617,0.245,0.254,0.328,0.116,0.756,0.718,0.097,0.22,0.512,0.247,0.999,0.976,0.571
90,0.95,0.629,0.38,0.414,0.122,0.159,0.232,0.038,0.666,0.421,0.078,0.977,0.298,0.106,0.23,0.291,0.384,0.511,0.693,0.149,0.944,0.348,0.425,0.559,0.765,0.452,0.908,0.547,0.499,0.383,0.739,0.933,0.215,0.143,0.071,0.665,0.815,0.254,0.266,0.037,0.337,0.493,0.17,0.885,0.972,0.489,0.315,0.325,0.897,0.149,0.24,0.255,0.222,0.634,0.133,0.991,0.373,0.47,0.896,0.294,0.14,0.82,0.485,0.603
92,0.018,0.477,0.249,0.231,0.49,0.559,0.804,0.437,0.857,0.665,0.927,0.341,0.82,0.416,0.672,0.908,0.047,0.544,0.735,0.517,0.112,0.993,0.088,0.06,1.0,0.335,0.803,0.325,0.368,0.481,0.027,0.031,0.361,0.844,0.215,0.784,0.903,0.2,0.303,0.698,0.563,0.182,0.325,0.11,0.318,0.201,0.687,0.472,0.249,0.936,0.908,0.27,0.603,0.649,0.733,0.065,0.42,0.935,0.452,0.798,0.385,0.368,0.066,0.236
94,0.087,0.088,0.095,0.887,0.221,0.36,0.943,0.328,0.5,0.398,0.205,0.407,0.981,0.386,0.33,0.309,0.355,0.896,0.428,0.957,0.515,0.867,0.905,0.363,0.3,0.626,0.878,0.191,0.069,0.89,0.028,0.29,0.27,0.564,0.753,0.529,0.743,0.201,0.956,0.556,0.944,0.953,0.121,0.289,0.703,0.816,0.211,0.107,0.572,0.39,0.3,0.384,0.663,0.865,0.056,0.41,0.948,0.584,0.086,0.375,0.546,0.498,0.041,0.231
96,0.619,0.385,0.935,0.354,0.868,0.615,0.751,0.159,0.563,0.674,0.409,0.39,0.161,0.655,0.481,0.75,0.88,0.645,0.916,0.089,0.05,0.992,0.002,0.988,0.94,0.206,0.448,0.16,0.825,0.072,0.963,0.403,0.639,0.727,0.348,0.414,0.636,0.785,0.01,0.247,0.763,0.043,0.106,0.645,0.458,0.477,0.751,0.938,0.155,0.512,0.978,0.341,0.942,0.308,0.554,0.084,0.651,0.246,0.055,0.537,0.145,0.328,0.058,0.839
98,0.373,0.212,0.661,0.049,0.484,0.354,0.826,0.394,0.183,0.073,0.049,0.651,0.196,0.334,0.027,0.584,0.713,0.176,0.082,0.572,0.607,0.182,0.785,0.991,0.826,0.383,0.042,0.817,0.682,0.287,0.865,0.792,0.39,0.508,0.554,0.602,0.999,0.48,0.978,0.826,0.958,0.832,0.998,0.471,0.827,0.14,0.782,0.824,0.535,0.152,0.503,0.201,0.901,0.302,0.658,0.635,0.908,0.762,0.948,0.909,0.179,0.029,0.469,0.627
100,0.053,0.237,0.83,0.584,0.616,0.265,0.047,0.311,0.438,0.884,0.565,0.076,0.241,0.38,0.456,0.703,0.417,0.573,0.075,0.077,0.574,0.927,0.34,0.606,0.273,0.912,0.46,0.91,0.55,0.65,0.285,0.953,0.446,0.658,0.004,0.012,0.228,0.873,0.03,0.851,0.312,0.425,0.463,0.275,0.724,0.568,0.64,0.044,0.752,0.912,0.728,0.361,0.526,0.498,0.658,0.923,0.045,0.443,0.571,0.22,0.712,0.398,0.366,0.665
102,0.396,0.235,0.653,0.225,0.194,0.486,0.841,0.453,0.847,0.822,0.669,0.11,0.507,0.722,0.81,0.297,0.392,0.712,0.307,0.316,0.474,0.905,0.425,0.762,0.132,0.621,0.514,0.093,0.234,0.698,0.059,0.292,0.221,0.777,0.979,0.566,0.138,0.391,0.681,0.472,0.86,0.585,0.778,0.598,0.749,0.76,0.144,0.427,0.13,0.555,0.818,0.756,0.132,0.56,0.775,0.708,0.16,0.345,0.022,0.423,0.372,0.728,0.14,0.044
104,0.098,0.726,0.936,0.279,0.901,0.843,0.915,0.447,0.199,0.353,0.736,0.432,0.298,0.505,0.864,0.826,0.833,0.238,0.937,0.924,0.366,0.138,0.861,0.423,0.045,0.024,0.756,0.495,0.239,0.862,0.906,0.516,0.221,0.413,0.269,0.636,0.296,0.343,0.351,0.916,0.527,0.199,0.445,0.9,0.852,0.464,0.947,0.152,0.341,0.572,0.183,0.257,0.796,0.912,0.944,0.51,0.961,0.54,0.089,0.144,0.907,0.365,0.341,0.562
106,0.517,0.939,0.654,0.924,0.528,0.739,0.546,0.435,0.096,0.388,0.61,0.636,0.528,0.77,0.739,0.784,0.307,0.262,0.053,0.689,0.389,0.209,0.371,0.284,0.47,0.227,0.611,0.698,0.218,0.891,0.571,0.992,0.655,0.49,0.183,0.305,0.141,0.673,0.57,0.68,0.113,0.181,0.897,0.868,0.283,0.001,0.309,0.189,0.486,0.874,0.111,0.78,0.942,0.543,0.72,0.892,0.361,0.064,0.371,0.822,0.541,0.649,0.896,0.914
108,0.327,0.025,0.711,0.605,0.589,0.441,0.195,0.469,0.403,0.402,0.06,0.972,0.302,0.845,0.116,0.604,0.94,0.739,0.288,0.711,0.534,0.613,0.165,0.355,0.12,0.577,0.12,0.068,0.793,0.358,0.965,0.695,0.108,0.07,0.805,0.215,0.99,0.367,0.926,0.67,0.421,0.875,0.732,0.679,0.881,0.487,0.029,0.402,0.201,0.075,0.497,0.553,0.632,0.051,0.767,0.751,0.625,0.092,0.097,0.374,0.731,0.508,0.432,0.104
110,0.594,0.601,0.262,0.003,0.866,0.721,0.029,0.632,0.053,0.602,0.364,0.622,0.317,0.543,0.112,0.963,0.695,0.197,0.173,0.883,0.216,0.006,0.898,0.247,0.601,0.906,0.548,0.27,0.085,0.209,0.952,0.123,0.721,0.009,0.257,0.779,0.795,0.351,0.112,0.267,0.863,0.426,0.743,0.381,0.542,0.671,0.447,0.019,0.108,0.215,0.228,0.104,0.938,0.403,0.959,0.052,0.547,0.439,0.32,0.543,0.49,0.136,0.787,0.634
112,0.745,0.232,0.677,0.046,0.241,0.611,0.053,0.681,0.023,0.73,0.375,0.395,0.954,0.868,0.754,0.399,0.989,0.483,0.021,0.284,0.982,0.431,0.09,0.722,0.917,0.147,0.818,0.701,0.758,0.343,0.393,0.92,0.768,0.903,0.413,0.765,0.66,0.18,0.059,0.254,0.835,0.206,0.142,0.45,0.989,0.304,0.445,0.534,0.615,0.138,0.071,0.585,0.728,0.186,0.304,0.313,0.054,0.476,0.191,0.222,0.601,0.815,0.907,0.817
114,0.199,0.186,0.717,0.098,0.635,0.442,0.438,0.992,0.8,0.342,0.997,0.093,0.367,0.49,0.782,0.956,0.983,0.099,0.598,0.501,0.696,0.782,0.089,0.254,0.647,0.002,0.2,0.122,0.197,0.629,0.909,0.931,0.848,0.61,0.125,0.34,0.441,0.525,0.464,0.652,0.308,0.1,0.216,0.633,0.633,0.991,0.456,0.979,0.634,0.479,0.19,0.008,0.414,0.666,0.701,0.726,0.255,0.877,0.851,0.572,0.416,0.803,0.397,0.749
116,0.325,0.899,0.459,0.695,0.145,0.419,0.49,0.23,0.18,0.887,0.847,0.792,0.647,0.6,0.324,0.614,0.702,0.507,0.98,0.089,0.309,0.013,0.08,0.106,0.584,0.051,0.956,0.104,0.832,0.202,0.373,0.946,0.917,0.126,0.195,0.129,0.177,0.152,0.004,0.16,0.369,0.566,0.839,0.718,0.712,0.78,0.573,0.13,0.011,0.357,0.634,0.18,0.62,0.211,0.347,0.358,0.388,0.736,0.003,0.727,0.063,0.832,0.725,0.928
118,0.522,0.753,0.588,0.087,0.703,0.916,0.101,0.063,0.795,0.333,0.737,0.049,0.637,0.985,0.637,0.432,0.396,0.236,0.8,0.958,0.425,0.779,0.217,0.704,0.418,0.991,0.367,0.787,0.095,0.932,0.659,0.264,0.027,0.029,0.316,0.028,0.36,0.972,0.449,0.72,0.205,0.736,0.828,0.8,0.984,0.716,0.13,0.183,0.094,0.641,0.934,0.034,0.794,0.156,0.763,0.945,0.3,0.302,0.926,0.393,0.406,0.577,0.078,0.931
120,0.957,0.253,0.541,0.11,0.36,0.219,0.962,0.581,0.481,0.797,0.868,0.652,0.919,0.219,0.296,0.615,0.341,0.325,0.249,0.797,0.228,0.559,0.292,0.447,0.124,0.367,0.5,0.008,0.727,0.113,0.748,0.074,0.49,0.356,0.535,0.197,0.179,0.722,0.3,0.29,0.51,0.666,0.151,0.656,0.187,0.617,0.972,0.8,0.873,0.489,0.927,0.821,0.484,0.17,0.942,0.968,0.942,0.527,0.465,0.223,0.485,0.174,0.021,0.319
122,0.176,0.002,0.115,0.732,0.642,0.405,0.299,0.011,0.48,0.849,0.055,0.648,0.144,0.413,0.843,0.108,0.791,0.338,0.199,0.993,0.614,0.246,0.345,0.042,0.293,0.407,0.566,0.619,0.899,0.986,0.453,0.84,0.145,0.564,0.529,0.355,0.061,0.189,0.652,0.184,0.154,0.167,0.308,0.92,0.859,0.597,0.303,0.393,0.109,0.8,0.48,0.372,0.672,0.509,0.031,0.605,0.308,0.256,0.378,0.956,0.708,0.062,0.356,0.211
124,0.395,0.588,0.123,0.185,0.973,0.372,0.234,0.414,0.529,0.819,0.199,0.16,0.036,0.057,0.486,0.185,0.663,0.869,0.958,0.872,0.138,0.474,0.28,0.513,0.386,0.97,0.576,0.631,0.442,0.275,0.389,0.417,0.775,0.562,0.317,0.895,0.603,0.318,0.446,0.296,0.346,0.446,0.592,0.623,0.69,0.192,0.838,0.824,0.5,0.747,0.596,0.967,0.186,0.721,0.84,0.515,0.513,0.589,0.093,0.349,0.588,0.455,0.583,0.916
126,0.358,0.287,0.732,0.498,0.707,0.065,0.639,0.25,0.454,0.212,0.047,0.832,0.788,0.223,0.119,0.451,0.142,0.255,0.808,0.319,0.31,0.794,0.698,0.821,0.497,0.475,0.281,0.214,0.694,0.216,0.184,0.261,0.673,0.799,0.094,0.913,0.364,0.223,0.956,0.801,0.26,0.44,0.538,0.258,0.205,0.36,0.636,0.591,0.244,0.189,0.844,0.139,0.059,0.928,0.73,0.557,0.894,0.742,0.736,0.405,0.745,0.603,0.476,0.182
128,0.534,0.988,0.176,0.254,0.503,0.522,0.822,0.545,0.639,0.154,0.096,0.969,0.33,0.205,0.546,0.414,0.037,0.093,0.81,0.216,0.874,0.191,0.602,0.754,0.362,0.768,0.312,0.117,0.665,0.754,0.745,0.534,0.236,0.18,0.902,0.101,0.999,0.45,0.225,0.985,0.084,0.178,0.176,0.753,0.038,0.845,0.284,0.334,0.578,0.078,0.449,0.941,0.376,0.039,0.57,0.665,0.241,0.103,0.741,0.381,0.898,0.276,0.202,0.309
130,0.046,0.277,0.748,0.351,0.464,0.963,0.625,0.968,0.796,0.132,0.372,0.398,0.81,0.944,0.864,0.186,0.087,0.065,0.295,0.176,0.302,0.576,0.152,0.282,0.954,0.417,0.272,0.56,0.501,0.558,0.616,0.336,0.897,0.721,0.074,0.792,0.834,0.45,0.465,0.371,0.443,0.591,0.39,0.125,0.959,0.979,0.812,0.197,0.758,0.772,0.275,0.279,0.733,0.877,0.098,0.495,0.346,0.479,0.586,0.972,0.212,0.186,0.965,0.514
132,0.471,0.718,0.442,0.715,0.734,0.849,0.948,0.751,0.119,0.965,0.304,0.657,0.016,0.123,0.738,0.275,0.849,0.646,0.962,0.742,0.132,0.784,0.718,0.85,0.747,0.466,0.929,0.878,0.865,0.602,0.889,0.025,0.476,0.653,0.273,0.734,0.241,0.865,0.002,0.61,0.848,0.183,0.711,0.664,0.803,0.405,0.382,0.242,0.663,0.131,0.738,0.539,0.798,0.965,0.284,0.987,0.338,0.271,0.219,0.129,0.567,0.468,0.429,0.952
134,0.262,0.361,0.555,0.811,0.44,0.985,0.669,0.376,0.685,0.222,0.288,0.821,0.787,0.862,0.248,0.558,0.855,0.822,0.083,0.675,0.462,0.122,0.752,0.015,0.844,0.201,0.233,0.324,0.006,0.109,0.557,0.059,0.459,0.445,0.947,0.177,0.823,0.131,0.289,0.936,0.293,0.832,0.378,0.803,0.561,0.444,0.022,0.051,0.516,0.809,0.734,0.162,0.23,0.963,0.146,0.33,0.66,0.782,0.208,0.464,0.406,0.556,0.876,0.919
136,0.31,0.709,0.944,0.671,0.772,0.906,0.909,0.897,0.164,0.153,0.749,0.827,0.346,0.558,0.368,0.616,0.673,0.643,0.821,0.15,0.833,0.99,0.991,0.127,0.583,0.385,0.063,0.653,0.868,0.3,0.331,0.194,0.798,0.577,0.928,0.062,0.773,0.853,0.111,0.12,0.773,0.677,0.714,0.775,0.768,0.284,0.643,0.015,0.566,0.769,0.939,0.833,0.119,0.483,0.505,0.12,0.808,0.419,0.696,0.507,0.082,0.159,0.531,0.219
138,0.573,0.134,0.08,0.212,0.316,0.296,0.399,0.736,0.525,0.101,0.772,0.498,0.162,0.617,0.578,0.887,0.709,0.803,0.841,0.181,0.542,0.5,0.86,0.796,0.602,0.934,0.999,0.897,0.337,0.545,0.287,0.142,0.56,0.888,0.614,0.597,0.3,0.834,0.558,0.882,0.765,0.981,0.187,0.811,0.844,0.495,0.159,0.242,0.696,0.992,0.68,0.133,0.587,0.134,0.338,0.283,0.523,0.829,0.462,0.724,0.774,0.166,0.744,0.799
140,0.396,0.995,0.248,0.556,0.687,0.95,0.694,0.146,0.388,0.489,0.101,0.349,0.223,0.202,0.649,0.695,0.91,0.592,0.01,0.299,0.056,0.752,0.154,0.384,0.141,0.778,0.514,0.013,0.814,0.576,0.977,0.659,0.129,0.168,0.502,0.738,0.027,0.319,0.46,0.257,0.464,0.143,0.73,0.341,0.052,0.343,0.197,0.429,0.094,0.997,0.986,0.991,0.485,0.609,0.485,0.081,0.687,0.425,0.656,0.069,0.118,0.508,0.397,0.639
142,0.422,0.838,0.892,0.095,0.248,0.816,0.531,0.217,0.063,0.857,0.239,0.845,0.145,0.753,0.456,0.679,0.126,0.873,0.622,0.248,0.678,0.234,0.329,0.09,0.424,0.768,0.286,0.663,0.574,0.851,0.944,0.199,0.171,0.717,0.126,0.125,0.608,0.454,0.046,0.322,0.726,0.362,0.831,0.061,0.976,0.449,0.165,0.677,0.116,0.798,0.728,0.702,0.477,0.263,0.496,0.952,0.679,0.406,0.64,0.677,0.37,0.697,0.406,0.33
144,0.682,0.45,0.609,0.152,0.135,0.137,0.474,0.277,0.974,0.248,0.014,0.271,0.374,0.592,0.707,0.893,0.182,0.14,0.513,0.037,0.155,0.707,0.463,0.572,0.35,0.779,0.65,0.259,0.378,0.076,0.523,0.349,0.558,0.605,0.504,0.332,0.599,0.772,0.792,0.204,0.87,0.796,0.552,0.256,0.263,0.629,0.038,0.619,0.79,0.35,0.144,0.407,0.213,0.803,0.329,0.577,0.795,0.386,0.998,0.052,0.816,0.153,0.212,0.295
146,0.297,0.294,0.038,0.236,0.019,0.548,0.536,0.889,0.989,0.749,0.147,0.735,0.753,0.031,0.987,0.813,0.287,0.994,0.607,0.964,0.938,0.086,0.076,0.408,0.394,0.968,0.136,0.946,0.918,0.545,0.558,0.528,0.015,0.566,0.731,0.276,0.902,0.771,0.076,0.229,0.79,0.342,0.576,0.362,0.498,0.326,0.184,0.152,0.971,0.35,0.233,0.354,0.691,0.68,0.626,0.387,0.235,0.185,0.668,0.228,0.307,0.27,0.167,0.697
148,0.496,0.114,0.893,0.448,0.056,0.067,0.566,0.02,0.034,0.691,0.574,0.861,0.086,0.353,0.431,0.507,0.19,0.958,0.94,0.526,0.965,0.232,0.784,0.896,0.368,0.999,0.506,0.583,0.269,0.928,0.552,0.379,0.243,0.3,0.974,0.637,0.453,0.066,0.741,0.985,0.237,0.768,0.61,0.944,0.687,0.43,0.735,0.92,0.288,0.505,0.377,0.067,0.923,0.059,0.842,0.647,0.258,0.155,0.962,0.935,0.89,0.96,0.201,0.047
150,0.73,0.169,0.791,0.7,0.001,0.175,0.862,0.029,0.259,0.928,0.905,0.286,0.764,0.27,0.97,0.754,0.138,0.705,0.844,0.104,0.336,0.579,0.053,0.767,0.982,0.059,0.175,0.721,0.636,0.242,0.228,0.069,0.478,0.271,0.021,0.819,0.173,0.667,0.527,0.551,0.574,0.901,0.856,0.904,0.589,0.897,0.648,0.637,0.867,0.128,0.127,0.44,0.838,0.521,0.695,0.743,0.768,0.282,0.056,0.884,0.287,0.068,0.889,0.226
152,0.366,0.095,0.325,0.885,0.071,0.706,0.69,0.289,0.235,0.799,0.435,0.415,0.147,0.498,0.227,0.818,0.344,0.456,0.829,0.784,0.474,0.874,0.008,0.009,0.547,0.129,0.855,0.047,0.197,0.427,0.039,0.203,0.399,0.816,0.584,0.335,0.849,0.48,0.906,0.359,0.361,0.507,0.203,0.817,0.976,0.561,0.063,0.045,0.743,0.269,0.905,0.344,0.917,0.116,0.082,0.527,0.807,0.177,0.697,0.118,0.969,0.646,0.331,0.319
154,0.91,0.344,0.837,0.166,0.067,0.257,0.806,0.201,0.97,0.924,0.348,0.425,0.101,0.214,0.377,0.091,0.831,0.363,0.893,0.839,0.377,0.372,0.041,0.626,0.722,0.751,0.875,0.259,0.989,0.154,0.222,0.474,0.465,0.63,0.948,0.491,0.055,0.375,0.504,0.637,0.601,0.09,0.574,0.301,0.592,0.899,0.836,0.028,0.322,0.946,0.312,0.076,0.076,0.288,0.782,0.218,0.409,0.288,0.207,0.002,0.448,0.553,0.881,0.13
156,0.066,0.747,0.114,0.6,0.318,0.404,0.996,0.933,0.738,0.416,0.589,0.784,0.067,0.078,0.672,0.441,0.988,0.934,0.728,0.507,0.743,0.916,0.86,0.486,0.222,0.91,0.234,0.314,0.018,0.619,0.637,0.028,0.47,0.359,0.394,0.925,0.059,0.072,0.247,0.849,0.221,0.181,0.123,0.804,0.738,0.835,0.313,0.305,0.159,0.987,0.074,0.702,0.256,0.223,0.918,0.269,0.747,0.891,0.948,0.004,0.84,0.941,0.581,0.007
158,0.804,0.09,0.696,0.175,0.566,0.51,0.924,0.847,0.318,0.269,0.106,0.342,0.85,0.81,0.514,0.651,0.93,0.049,0.112,0.879,0.913,0.177,0.242,0.998,0.49,0.254,0.121,0.804,0.185,0.159,0.424,0.79,0.758,0.251,0.839,0.186,0.771,0.54,0.591,0.684,0.719,0.544,0.972,0.012,0.765,0.065,0.35,0.853,0.476,0.629,0.354,0.855,0.447,0.05,0.96,0.07,0.146,0.716,0.566,0.273,0.311,0.506,0.493,0.635
160,0.92,0.748,0.482,0.583,0.164,0.17,0.167,0.201,0.132,0.74,0.625,0.216,0.623,0.546,0.467,0.167,0.169,0.717,0.28,0.754,0.266,0.304,0.012,0.23,0.801,0.335,0.487,0.865,0.5,0.914,0.564,0.661,0.449,0.719,0.561,0.708,0.064,0.794,0.593,0.117,0.326,0.13,0.637,0.963,0.396,0.023,0.904,0.294,0.341,0.144,0.933,0.742,0.269,0.654,0.353,0.464,0.237,0.213,0.892,0.776,0.08,0.708,0.536,0.5
162,0.962,0.765,0.7,0.25,0.952,0.914,0.631,0.452,0.102,0.885,0.529,0.825,0.013,0.788,0.075,0.773,0.764,0.144,0.7,0.869,0.035,0.948,0.755,0.318,0.343,0.792,0.752,0.057,0.818,0.833,0.631,0.215,0.847,0.665,0.808,0.905,0.084,0.769,0.018,0.022,0.711,0.58,0.922,0.742,0.742,0.348,0.671,0.338,0.656,0.492,0.791,0.07,0.456,0.976,0.482,0.572,0.84,0.129,0.334,0.942,0.352,0.305,0.189,0.637
164,0.516,0.03,0.665,0.002,0.74,0.605,0.441,0.137,0.257,0.731,0.956,0.138,0.355,0.459,0.085,0.462,0.865,0.16,0.297,0.344,0.019,0.846,0.144,0.131,0.588,0.889,0.544,0.632,0.731,0.47,0.858,0.554,0.686,0.216,0.362,0.745,0.525,0.851,0.48,0.273,0.709,0.368,0.66,0.44,0.649,0.976,0.306,0.718,0.017,0.347,0.771,0.386,0.333,0.429,0.931,0.006,0.782,0.292,0.566,0.412,0.062,0.19,1.0,0.96
166,0.847,0.74,0.806,0.852,0.641,0.084,0.026,0.153,0.419,0.471,0.409,0.14,0.125,0.07,0.537,0.185,0.417,0.599,0.704,0.561,0.639,0.881,0.931,0.403,0.781,0.421,0.722,0.145,0.064,0.392,0.051,0.776,0.905,0.371,0.693,0.113,0.973,0.198,0.614,0.26,0.158,0.907,0.971,0.206,0.712,0.77,0.203,0.583,0.995,0.573,0.03,0.856,0.951,0.263,0.171,0.292,0.722,0.327,0.012,0.91,0.166,0.934,0.185,0.952
168,0.159,0.945,0.799,0.316,0.611,0.096,0.574,0.216,0.767,0.08,0.142,0.168,0.057,0.682,0.79,0.666,0.268,0.892,0.651,0.771,0.608,0.617,0.429,0.963,0.787,0.435,0.184,0.2,0.674,0.103,0.714,0.942,0.173,0.307,0.381,0.564,0.431,0.995,0.752,0.783,0.058,0.803,0.64,0.201,0.824,0.922,0.663,0.316,0.681,0.886,0.507,0.771,0.872,0.183,0.024,0.726,0.817,0.616,0.573,0.583,0.213,0.274,0.739,0.98
170,0.253,0.168,0.602,0.135,0.93,0.776,0.642,0.387,0.175,0.717,0.964,0.133,0.223,0.691,0.118,0.879,0.066,0.148,0.205,0.894,0.123,0.034,0.673,0.191,0.843,0.375,0.569,0.17,0.376,0.767,0.152,0.199,0.915,0.66,0.528,0.66,0.459,0.591,0.178,0.629,0.26,0.489,0.478,0.81,0.844,0.355,0.111,0.144,0.885,0.601,0.03,0.503,0.892,0.757,0.924,0.347,0.016,0.545,0.547,0.966,0.075,0.103,0.446,0.853
172,0.23,0.524,0.415,0.5,0.856,0.13,0.044,0.576,0.223,0.368,0.696,0.507,0.475,0.616,0.468,0.367,0.692,0.729,0.461,0.732,0.741,0.714,0.202,0.621,0.376,0.929,0.546,0.808,0.545,0.636,0.508,0.006,0.768,0.943,0.588,0.844,0.279,0.956,0.471,0.823,0.592,0.378,0.595,0.757,0.752,0.611,0.964,0.392,0.55,0.269,0.67,0.586,0.53,0.754,0.562,0.387,0.764,0.579,0.472,0.818,0.466,0.747,0.692,0.48
174,0.698,0.237,0.759,0.84,0.592,0.012,0.118,0.477,0.226,0.998,0.342,0.669,0.831,0.071,0.861,0.86,0.458,0.659,0.606,0.321,0.826,0.032,0.456,0.894,0.705,0.893,0.236,0.627,1.0,0.508,0.217,0.938,0.983,0.101,0.626,0.803,0.255,0.62,0.865,0.577,0.568,0.166,0.275,0.241,0.011,0.188,0.179,0.756,0.905,0.276,0.097,0.03,0.579,0.724,0.804,0.678,0.559,0.43,0.608,0.496,0.634,0.275,0.227,0.988
176,0.229,0.173,0.508,0.19,0.04,0.669,0.113,0.98,0.268,0.107,0.292,0.985,0.117,0.189,0.231,0.713,0.079,0.686,0.396,0.121,0.061,0.164,0.671,0.267,0.933,0.816,0.678,0.953,0.784,0.656,0.107,0.482,0.003,0.313,0.9,0.823,0.034,0.632,0.095,0.181,0.103,0.368,0.427,0.084,0.613,0.634,0.392,0.309,0.583,0.15,0.119,0.158,0.357,0.416,0.117,0.614,0.511,0.396,0.61,0.961,0.171,0.874,0.314,0.376
178,0.727,0.756,0.376,0.927,0.567,0.709,0.395,0.324,0.515,0.651,0.838,0.295,0.861,0.108,0.416,0.215,0.892,0.52,0.972,0.147,0.941,0.142,0.063,0.707,0.687,0.655,0.528,0.265,0.505,0.047,0.846,0.167,0.724,0.622,0.502,0.339,0.84,0.038,0.988,0.045,0.703,0.241,0.507,0.945,0.673,0.451,0.135,0.78,0.266,0.99,0.58,0.131,0.175,0.939,0.856,0.614,0.947,0.242,0.358,0.435,0.379,0.543,0.194,0.958
180,0.512,0.889,0.119,0.282,0.107,0.94,0.649,0.918,0.003,0.828,0.762,0.205,0.537,0.689,0.489,0.515,0.435,0.885,0.311,0.293,0.645,0.651,0.639,0.926,0.667,0.749,0.407,0.988,0.213,0.351,0.416,0.675,0.395,0.551,0.29,0.843,0.519,0.343,0.656,0.682,0.103,0.875,0.354,0.654,0.752,0.258,0.688,0.438,0.774,0.856,0.82,0.588,0.45,0.999,0.037,0.325,0.746,0.956,0.662,0.856,0.882,0.482,0.756,0.086
182,0.475,0.047,0.415,0.137,0.062,0.205,0.232,0.132,0.33,0.734,0.654,0.97,0.992,0.016,0.725,0.736,0.917,0.235,0.212,0.193,0.98,0.393,0.88,0.066,0.571,0.016,0.283,0.492,0.953,0.516,0.831,0.167,0.812,0.705,0.448,0.926,0.101,0.386,0.212,0.259,0.51,0.513,0.904,0.194,0.705,0.382,0.986,0.758,0.873,0.71,0.727,0.796,0.456,0.648,0.075,0.429,0.787,0.792,0.69,0.762,0.711,0.73,0.717,0.293
184,0.208,0.258,0.901,0.928,0.9,0.309,0.113,0.997,0.554,0.9,0.22,0.209,0.194,0.238,0.186,0.455,0.629,0.223,0.455,0.544,0.089,0.962,0.285,0.787,0.533,0.588,0.105,0.766,0.591,0.497,0.596,0.994,0.392,0.327,0.086,0.877,0.864,0.549,0.721,0.756,0.751,0.549,0.959,0.399,0.607,0.513,0.761,0.873,0.593,0.237,0.539,0.166,0.59,0.211,0.659,0.545,0.628,0.829,0.499,0.825,0.675,0.342,0.157,0.859
186,0.831,0.155,0.456,0.394,0.222,0.503,0.299,0.102,0.865,0.537,0.403,0.821,0.462,0.63,0.147,0.809,0.046,0.531,0.565,0.62,0.52,0.828,0.714,0.529,0.663,0.035,0.397,0.644,0.466,0.708,0.555,0.403,0.795,0.743,0.127,0.933,0.141,0.318,0.131,0.233,0.156,0.449,0.954,0.918,0.203,0.531,0.426,0.064,0.17,0.117,0.992,0.958,0.598,0.528,0.582,0.989,0.785,0.636,0.825,0.244,0.452,0.193,0.901,0.585
188,0.275,0.332,0.079,0.519,0.095,0.745,0.416,0.413,0.651,0.632,0.83,0.633,0.792,0.393,0.347,0.596,0.886,0.24,0.816,0.214,0.857,0.194,0.764,0.628,0.557,0.9,0.304,0.317,0.679,0.093,0.77,0.522,0.397,0.766,0.902,0.93,0.761,0.218,0.321,0.006,0.02,0.704,0.275,0.499,0.671,0.227,0.989,0.609,0.032,0.314,0.289,0.31,0.334,0.359,0.773,0.533,0.247,0.941,0.004,0.067,0.69,0.623,0.016,0.472
190,0.95,0.909,0.374,0.733,0.223,0.879,0.849,0.416,0.835,0.072,0.762,0.637,0.898,0.057,0.274,0.304,0.998,0.381,0.847,0.353,0.447,0.262,0.138,0.676,0.139,0.772,0.879,0.806,0.223,0.573,0.431,0.423,0.985,0.79,0.784,0.781,0.799,0.233,0.583,0.191,0.894,0.091,0.713,0.208,0.857,0.206,0.444,0.549,0.152,0.408,0.433,0.499,0.651,0.841,0.822,0.314,0.486,0.712,0.947,0.981,0.563,0.085,0.974,0.845
192,0.478,0.614,0.033,0.58,0.082,0.924,0.239,0.083,0.481,0.213,0.03,0.101,0.968,0.189,0.977,0.573,0.786,0.333,0.752,0.644,0.596,0.354,0.343,0.183,0.121,0.572,0.186,0.794,0.886,0.844,0.655,0.643,0.421,0.399,0.784,0.241,0.797,0.526,0.872,0.562,0.762,0.592,0.87,0.472,0.545,0.375,0.928,0.599,0.729,0.886,0.495,0.221,0.953,0.561,0.945,0.407,0.404,0.095,0.674,0.1,0.845,0.819,0.416,0.386
194,0.713,0.847,0.851,0.8,0.833,0.072,0.579,0.217,0.618,0.87,0.777,0.178,0.582,0.167,0.789,0.907,0.233,0.861,0.807,0.535,0.452,0.041,0.693,0.875,0.825,0.49,0.189,0.472,0.922,0.021,0.281,0.796,0.173,0.646,0.836,0.713,0.183,0.253,0.767,0.485,0.991,0.579,0.238,0.314,0.661,0.03,0.816,0.897,0.056,0.6,0.154,0.065,0.054,0.822,0.254,0.168,0.525,0.317,0.524,0.588,0.879,0.157,0.577,0.313
196,0.473,0.918,0.151,0.464,0.788,0.27,0.869,0.628,0.923,0.353,0.18,0.908,0.231,0.843,0.022,0.575,0.014,0.618,0.43,0.484,0.389,0.905,0.851,0.915,0.813,0.055,0.196,0.856,0.489,0.57,0.658,0.164,0.118,0.913,0.766,0.034,0.717,0.954,0.33,0.664,0.715,0.084,0.1,0.472,0.85,0.604,0.956,0.494,0.302,0.485,0.28,0.193,0.776,0.788,0.199,0.312,0.407,0.422,0.445,0.792,0.474,0.726,0.59,0.471
198,0.622,0.99,0.305,0.518,0.35,0.643,0.69,0.809,0.962,0.974,0.783,0.603,0.952,0.31,0.268,0.707,0.766,0.695,0.162,0.312,0.675,0.945,0.474,0.445,0.825,0.196,0.997,0.093,0.223,0.942,0.206,0.708,0.858,0.914,0.697,0.487,0.959,0.32,0.304,0.14,0.128,0.256,0.006,0.036,0.173,0.464,0.486,0.363,0.12,0.683,0.596,0.406,0.01,0.029,0.974,0.884,0.475,0.462,0.774,0.332,0.712,0.778,0.772,0.07
200,0.856,0.948,0.743,0.49,0.449,0.772,0.838,0.254,0.969,0.724,0.993,0.012,0.843,0.609,0.813,0.647,0.174,0.691,0.09,0.177,0.738,0.867,0.206,0.179,0.225,0.786,0.492,0.2,0.68,0.164,0.561,0.775,0.416,0.609,0.459,0.407,0.296,0.189,0.66,0.643,0.673,0.145,0.063,0.853,0.029,0.443,0.305,0.852,0.696,0.005,0.788,0.524,0.998,0.864,0.184,0.106,0.054,0.344,0.935,0.01,0.689,0.42,0.866,0.524
202,0.812,0.367,0.334,0.076,0.182,0.69,0.097,0.425,0.373,0.941,0.115,0.264,0.988,0.044,0.303,0.796,0.264,0.064,0.253,0.222,0.724,0.233,0.794,0.288,0.609,0.563,0.807,0.77,0.972,0.732,0.958,0.069,0.415,0.111,0.762,0.717,0.29,0.886,0.321,0.631,0.118,0.305,0.864,0.727,0.46,0.363,0.1,0.221,0.4,0.518,0.948,0.942,0.756,0.834,0.536,0.928,0.864,0.151,0.578,0.986,0.542,0.139,0.223,0.403
204,0.12,0.265,0.721,0.994,0.269,0.246,0.454,0.326,0.812,0.61,0.758,0.444,0.448,0.612,0.305,0.764,0.089,0.668,0.191,0.858,0.889,0.717,0.322,0.818,0.718,0.406,0.406,0.139,0.198,0.898,0.316,0.581,0.837,0.358,0.279,0.747,0.68,0.28,0.703,0.926,0.796,0.148,0.672,0.222,0.345,0.77,0.179,0.756,0.875,0.983,0.488,0.837,0.034,0.249,0.591,0.794,0.572,0.941,0.416,0.819,0.622,0.133,0.13,0.481
206,0.159,0.7,0.299,0.001,0.303,0.749,0.455,0.822,0.293,0.462,0.646,0.919,0.4,0.134,0.132,0.173,0.713,0.253,0.024,0.033,0.902,0.777,0.369,0.546,0.691,0.665,0.522,0.159,0.153,0.949,0.576,0.742,0.494,0.604,0.099,0.768,0.621,0.803,0.489,0.984,0.816,0.031,0.446,0.338,0.236,0.87,0.124,0.56,0.541,0.258,0.753,0.656,0.938,0.603,0.632,0.976,0.674,0.35,0.557,0.356,0.364,0.737,0.884,0.973
208,0.375,0.416,0.935,0.662,0.615,0.919,0.629,0.479,0.414,0.687,0.533,0.347,0.896,0.515,0.861,0.84,0.501,0.577,0.141,0.027,0.076,0.425,0.712,0.456,0.376,0.996,0.569,0.919,0.336,0.718,0.602,0.096,0.91,0.29,0.239,0.125,0.98,0.168,0.015,0.542,0.288,0.84,0.601,0.285,0.976,0.03,0.341,0.105,0.481,0.339,0.316,0.373,0.328,0.36,0.39,0.195,0.355,0.482,0.145,0.908,0.781,0.654,0.551,0.136
210,0.537,0.067,0.471,0.966,0.923,0.476,0.398,0.812,0.97,0.208,0.335,0.799,0.204,0.349,0.141,0.874,0.705,0.332,0.714,0.373,0.572,0.559,0.849,0.683,0.968,0.968,0.858,0.77,0.422,0.41,0.405,0.991,0.601,0.96,0.486,0.358,0.364,0.734,0.05,0.687,0.208,0.632,0.769,0.265,0.954,0.696,0.719,0.88,0.58,0.605,0.268,0.136,0.791,0.487,0.875,0.553,0.211,0.509,0.242,0.346,0.783,0.013,0.864,0.056
212,0.008,0.799,0.405,0.527,0.399,0.79,0.984,0.722,0.239,0.243,0.445,0.538,0.198,0.911,0.9,0.769,0.822,0.952,0.695,0.89,0.553,0.498,0.678,0.685,0.297,0.44,0.371,0.816,0.205,0.393,0.848,0.897,0.323,0.157,0.448,0.467,0.706,0.744,0.142,0.699,0.187,0.204,0.202,0.21,0.878,0.367,0.221,0.485,0.768,0.044,0.954,0.229,0.857,0.79,0.613,0.17,0.807,0.58,0.544,0.91,0.603,0.034,0.093,0.828
214,0.025,0.556,0.279,0.54,0.124,0.647,0.845,0.429,0.426,0.866,0.804,0.313,0.285,0.313,0.479,0.147,0.013,0.664,0.477,0.241,0.504,0.146,0.454,0.139,0.398,0.934,0.106,0.097,0.568,0.847,0.667,0.36,0.597,0.228,0.149,0.972,0.764,0.582,0.222,0.479,0.185,0.598,0.218,0.848,0.812,0.644,0.358,1.0,0.692,0.292,0.745,0.293,0.299,0.621,0.821,0.194,0.05,0.38,0.258,0.075,0.05,0.074,0.779,0.544
216,0.969,0.131,0.005,0.219,0.625,0.124,0.67,0.907,0.844,0.808,0.774,0.827,0.403,0.793,0.934,0.201,0.65,0.296,0.604,0.039,0.313,0.773,0.158,0.27,0.902,0.136,0.736,0.788,0.81,0.412,0.459,0.486,0.006,0.325,0.819,0.838,0.894,0.377,0.267,0.027,0.22,0.108,0.27,0.775,0.618,0.072,0.514,0.538,0.041,0.509,0.323,0.413,0.656,0.562,0.598,0.013,0.919,0.283,0.645,0.714,0.787,0.003,0.297,0.034
218,0.733,0.062,0.303,0.847,0.276,0.526,0.273,0.057,0.985,0.934,0.957,0.878,0.383,0.36,0.951,0.38,0.143,0.287,0.802,0.254,0.425,0.711,0.547,0.691,0.269,0.451,0.443,0.748,0.935,0.099,0.605,0.526,0.677,0.789,0.68,0.992,0.957,0.29,0.151,0.401,0.354,0.303,0.12,0.93,0.132,0.003,0.33,0.595,0.965,0.16,0.753,0.171,0.485,0.398,0.147,0.558,0.593,0.831,0.953,0.503,0.312,0.575,0.549,0.324
220,0.597,0.624,0.864,0.674,0.418,0.833,0.576,0.551,0.994,0.627,0.159,0.847,0.665,0.395,0.483,0.343,0.041,0.675,0.517,0.748,0.795,0.673,0.957,0.374,0.452,0.217,0.066,0.686,0.983,0.545,0.681,0.011,0.054,0.944,0.689,0.481,0.552,0.132,0.314,0.197,0.108,0.716,0.757,0.886,0.661,0.268,0.094,0.008,0.11,0.278,0.217,0.91,0.458,0.055,0.631,0.63,0.179,0.787,0.217,0.016,0.749,0.591,0.465,0.96
222,0.347,0.059,0.912,0.514,0.176,0.756,0.12,0.97,0.689,0.032,0.023,0.391,0.924,0.277,0.345,0.47,0.351,0.509,0.669,0.533,0.077,0.267,0.163,0.77,0.942,0.347,0.765,0.246,0.923,0.96,0.652,0.091,0.644,0.04,0.095,0.622,0.591,0.265,0.685,0.268,0.329,0.444,0.47,0.24,0.002,0.99,0.936,0.403,0.747,0.14,0.613,0.808,0.369,0.45,0.646,0.159,0.896,0.428,0.927,0.579,0.702,0.373,0.609,0.085
224,0.747,0.326,0.544,0.134,0.521,0.369,0.158,0.4,0.557,0.026,0.621,0.924,0.055,0.091,0.749,0.354,0.765,0.291,0.939,0.289,0.523,0.627,0.442,0.986,0.857,0.736,0.598,0.677,0.106,0.585,0.526,0.677,0.16,0.675,0.368,0.332,0.254,0.365,0.788,0.59,0.588,0.104,0.87,0.75,0.95,0.765,0.087,0.758,0.797,0.126,0.71,0.066,0.99,0.218,0.714,0.809,0.616,0.384,0.972,0.999,0.089,0.462,0.029,0.221
226,0.088,0.393,0.448,0.228,0.768,0.209,0.084,0.579,0.859,0.091,0.722,0.575,0.283,0.617,0.417,0.203,0.49,0.658,0.63,0.65,0.954,0.695,0.881,0.022,0.111,0.131,0.378,0.539,0.557,0.139,0.624,0.724,0.38,0.09,0.539,0.624,0.216,0.765,0.41,0.18,0.41,0.732,0.755,0.399,0.933,0.229,0.641,0.766,0.099,0.972,0.497,0.145,0.672,0.693,0.486,0.348,0.813,0.037,0.32,0.077,0.87,0.51,0.981,0.92
228,0.581,0.916,0.687,0.536,0.351,0.328,0.347,0.839,0.224,0.297,0.893,0.332,0.651,0.133,0.173,0.688,0.654,0.791,0.774,0.8,0.681,0.878,0.13,0.371,0.838,0.804,0.018,0.424,0.705,0.337,0.02,0.688,0.152,0.076,0.72,0.231,0.138,0.844,0.941,0.584,0.565,0.521,0.119,0.366,0.347,0.118,0.512,0.358,0.958,0.661,0.742,0.081,0.085,0.159,0.294,0.995,0.872,0.21,0.095,0.637,0.162,0.356,0.893,0.772
230,0.759,0.754,0.53,0.732,0.862,0.68,0.694,0.085,0.235,0.07,0.128,0.857,0.738,0.516,0.35,0.396,0.548,0.715,0.948,0.307,0.712,0.718,0.602,0.803,0.987,0.055,0.659,0.277,0.931,0.061,0.104,0.312,0.18,0.245,0.265,0.665,0.433,0.48,0.594,0.828,0.549,0.929,0.637,0.621,0.814,0.152,0.57,0.503,0.703,0.062,0.224,0.418,0.691,0.295,0.34,0.403,0.472,0.619,0.926,0.229,0.118,0.695,0.137,0.531
232,0.276,0.68,0.893,0.262,0.121,0.899,0.642,0.536,0.929,0.068,0.739,0.595,0.067,0.855,0.56,0.281,0.317,0.236,0.951,0.392,0.575,0.461,0.324,0.598,0.575,0.125,0.803,0.471,0.624,0.549,0.395,0.765,0.49,0.806,0.413,0.213,0.986,0.884,0.526,0.554,0.957,0.979,0.187,0.646,0.972,0.445,0.451,0.22,0.894,0.282,0.064,0.495,0.331,0.719,0.404,0.385,0.066,0.708,0.986,0.095,0.495,0.635,0.807,0.923
234,0.267,0.829,0.73,0.421,0.465,0.045,0.447,0.865,0.224,0.914,0.989,0.087,0.986,0.417,0.805,0.23,0.961,0.42,0.533,0.844,0.242,0.071,0.194,0.914,0.412,0.382,0.196,0.852,0.451,0.853,0.03,0.198,0.322,0.464,0.466,0.213,0.617,0.301,0.899,0.039,0.145,0.833,0.28,0.587,0.486,0.018,0.2,0.172,0.169,0.853,0.046,0.422,0.516,0.174,0.73,0.179,0.858,0.076,0.69,0.706,0.37,0.49,0.209,0.417
236,0.613,0.534,0.125,0.527,0.946,0.289,0.425,0.438,0.746,0.374,0.052,0.914,0.464,0.925,0.173,0.627,0.131,0.797,0.147,0.574,0.101,0.007,0.641,0.011,0.781,0.41,0.93,0.384,0.188,0.69,0.48,0.26,0.641,0.958,0.779,0.063,0.095,0.395,0.424,0.736,0.341,0.496,0.51,0.564,0.668,0.796,0.784,0.162,0.846,0.391,0.274,0.065,0.212,0.789,0.601,0.269,0.647,0.181,0.968,0.111,0.965,0.544,0.571,0.501
238,0.898,0.243,0.264,0.992,0.024,0.61,0.42,0.633,0.158,0.512,0.433,0.674,0.4,0.322,0.107,0.201,0.218,0.068,0.423,0.613,0.97,0.589,0.907,0.499,0.522,0.373,0.591,0.37,0.268,0.504,0.801,0.762,0.137,0.249,0.904,0.335,0.252,0.652,0.075,0.797,0.015,0.093,0.946,0.362,0.988,0.871,0.341,0.581,0.27,0.843,0.441,0.867,0.938,0.237,0.218,0.249,0.007,0.212,0.622,0.928,0.737,0.749,0.068,0.508
240,0.109,0.128,0.337,0.782,0.427,0.254,0.181,0.311,0.512,0.603,0.866,0.362,0.986,0.628,0.045,0.146,0.826,0.75,0.642,0.842,0.281,0.539,0.918,0.844,0.648,0.087,0.383,0.642,0.06,0.31,0.967,0.054,0.716,0.985,0.349,0.769,0.679,0.315,0.806,0.624,0.75,0.183,0.555,0.846,0.247,0.328,0.943,0.129,0.391,0.997,0.876,0.887,0.948,0.076,0.239,0.866,0.707,0.47,0.025,0.078,0.878,0.214,0.355,0.89
242,0.809,0.398,0.237,0.655,0.619,0.321,0.672,0.241,0.555,0.745,0.09,0.921,0.028,0.07,0.426,0.464,0.624,0.406,0.96,0.198,0.313,0.771,0.606,0.213,0.201,0.221,0.115,0.553,0.831,0.654,0.212,0.433,0.23,0.424,0.467,0.21,0.299,0.025,0.322,0.149,0.156,0.608,0.522,0.792,0.076,0.713,0.238,0.525,0.765,0.961,0.382,0.602,0.61,0.87,0.459,0.775,0.461,0.603,0.681,0.616,0.68,0.025,0.352,0.332
244,0.061,0.382,0.838,0.432,0.732,0.802,0.137,0.88,0.017,0.88,0.138,0.841,0.943,0.433,0.337,0.005,0.752,0.482,0.78,0.952,0.87,0.764,0.564,0.811,0.92,0.984,0.285,0.329,0.826,0.332,0.101,0.883,0.173,0.618,0.187,0.402,0.578,0.707,0.914,0.053,0.305,0.846,0.144,0.422,0.512,0.415,0.128,0.129,0.885,0.432,0.134,0.345,0.049,0.311,0.991,0.305,0.735,0.251,0.32,0.352,0.876,0.287,0.075,0.587
246,0.035,0.665,0.165,0.519,0.085,0.252,0.823,0.466,0.076,0.614,0.591,0.886,0.111,0.059,0.03,0.846,0.19,0.061,0.471,0.268,0.863,0.156,0.968,0.495,0.272,0.329,0.634,0.49,0.813,0.838,0.169,0.535,0.834,0.911,0.946,0.885,0.759,0.791,0.296,0.273,0.146,0.629,0.59,0.625,0.432,0.8,0.502,0.087,0.842,0.812,0.671,0.265,0.12,0.187,0.181,0.113,0.92,0.585,0.347,0.146,0.272,0.944,0.591,0.854
248,0.164,0.162,0.804,0.075,0.425,0.564,0.714,0.166,0.397,0.486,0.684,0.897,0.225,0.751,0.759,0.017,0.255,0.09,0.091,0.759,0.028,0.949,0.634,0.519,0.356,0.657,0.067,0.236,0.315,0.013,0.76,0.125,0.359,0.738,0.37,0.222,0.926,0.474,0.793,0.924,0.707,0.668,0.68,0.785,0.389,0.739,0.622,0.26,0.499,0.968,0.326,0.993,0.314,0.431,0.704,0.094,0.593,0.1,0.035,0.376,0.479,0.408,0.625,0.47
250,0.261,0.958,0.436,0.461,0.088,0.308,0.542,0.281,0.993,0.589,0.94,0.055,0.005,0.256,0.422,0.508,0.573,0.699,0.01,0.811,0.787,0.354,0.903,0.093,0.447,0.274,0.314,0.637,0.953,0.727,0.879,0.271,0.618,0.676,0.37,0.589,0.217,0.199,0.251,0.407,0.546,0.844,0.61,0.839,0.957,0.513,0.364,0.553,0.712,0.324,0.992,0.88,0.543,0.16,0.433,0.602,0.103,0.864,0.88,0.219,0.605,0.84,0.139,0.742
252,0.255,0.467,0.933,0.318,0.846,0.324,0.797,0.017,0.651,0.957,0.235,0.925,0.665,0.605,0.884,0.409,0.398,0.76,0.72,0.517,0.27,0.028,0.125,0.93,0.057,0.802,0.433,0.453,0.293,0.226,0.756,0.816,0.404,0.252,0.807,0.499,0.04,0.28,0.768,0.343,0.238,0.73,0.728,0.952,0.315,0.728,0.531,0.566,0.674,0.474,0.338,0.416,0.875,0.124,0.945,0.503,0.127,0.84,0.881,0.413,0.855,0.721,0.127,0.967
254,0.18,0.421,0.316,0.635,0.672,0.145,0.61,0.545,0.127,0.715,0.556,0.596,0.629,0.765,0.933,0.438,0.277,0.182,0.099,0.966,0.16,0.62,0.714,0.705,0.571,0.058,0.006,0.643,0.35,0.806,0.212,0.429,0.554,0.78,0.465,0.705,0.561,0.71,0.338,0.109,0.193,0.651,0.579,0.312,0.01,0.383,0.116,0.708,0.639,0.016,0.207,0.424,0.314,0.479,0.236,0.35,0.937,0.83,0.051,0.273,0.507,0.121,0.543,0.122
256,0.681,0.149,0.401,0.894,0.957,0.783,0.489,0.165,0.315,0.869,0.217,0.597,0.762,0.963,0.738,0.035,0.625,0.955,0.963,0.03,0.092,0.372,0.255,0.352,0.424,0.788,0.952,0.269,0.283,0.734,0.076,0.729,0.059,0.5,0.28,0.826,0.192,0.329,0.098,0.6,0.982,0.29,0.438,0.084,0.738,0.793,0.822,0.867,0.474,0.548,0.067,0.927,0.048,0.467,0.326,0.048,0.221,0.588,0.717,0.864,0.118,0.649,0.929,0.127
258,0.941,0.335,0.062,0.085,0.629,0.875,0.684,0.023,0.21,0.333,0.094,0.194,0.622,0.238,0.245,0.568,0.297,0.516,0.707,0.677,0.246,0.94,0.88,0.648,0.663,0.961,0.029,0.72,0.506,0.396,0.415,0.015,0.105,0.712,0.629,0.484,0.906,0.968,0.746,0.143,0.587,0.811,0.207,0.225,0.002,0.374,0.156,0.264,0.995,0.366,0.718,0.608,0.439,0.141,0.231,0.963,0.264,0.047,0.375,0.243,0.1,0.759,0.653,0.808
260,0.239,0.93,0.164,0.94,0.834,0.164,0.75,0.013,0.556,0.678,0.45,0.86,0.826,0.738,0.554,0.613,0.893,0.707,0.42,0.647,0.458,0.361,0.78,0.121,0.098,0.687,0.044,0.429,0.773,0.401,0.574,0.042,0.313,0.58,0.929,0.081,0.763,0.799,0.213,0.454,0.54,0.088,0.824,0.462,0.631,0.51,0.2,0.961,0.863,0.783,0.986,0.07,0.193,0.151,0.232,0.731,0.058,0.662,0.05,0.146,0.236,0.719,0.366,0.04
262,0.57,0.876,0.814,0.163,0.127,0.652,0.485,0.619,0.492,0.49,0.015,0.081,0.026,0.838,0.658,0.797,0.334,0.619,0.832,0.746,0.484,0.954,0.271,0.232,0.979,0.279,0.308,0.626,0.477,0.957,0.988,0.944,0.074,0.303,0.405,0.676,0.129,0.465,0.594,0.934,0.632,0.33,0.142,0.537,0.054,0.122,0.226,0.152,0.649,0.805,0.354,0.375,0.764,0.737,0.757,0.219,0.469,0.003,0.504,0.222,0.412,0.153,0.473,0.722
264,0.084,0.017,0.92,0.695,0.585,0.529,0.796,0.168,0.632,0.592,0.093,0.415,0.157,0.555,0.736,0.228,0.495,0.971,0.746,0.319,0.869,0.951,0.241,0.427,0.204,0.319,0.657,0.475,0.344,0.465,0.895,0.832,0.321,0.197,0.521,0.456,0.375,0.395,0.493,0.703,0.103,0.866,0.246,0.657,0.67,0.668,0.296,0.631,0.644,0.457,0.163,0.329,0.836,0.629,0.173,0.264,0.721,0.7,0.097,0.426,0.624,0.096,0.271,0.05
266,0.663,0.048,0.9,0.532,0.794,0.871,0.038,0.835,0.914,0.5,0.855,1.0,0.459,0.987,0.01,0.044,0.114,0.404,0.583,0.336,0.455,0.653,0.411,0.921,0.048,0.621,0.293,0.217,0.828,0.577,0.574,0.904,0.919,0.64,0.369,0.35,0.958,0.98,0.017,0.873,0.128,0.448,0.3,0.696,0.204,0.086,0.007,0.835,0.632,0.086,0.597,0.356,0.677,0.384,0.257,0.331,0.793,0.613,0.768,0.437,0.961,0.635,0.326,0.965
268,0.018,0.158,0.211,0.442,0.383,0.549,0.571,0.358,0.551,0.181,0.432,0.245,0.267,0.053,0.55,0.711,0.362,0.323,0.542,0.23,0.061,0.212,0.95,0.591,0.308,0.243,0.799,0.484,0.93,0.838,0.499,0.18,0.695,0.422,0.238,0.17,0.133,0.381,0.738,0.433,0.064,0.859,0.89,0.284,0.224,0.479,0.96,0.441,0.901,0.489,0.494,0.338,0.279,0.968,0.96,0.789,0.111,0.314,0.556,0.595,0.581,0.748,0.284,0.873
270,0.048,0.303,0.672,0.41,0.768,0.039,0.864,0.764,0.766,0.99,0.001,0.277,0.218,0.215,0.274,0.25,0.458,0.029,0.059,0.806,0.29,0.485,0.904,0.243,0.159,0.458,0.64,0.477,0.85,0.439,0.418,0.752,0.632,0.869,0.094,0.56,0.345,0.891,0.967,0.591,0.091,0.067,0.143,0.281,0.599,0.797,0.914,0.23,0.052,0.286,0.993,0.801,0.394,0.737,0.46,0.446,0.06,0.903,0.841,0.156,0.012,0.151,0.489,0.865
272,0.43,0.876,0.37,0.116,0.117,0.501,0.881,0.927,0.76,0.172,0.327,0.97,0.849,0.91,0.956,0.451,0.533,0.702,0.149,0.903,0.865,0.011,0.569,0.763,0.259,0.954,0.563,0.259,0.169,0.122,0.557,0.294,0.082,0.586,0.886,0.27,0.156,0.469,0.53,0.885,0.979,0.841,0.816,0.329,0.971,0.998,0.336,0.038,0.66,0.349,0.087,0.14,0.744,0.422,0.761,0.562,0.736,0.751,0.422,0.346,0.918,0.704,0.3,0.193
274,0.619,0.247,0.962,0.256,0.977,0.129,0.189,0.117,0.482,0.726,0.326,0.732,0.452,0.427,0.765,0.572,0.682,0.353,0.711,0.509,0.28,0.473,0.375,0.311,0.196,0.469,0.425,0.566,0.003,0.302,0.013,0.281,0.215,0.087,0.545,0.847,0.395,0.773,0.225,0.512,0.806,0.302,0.872,0.753,0.542,0.635,0.686,0.093,0.136,0.605,0.414,0.59,0.314,0.206,0.684,0.005,0.626,0.944,0.452,0.944,0.485,0.938,0.734,0.046
276,0.913,0.588,0.32,0.685,0.731,0.015,0.807,0.614,0.096,0.51,0.134,0.406,0.193,0.955,0.35,0.294,0.051,0.53,0.981,0.14,0.507,0.396,0.582,0.123,0.48,0.246,0.351,0.565,0.293,0.991,0.276,0.776,0.161,0.557,0.728,0.746,0.97,0.056,0.421,0.705,0.467,0.971,0.548,0.447,0.984,0.622,0.664,0.022,0.998,0.726,0.365,0.99,0.991,0.548,0.403,0.644,0.767,0.07,0.052,0.772,0.027,0.4,0.841,0.295
278,0.263,0.089,0.248,0.457,0.654,0.896,0.551,0.802,0.246,0.56,0.955,0.752,0.74,0.752,0.564,0.443,0.023,0.367,0.48,0.655,0.665,0.703,0.256,0.757,0.225,0.869,0.876,0.367,0.477,0.868,0.171,0.306,0.349,0.573,0.26,0.24,0.11,0.719,0.541,0.004,0.149,0.351,0.34,0.494,0.785,0.366,0.217,0.847,0.19,0.437,0.638,0.269,0.139,0.257,0.234,0.413,0.418,0.985,0.524,0.229,0.403,0.882,0.347,0.097
280,0.307,0.756,0.531,0.403,0.732,0.116,0.929,0.05,0.417,0.381,0.354,0.937,0.073,0.069,0.092,0.084,0.294,0.408,0.595,0.2,0.492,0.244,0.132,0.553,0.998,0.06,0.403,0.083,0.136,0.473,0.457,0.419,0.708,0.618,0.251,0.057,0.222,0.504,0.409,0.654,0.509,0.699,0.108,0.477,0.985,0.743,0.21,0.28,0.277,0.887,0.095,0.388,0.72,0.62,0.636,0.955,0.08,0.895,0.261,0.65,0.95,0.757,0.846,0.562
282,0.571,0.33,0.03,0.803,0.125,0.774,0.435,0.692,0.541,0.832,0.026,0.079,0.599,0.62,0.193,0.896,0.015,0.727,0.122,0.88,0.73,0.455,0.486,0.815,0.263,0.24,0.892,0.694,0.039,0.707,0.404,0.166,0.328,0.871,0.768,0.798,0.181,0.385,0.81,0.66,0.384,0.437,0.344,0.36,0.765,0.301,0.732,0.818,0.608,0.175,0.434,0.973,0.342,0.2,0.42,0.132,0.162,0.32,0.158,0.319,0.994,0.676,0.134,0.658
284,0.736,0.224,0.274,0.976,0.577,0.358,0.617,0.249,0.514,0.033,0.658,0.005,0.721,0.839,0.249,0.898,0.581,0.087,0.26,0.838,0.179,0.857,0.05,0.829,0.702,0.801,0.533,0.44,0.597,0.602,0.369,0.846,0.478,0.667,0.832,0.739,0.815,0.896,0.919,0.363,0.736,0.719,0.262,0.204,0.752,0.672,0.251,0.14,0.277,0.581,0.703,0.673,0.316,0.6,0.995,0.538,0.444,0.422,0.341,0.648,0.788,0.767,0.046,0.88
286,0.34,0.561,0.706,0.452,0.73,0.509,0.029,0.683,0.633,0.853,0.628,0.555,0.184,0.422,0.032,0.329,0.818,0.464,0.907,0.018,0.616,0.078,0.761,0.59,0.856,0.128,0.844,0.817,0.745,0.653,0.453,0.743,0.791,0.188,0.254,0.106,0.827,0.699,0.388,0.136,0.676,0.357,0.36,0.5,0.692,0.38,0.388,0.789,0.208,0.6,0.838,0.016,0.305,0.026,0.703,0.931,0.721,0.591,0.275,0.299,0.803,0.617,0.218,0.049
288,0.717,0.463,0.543,0.737,0.65,0.039,0.657,0.164,0.459,0.01,0.968,0.227,0.106,0.297,0.859,0.855,0.979,0.841,0.695,0.084,0.418,0.073,0.607,0.396,0.448,0.103,0.811,0.511,0.885,0.746,0.587,0.668,0.018,0.317,0.2,0.21,0.443,0.897,0.523,0.164,0.827,0.397,0.045,0.53,0.42,0.514,0.332,0.936,0.946,0.042,0.655,0.201,0.791,0.752,0.77,0.843,0.353,0.753,0.463,0.386,0.237,0.602,0.995,0.974
290,0.421,0.611,0.292,0.953,0.234,0.823,0.714,0.931,0.779,0.222,0.155,0.549,0.052,0.503,0.969,0.473,0.832,0.365,0.657,0.652,0.991,0.478,0.976,0.717,0.053,0.997,0.564,0.227,0.302,0.168,0.209,0.716,0.705,0.314,0.112,0.197,0.081,0.686,0.176,0.173,0.136,0.921,0.391,0.687,0.047,0.934,0.971,0.604,0.922,0.651,0.183,0.877,0.713,0.353,0.944,0.23,0.424,0.903,0.242,0.657,0.247,0.709,0.552,0.422
292,0.031,0.553,0.422,0.871,0.377,0.071,0.324,0.319,0.632,0.041,0.079,0.687,0.976,0.014,0.565,0.284,0.406,0.415,0.326,0.83,0.942,0.9,0.75,0.209,0.306,0.462,0.957,0.116,0.285,0.696,0.624,0.267,0.062,0.296,0.152,0.418,0.736,0.22,0.2,0.522,0.69,0.642,0.143,0.947,0.165,0.834,0.197,0.809,0.299,0.435,0.836,0.419,0.978,0.477,0.037,0.399,0.304,0.742,0.189,0.251,0.486,0.718,0.291,0.305
294,0.099,0.763,0.956,0.647,0.986,0.731,0.603,0.053,0.678,0.817,0.463,0.369,0.622,0.204,0.513,0.864,0.476,0.104,0.456,0.977,0.036,0.917,0.599,0.972,0.546,0.033,0.328,0.774,0.757,0.638,0.966,0.3,0.403,0.51,0.931,0.299,0.827,0.674,0.362,0.362,0.659,0.26,0.317,0.655,0.089,0.69,0.537,0.89,0.802,0.781,0.759,0.512,0.803,0.037,0.119,0.563,0.608,0.497,0.449,0.639,0.28,0.04,0.742,0.608
296,0.519,0.899,0.104,0.743,0.237,0.282,0.392,0.165,0.518,0.13,0.232,0.3,0.953,0.474,0.207,0.478,0.037,0.754,0.824,0.305,0.368,0.669,0.853,0.605,0.443,0.854,0.209,0.856,0.791,0.285,0.563,0.832,0.792,0.72,0.321,0.526,0.824,0.848,0.955,0.672,0.274,0.969,0.002,0.572,0.926,0.409,0.407,0.209,0.721,0.732,0.102,0.018,0.975,0.929,0.527,0.808,0.029,0.717,0.327,0.911,0.813,0.324,0.273,0.412
298,0.092,0.413,0.477,0.676,0.829,0.021,0.349,0.853,0.119,0.548,0.152,0.947,0.319,0.976,0.072,0.395,0.679,0.743,0.024,0.839,0.999,0.056,0.742,0.424,0.054,0.809,0.502,0.787,0.399,0.434,0.707,0.263,0.673,0.501,0.796,0.124,0.495,0.409,0.373,0.702,0.75,0.274,0.2,0.042,0.562,0.438,0.214,0.651,0.703,0.181,0.465,0.885,0.527,0.44,0.367,0.382,0.931,0.131,0.219,0.4,0.197,0.588,0.992,0.6
300,0.402,0.15,0.196,0.823,0.856,0.441,0.187,0.696,0.414,0.47,0.745,0.837,0.211,0.14,0.506,0.604,0.084,0.988,0.755,0.821,0.412,0.371,0.54,0.593,0.109,0.665,0.695,0.517,0.013,0.117,0.008,0.957,0.094,0.903,0.877,0.282,0.187,0.538,0.254,0.755,0.62,0.104,0.484,0.109,0.874,0.786,0.215,0.967,0.597,0.507,0.253,0.059,0.954,0.311,0.967,0.189,0.414,0.762,0.387,0.128,0.828,0.437,0.19,0.978
302,0.373,0.139,0.671,0.664,0.559,0.589,0.056,0.166,0.983,0.297,0.156,0.313,0.563,0.435,0.112,0.087,0.664,0.082,0.963,0.891,0.547,0.945,0.307,0.275,0.408,0.411,0.604,0.598,0.271,0.933,0.018,0.817,0.449,0.48,0.116,0.469,0.86,0.792,0.888,0.919,0.588,0.882,0.576,0.307,0.809,0.736,0.263,0.67,0.72,0.766,0.469,0.975,0.34,0.09,0.086,0.111,0.385,0.914,0.108,0.151,0.356,0.744,0.267,0.116
304,0.636,0.748,0.071,0.885,0.389,0.018,0.015,0.338,0.72,0.151,0.022,0.296,0.134,0.904,0.537,0.258,0.288,0.503,0.076,0.615,0.174,0.088,0.082,0.898,0.762,0.905,0.003,0.337,0.04,0.382,0.591,0.777,0.584,0.601,0.999,0.727,0.582,0.038,0.296,0.785,0.235,0.68,0.041,0.682,0.136,0.532,0.043,0.382,0.018,0.543,0.955,0.705,0.166,0.906,0.889,0.988,0.003,0.848,0.924,0.745,0.856,0.889,0.491,0.654
306,0.895,0.113,0.356,0.947,0.378,0.467,0.12,0.562,0.696,0.665,0.793,0.78,0.503,0.801,0.703,0.476,0.176,0.499,0.522,0.772,0.58,0.43,0.732,0.66,0.104,0.783,0.712,0.991,0.92,0.162,0.891,0.875,0.798,0.269,0.383,0.963,0.008,0.76,0.673,0.715,0.489,0.65,0.408,0.653,0.473,0.62,0.727,0.791,0.757,0.864,0.843,0.321,0.017,0.578,0.044,0.892,0.952,0.257,0.507,0.949,0.256,0.447,0.758,0.11
308,0.4,0.315,0.739,0.377,0.002,0.531,0.378,0.329,0.653,0.26,0.801,0.905,0.895,0.939,0.165,0.713,0.232,0.132,0.073,0.476,0.738,0.275,0.726,0.704,0.235,0.13,0.644,0.486,0.369,0.193,0.357,0.475,0.444,0.671,0.579,0.124,0.457,0.685,0.024,0.013,0.71,0.716,0.451,0.261,0.335,0.068,0.819,0.394,0.557,0.623,0.159,0.704,0.931,0.952,0.072,0.352,0.548,0.722,0.773,0.749,0.63,0.163,0.539,0.124
310,0.825,0.67,0.375,0.091,0.106,0.13,0.445,0.398,0.118,0.286,0.836,0.035,0.276,0.543,0.21,0.197,0.689,0.735,0.159,0.58,0.454,0.38,0.102,0.252,0.504,0.013,0.094,0.851,0.321,0.947,0.517,0.408,0.918,0.256,0.413,0.055,0.113,0.44,0.259,0.54,0.717,0.953,0.437,0.119,0.64,0.719,0.005,0.536,0.548,0.752,0.648,0.361,0.721,0.337,0.511,0.627,0.034,0.201,0.283,0.001,0.761,0.314,0.929,0.487
312,0.113,0.598,0.315,0.245,0.826,0.509,0.991,0.499,0.099,0.241,0.17,0.203,0.682,0.879,0.737,0.077,0.527,0.153,0.712,0.799,0.877,0.119,0.127,0.856,0.669,0.417,0.915,0.648,0.184,0.956,0.296,0.301,0.661,0.381,0.818,0.516,0.805,0.756,0.318,0.158,0.6,0.669,0.589,0.77,0.36,0.285,0.356,0.735,0.055,0.474,0.796,0.119,0.703,0.339,0.141,0.569,0.475,0.938,0.496,0.794,0.134,0.123,0.113,0.26
314,0.922,0.987,0.795,0.517,0.443,0.708,0.882,0.513,0.321,0.123,0.452,0.587,0.056,0.394,0.876,0.359,0.417,0.086,0.355,0.375,0.988,0.342,0.629,0.61,0.039,0.554,0.924,0.385,0.025,0.29,0.301,0.419,0.674,0.062,0.123,0.877,0.913,0.294,0.875,0.303,0.604,0.988,0.77,0.359,0.622,0.387,0.737,0.637,0.38,0.941,0.44,0.185,0.466,0.546,0.612,0.272,0.501,0.853,0.45,0.055,0.271,0.903,0.65,0.69
316,0.565,0.711,0.09,0.245,0.532,0.738,0.41,0.145,0.688,0.129,0.505,0.921,0.327,0.098,0.25,0.282,0.162,0.402,0.392,0.232,0.896,0.434,0.646,0.637,0.766,0.797,0.937,0.73,0.354,0.822,0.209,0.842,0.193,0.346,0.659,0.789,0.717,0.542,0.267,0.077,0.619,0.41,0.973,0.101,0.203,0.607,0.195,0.679,0.973,0.568,0.224,0.174,0.311,0.694,0.377,0.726,0.957,0.082,0.896,0.546,0.454,0.729,0.775,0.128
318,0.742,0.756,0.365,0.397,0.537,0.739,0.525,0.832,0.712,0.581,0.886,0.545,0.681,0.134,0.747,0.584,0.888,0.009,0.567,0.018,0.718,0.221,0.581,0.078,0.614,0.75,0.546,0.023,0.44,0.46,0.596,0.023,0.761,0.126,0.353,0.028,0.474,0.236,0.955,0.067,0.842,0.602,0.86,0.263,0.118,0.738,0.774,0.822,0.001,0.273,0.73,0.907,0.661,0.379,0.097,0.952,0.454,0.871,0.498,0.663,0.911,0.733,0.639,0.356
320,0.154,0.408,0.775,0.207,0.695,0.811,0.691,0.552,0.262,0.388,0.73,0.402,0.751,0.417,0.873,0.996,0.606,0.729,0.992,0.695,0.816,0.739,0.139,0.535,0.056,0.652,0.849,0.858,0.547,0.613,0.656,0.448,0.196,0.5,0.986,0.366,0.32,0.556,0.939,0.17,0.658,0.21,0.707,0.244,0.796,0.034,0.5,0.461,0.449,0.993,0.013,0.986,0.377,0.804,0.669,0.689,0.286,0.009,0.704,0.02,0.671,0.318,0.889,0.477
322,0.399,0.17,0.508,0.301,0.61,0.036,0.601,0.352,0.615,0.23,0.971,0.693,0.518,0.444,0.809,0.545,0.517,0.792,0.277,0.867,0.418,0.898,0.654,0.471,0.586,0.088,0.814,0.668,0.451,0.001,0.357,0.412,0.49,0.131,0.661,0.762,0.948,0.145,0.771,0.278,0.487,0.95,0.967,0.392,0.088,0.401,0.006,0.344,0.882,0.158,0.353,0.651,0.355,0.097,0.675,0.938,0.32,0.45,0.576,0.225,0.885,0.298,0.275,0.655
324,0.336,0.624,0.767,0.207,0.178,0.211,0.52,0.713,0.894,0.102,0.549,0.407,0.98,0.953,0.262,0.22,0.92,0.136,0.33,0.48,0.997,0.151,0.314,0.84,0.208,0.162,0.777,0.092,0.142,0.154,0.607,0.533,0.538,0.875,0.595,0.895,0.92,0.92,0.92,0.734,0.92,0.909,0.15,0.167,0.887,0.876,0.425,0.455,0.29,0.851,0.673,0.117,0.064,0.708,0.607,0.257,0.845,0.813,0.253,0.051,0.581,0.629,0.561,0.132
326,0.184,0.725,0.891,0.165,0.489,0.809,0.295,0.599,0.948,0.61,0.776,0.598,0.527,0.93,0.392,0.012,0.853,0.924,0.512,0.07,0.578,0.535,0.681,0.739,0.504,0.373,0.298,0.636,0.307,0.847,0.348,0.822,0.893,0.58,0.116,0.64,0.587,0.068,0.935,0.763,0.73,0.336,0.636,0.216,0.952,0.085,0.387,0.457,0.516,0.319,0.402,0.363,0.033,0.915,0.078,0.392,0.397,0.061,0.858,0.789,0.734,0.614,0.806,0.829
328,0.5,0.061,0.52,0.254,0.532,0.159,0.319,0.766,0.868,0.115,0.411,0.407,0.584,0.421,0.657,0.215,0.114,0.607,0.292,0.215,0.435,0.48,0.319,0.42,0.907,0.106,0.787,0.439,0.936,0.374,0.667,0.858,0.016,0.08,0.06,0.127,0.111,0.901,0.622,0.636,0.449,0.014,0.63,0.481,0.99,0.891,0.469,0.495,0.878,0.22,0.257,0.859,0.139,0.292,0.433,0.725,0.736,0.164,0.698,0.239,0.31,0.69,0.825,0.895
330,0.582,0.633,0.539,0.839,0.303,0.4,0.52,0.243,0.703,0.131,0.695,0.612,0.063,0.406,0.479,0.236,0.554,0.479,0.411,0.944,0.078,0.041,0.601,0.393,0.147,0.716,0.865,0.028,0.695,0.918,0.506,0.596,0.367,0.886,0.884,0.704,0.13,0.11,0.937,0.257,0.456,0.385,0.39,0.643,0.224,0.328,0.883,0.069,0.298,0.154,0.568,0.238,0.826,0.819,0.897,0.496,0.222,0.177,0.495,0.004,0.45,0.661,0.465,0.236
332,0.775,0.925,0.918,0.941,0.348,0.116,0.069,0.396,0.005,0.558,0.595,0.696,0.159,0.939,0.945,0.312,0.129,0.644,0.394,0.943,0.918,0.41,0.983,0.103,0.78,0.123,0.441,0.178,0.916,0.733,0.092,0.421,0.722,0.827,0.09,0.014,0.442,0.219,0.999,0.905,0.733,0.449,0.773,0.17,0.114,0.907,0.385,0.831,0.696,0.754,0.264,0.688,0.402,0.947,0.303,0.746,0.923,0.334,0.134,0.526,0.038,0.602,0.667,0.191
334,0.335,0.692,0.968,0.312,0.68,0.563,0.349,0.586,0.921,0.321,0.229,0.029,0.277,0.948,0.487,0.674,0.886,0.431,0.9,0.058,0.283,0.16,0.526,0.995,0.559,0.709,0.845,0.034,0.149,0.43,0.684,0.41,0.72,0.417,0.577,0.408,0.425,0.398,0.794,0.381,0.068,0.372,0.913,0.748,0.241,0.106,0.86,0.396,0.139,0.111,0.039,0.549,0.94,0.628,0.048,0.739,0.006,0.757,0.454,0.799,0.216,0.189,0.248,0.242
336,0.92,0.29,0.626,0.566,0.034,0.514,0.111,0.756,0.884,0.931,0.461,0.442,0.086,0.3,0.827,0.492,0.241,0.58,0.026,0.958,0.746,0.142,0.427,0.402,0.297,0.495,0.758,0.385,0.074,0.584,0.013,0.66,0.073,0.84,0.98,0.778,0.676,0.04,0.933,0.422,0.834,0.483,0.675,0.774,0.706,0.166,0.338,0.002,0.306,0.368,0.356,0.294,0.189,0.032,0.503,0.509,0.687,0.29,0.673,0.608,0.125,0.983,0.097,0.409
338,0.991,0.46,0.432,0.279,0.576,0.264,0.57,0.068,0.266,0.122,0.437,0.868,0.143,0.149,0.729,0.874,0.907,0.984,0.879,0.08,0.023,0.577,0.348,0.829,0.461,0.554,0.019,0.702,0.251,0.382,0.435,0.956,0.989,0.49,0.002,0.093,0.989,0.393,0.967,0.758,0.413,0.988,0.302,0.847,0.129,0.475,0.251,0.509,0.511,0.05,0.18,0.674,0.958,0.372,0.76,0.615,0.51,0.856,0.14,0.796,0.579,0.114,0.103,0.312
340,0.91,0.883,0.358,0.268,0.851,0.018,0.192,0.834,0.415,0.902,0.049,0.677,0.524,0.686,0.127,0.766,0.864,0.607,0.346,0.868,0.369,0.016,0.465,0.756,0.994,0.65,0.429,0.809,0.248,0.148,0.29,0.511,0.794,0.21,0.668,0.148,0.128,0.691,0.885,0.312,0.436,0.294,0.459,0.125,0.695,0.149,0.572,0.203,0.783,0.814,0.402,0.737,0.031,0.657,0.146,0.131,0.072,0.324,0.134,0.078,0.798,0.082,0.243,0.948
342,0.981,0.725,0.648,0.921,0.387,0.688,0.212,0.248,0.478,0.104,0.943,0.73,0.61,0.031,0.706,0.704,0.395,0.048,0.14,0.188,0.9,0.213,0.028,0.675,0.686,0.707,0.441,0.574,0.024,0.778,0.243,0.745,0.806,0.041,0.568,0.625,0.555,0.037,0.892,0.284,0.877,0.553,0.789,0.96,0.596,0.732,0.363,0.948,0.244,0.087,0.922,0.405,0.771,0.338,0.971,0.075,0.618,0.412,0.95,0.173,0.958,0.335,0.202,0.616
344,0.007,0.85,0.054,0.82,0.89,0.172,0.928,0.265,0.0,0.547,0.872,0.47,0.963,0.637,0.488,0.016,0.126,0.981,0.313,0.228,0.608,0.721,0.606,0.145,0.625,0.997,0.96,0.26,0.48,0.329,0.337,0.046,0.105,0.98,0.299,0.965,0.559,0.248,0.878,0.028,0.603,0.371,0.982,0.451,0.983,0.058,0.138,0.579,0.332,0.508,0.22,0.71,0.032,0.426,0.989,0.908,0.997,0.4,0.105,0.503,0.271,0.717,0.63,0.925
346,0.584,0.228,0.453,0.587,0.938,0.716,0.595,0.742,0.984,0.536,0.663,0.314,0.553,0.944,0.242,0.944,0.558,0.204,0.518,0.06,0.407,0.799,0.16,0.554,0.241,0.457,0.434,0.507,0.24,0.013,0.758,0.73,0.355,0.153,0.506,0.214,0.34,0.989,0.044,0.313,0.488,0.369,0.417,0.849,0.041,0.427,0.126,0.068,0.959,0.515,0.658,0.576,0.753,0.485,0.928,0.666,0.276,0.868,0.488,0.881,0.0,0.679,0.104,0.374
348,0.174,0.065,0.453,0.361,0.75,0.215,0.242,0.238,0.766,0.951,0.261,0.833,0.045,0.466,0.414,0.222,0.121,0.89,0.592,0.684,0.579,0.728,0.119,0.392,0.18,0.486,0.22,0.223,0.699,0.043,0.187,0.609,0.172,0.129,0.438,0.606,0.12,0.102,0.41,0.759,0.52,0.712,0.609,0.642,0.212,0.049,0.74,0.79,0.747,0.718,0.831,0.221,0.676,0.349,0.202,0.232,0.497,0.161,0.578,0.254,0.709,0.127,0.7,0.318
350,0.901,0.309,0.053,0.048,0.626,0.734,0.074,0.864,0.821,0.521,0.297,0.012,0.39,0.551,0.691,0.712,0.655,0.092,0.99,0.644,0.592,0.758,0.013,0.148,0.495,0.035,0.756,0.242,0.123,0.44,0.154,0.092,0.333,0.863,0.086,0.77,0.602,0.769,0.446,0.013,0.03,0.539,0.924,0.824,0.401,0.299,0.3,0.853,0.828,0.861,0.474,0.686,0.517,0.52,0.544,0.276,0.065,0.025,0.003,0.037,0.981,0.484,0.631,0.969
352,0.754,0.945,0.76,0.419,0.846,0.834,0.964,0.766,0.45,0.738,0.438,0.339,0.739,0.215,0.596,0.308,0.567,0.825,0.24,0.556,0.255,0.782,0.765,0.749,0.804,0.382,0.881,0.053,0.394,0.4,0.154,0.401,0.011,0.289,0.882,0.153,0.918,0.56,0.748,0.025,0.264,0.351,0.212,0.515,0.888,0.582,0.748,0.952,0.975,0.891,0.339,0.642,0.401,0.707,0.079,0.616,0.288,0.866,0.801,0.901,0.809,0.106,0.142,0.984
354,0.861,0.519,0.165,0.46,0.564,0.493,0.503,0.214,0.259,0.711,0.328,0.195,0.931,0.115,0.455,0.729,0.205,0.654,0.97,0.043,0.385,0.307,0.484,0.468,0.942,0.78,0.868,0.692,0.237,0.412,0.745,0.607,0.079,0.781,0.025,0.442,0.334,0.644,0.73,0.47,0.71,0.919,0.371,0.965,0.539,0.248,0.956,0.161,0.814,0.524,0.886,0.262,0.118,0.255,0.824,0.319,0.203,0.715,0.602,0.61,0.004,0.405,0.874,0.294
356,0.818,0.776,0.29,0.962,0.402,0.475,0.131,0.161,0.761,0.676,0.443,0.306,0.18,0.929,0.143,0.009,0.118,0.509,0.644,0.308,0.953,0.934,0.959,0.322,0.899,0.381,0.042,0.788,0.389,0.573,0.414,0.507,0.417,0.143,0.511,0.014,0.255,0.032,0.739,0.153,0.561,0.294,0.428,0.346,0.971,0.243,0.183,0.141,0.626,0.897,0.42,0.191,0.298,0.812,0.105,0.439,0.991,0.42,0.101,0.089,0.818,0.303,0.786,0.73
358,0.829,0.913,0.147,0.752,0.419,0.9,0.795,0.967,0.321,0.464,0.294,0.428,0.447,0.216,0.225,0.964,0.297,0.077,0.261,0.424,0.267,0.536,0.66,0.018,0.886,0.337,0.186,0.33,0.068,0.314,0.781,0.33,0.588,0.171,0.395,0.97,0.529,0.891,0.485,0.762,0.431,0.103,0.019,0.836,0.124,0.401,0.259,0.508,0.103,0.654,0.693,0.631,0.652,0.596,0.622,0.856,0.987,0.256,0.781,0.722,0.935,0.483,0.229,0.986
360,0.594,0.905,0.253,0.582,0.167,0.391,0.866,0.716,0.342,0.635,0.152,0.429,0.272,0.542,0.063,0.613,0.1,0.633,0.641,0.416,0.956,0.465,0.292,0.863,0.668,0.835,0.752,0.215,0.8,0.494,0.446,0.575,0.476,0.396,0.519,0.3,0.978,0.31,0.277,0.858,0.9,0.426,0.913,0.855,0.299,0.438,0.301,0.597,0.935,0.15,0.289,0.47,0.782,0.253,0.848,0.216,0.285,0.399,0.627,0.42,0.187,0.534,0.246,0.379
362,0.544,0.237,0.733,0.913,0.586,0.641,0.445,0.002,0.837,0.061,0.504,0.937,0.102,0.958,0.52,0.099,0.696,0.674,0.925,0.904,0.664,0.911,0.151,0.313,0.618,0.205,0.563,0.889,0.003,0.298,0.603,0.644,0.44,0.049,0.765,0.435,0.306,0.079,0.995,0.165,0.342,0.083,0.961,0.23,0.799,0.467,0.658,0.279,0.074,0.233,0.354,0.708,0.946,0.088,0.902,0.602,0.213,0.812,0.744,0.612,0.56,0.611,0.258,0.353
364,0.332,0.095,0.849,0.332,0.896,0.311,0.066,0.571,0.093,0.853,0.584,0.938,0.394,0.352,0.206,0.837,0.57,0.121,0.205,0.469,0.385,0.791,0.274,0.797,0.855,0.746,0.417,0.381,0.456,0.72,0.265,0.284,0.545,0.59,0.645,0.306,0.491,0.636,0.488,0.487,0.375,0.89,0.718,0.82,0.117,0.364,0.823,0.099,0.852,0.365,0.091,0.844,0.103,0.498,0.156,0.035,0.854,0.039,0.998,0.037,0.307,0.106,0.973,0.086
366,0.841,0.105,0.062,0.85,0.998,0.69,0.643,0.891,0.098,0.889,0.645,0.957,0.028,0.094,0.082,0.102,0.707,0.174,0.898,0.9,0.607,0.097,0.595,0.804,0.535,0.502,0.203,0.297,0.857,0.845,0.895,0.921,0.018,0.572,0.39,0.314,0.9,0.88,0.294,0.69,0.255,0.865,0.314,0.515,0.41,0.467,0.931,0.967,0.167,0.829,0.212,0.598,0.291,0.405,0.278,0.786,0.197,0.539,0.463,0.613,0.498,0.958,0.459,0.589
368,0.342,0.173,0.691,0.512,0.26,0.34,0.624,0.046,0.547,0.159,0.258,0.658,0.784,0.904,0.447,0.022,0.504,0.569,0.859,0.888,0.243,0.432,0.147,0.594,0.991,0.732,0.395,0.641,0.519,0.718,0.655,0.723,0.797,0.689,0.674,0.045,0.081,0.301,0.011,0.376,0.068,0.472,0.899,0.771,0.799,0.561,0.639,0.765,0.281,0.382,0.658,0.624,0.708,0.134,0.907,0.093,0.266,0.165,0.574,0.428,0.942,0.652,0.939,0.468
370,0.287,0.554,0.74,0.919,0.097,0.208,0.164,0.288,0.764,0.816,0.081,0.732,0.676,0.735,0.067,0.612,0.343,0.866,0.62,0.473,0.458,0.756,0.935,0.761,0.238,0.517,0.743,0.135,0.127,0.928,0.01,0.652,0.925,0.79,0.405,0.262,0.213,0.981,0.897,0.235,0.648,0.851,0.09,0.186,0.167,0.053,0.879,0.471,0.947,0.171,0.87,0.899,0.265,0.711,0.084,0.483,0.907,0.589,0.73,0.273,0.791,0.101,0.539,0.989
372,0.245,0.445,0.008,0.736,0.942,0.009,0.045,0.454,0.634,0.624,0.076,0.33,0.369,0.034,0.516,0.933,0.691,0.378,0.487,0.561,0.499,0.28,0.106,0.053,0.359,0.075,0.975,0.701,0.136,0.769,0.607,0.015,0.72,0.899,0.863,0.352,0.311,0.962,0.306,0.218,0.998,0.925,0.741,0.651,0.27,0.882,0.862,0.94,0.095,0.192,0.771,0.855,0.569,0.455,0.846,0.656,0.752,0.998,0.483,0.059,0.933,0.178,0.767,0.794
374,0.654,0.147,0.309,0.647,0.244,0.536,0.394,0.763,0.244,0.32,0.186,0.938,0.782,0.383,0.819,0.737,0.108,0.366,0.883,0.904,0.56,0.709,0.835,0.848,0.247,0.471,0.084,0.621,0.929,0.587,0.58,0.498,0.039,0.04,0.634,0.021,0.185,0.858,0.06,0.078,0.909,0.666,0.085,0.852,0.173,0.207,0.254,0.123,0.43,0.475,0.692,0.68,0.428,0.672,0.408,0.092,0.718,0.36,0.227,0.903,0.298,0.792,0.315,0.082
376,0.344,0.208,0.466,0.844,0.511,0.59,0.699,0.409,0.457,0.978,0.015,0.58,0.535,0.714,0.197,0.215,0.63,0.083,0.827,0.454,0.684,0.641,0.888,0.324,0.505,0.23,0.868,0.636,0.031,0.903,0.983,0.161,0.869,0.495,0.117,0.832,0.667,0.464,0.018,0.576,0.355,0.039,0.084,0.315,0.372,0.406,0.091,0.26,0.544,0.137,0.684,0.675,0.711,0.294,0.965,0.019,0.968,0.134,0.739,0.405,0.955,0.482,0.76,0.904
378,0.479,0.271,0.915,0.47,0.984,0.217,0.536,0.579,0.537,0.505,0.308,0.703,0.979,0.374,0.973,0.184,0.222,0.16,0.004,0.124,0.043,0.774,0.564,0.239,0.537,0.932,0.07,0.219,0.877,0.778,0.708,0.428,0.083,0.787,0.273,0.906,0.19,0.361,0.463,0.68,0.975,0.65,0.141,0.296,0.07,0.026,0.304,0.692,0.061,0.403,0.653,0.289,0.249,0.732,0.375,0.794,0.003,0.05,0.969,0.635,0.79,0.922,0.184,0.211
380,0.097,0.049,0.185,0.355,0.839,0.186,0.197,0.599,0.328,0.92,0.651,0.194,0.661,0.006,0.129,0.316,0.977,0.622,0.08,0.937,0.44,0.331,0.4,0.878,0.5,0.452,0.269,0.735,0.97,0.475,0.76,0.27,0.271,0.476,0.946,0.996,0.082,0.445,0.08,0.252,0.529,0.186,0.667,0.677,0.382,0.12,0.027,0.769,0.176,0.75,0.007,0.675,0.169,0.032,0.862,0.139,0.394,0.236,0.928,0.619,0.427,0.06,0.71,0.947
382,0.206,0.817,0.823,0.873,0.613,0.681,0.568,0.775,0.076,0.396,0.37,0.815,0.079,0.386,0.646,0.938,0.977,0.254,0.867,0.975,0.977,0.802,0.849,0.9,0.71,0.945,0.134,0.75,0.551,0.236,0.266,0.176,0.094,0.623,0.723,0.361,0.214,0.826,0.518,0.239,0.102,0.369,0.098,0.466,0.785,0.426,0.884,0.964,0.961,0.46,0.877,0.452,0.442,0.031,0.79,0.037,0.222,0.272,0.21,0.92,0.381,0.222,0.253,0.8
384,0.112,0.698,0.545,0.515,0.638,0.913,0.329,0.771,0.303,0.935,0.135,0.872,0.38,0.748,0.89,0.032,0.16,0.262,0.31,0.443,0.982,0.673,0.58,0.675,0.922,0.679,0.608,0.047,0.24,0.206,0.903,0.002,0.23,0.163,0.454,0.948,0.106,0.319,0.805,0.364,0.195,0.808,0.177,0.756,0.63,0.116,0.327,0.652,0.633,0.08,0.045,0.544,0.716,0.165,0.238,0.501,0.018,0.934,0.52,0.596,0.991,0.159,0.122,0.881
386,0.677,0.012,0.081,0.093,0.179,0.647,0.696,0.215,0.808,0.706,0.786,0.91,0.011,0.11,0.379,0.292,0.319,0.976,0.732,0.227,0.004,0.749,0.563,0.192,0.403,0.71,0.702,0.601,0.871,0.993,0.574,0.754,0.879,0.859,0.992,0.844,0.345,0.406,0.95,0.128,0.564,0.943,0.278,0.789,0.135,0.022,0.77,0.962,0.582,0.782,0.8,0.67,0.143,0.999,0.141,0.143,0.141,0.5,0.21,0.128,0.011,0.161,0.984,0.544
388,0.761,0.076,0.777,0.239,0.472,0.525,0.868,0.279,0.111,0.177,0.715,0.735,0.164,0.5,0.558,0.417,0.398,0.641,0.33,0.276,0.6,0.044,0.782,0.48,0.548,0.688,0.521,0.474,0.319,0.986,0.587,0.052,0.866,0.57,0.966,0.836,0.555,0.344,0.422,0.106,0.409,0.867,0.57,0.924,0.658,0.317,0.251,0.975,0.352,0.277,0.59,0.431,0.216,0.793,0.806,0.304,0.391,0.9,0.911,0.924,0.813,0.064,0.019,0.824
390,0.525,0.678,0.591,0.031,0.344,0.235,0.703,0.357,0.407,0.02,0.203,0.373,0.345,0.12,0.915,0.819,0.903,0.372,0.859,0.657,0.584,0.132,0.298,0.346,0.724,0.027,0.942,0.665,0.031,0.657,0.195,0.25,0.567,0.383,0.266,0.851,0.61,0.84,0.825,0.713,0.798,0.041,0.74,0.888,0.43,0.977,0.235,0.499,0.395,0.681,0.827,0.939,0.706,0.557,0.058,0.422,0.094,0.037,0.083,0.183,0.35,0.812,0.816,0.119
392,0.675,0.108,0.336,0.243,0.173,0.774,0.641,0.02,0.469,0.438,0.862,0.538,0.257,0.733,0.542,0.213,0.915,0.561,0.797,0.497,0.723,0.358,0.542,0.776,0.497,0.758,0.999,0.306,0.912,0.056,0.997,0.745,0.817,0.232,0.589,0.336,0.823,0.592,0.135,0.503,0.406,0.236,0.52,0.072,0.675,0.537,0.174,0.925,0.349,0.822,0.179,0.231,0.153,0.317,0.234,0.932,0.367,0.049,0.668,0.496,0.992,0.544,0.958,0.922
394,0.379,0.486,0.935,0.422,0.849,0.016,0.288,0.176,0.763,0.865,0.09,0.931,0.544,0.696,0.364,0.467,0.845,0.472,0.762,0.694,0.323,0.393,0.484,0.401,0.095,0.983,0.5,0.243,0.904,0.219,0.731,0.335,0.568,0.901,0.724,0.622,0.151,0.125,0.163,0.439,0.168,0.7,0.591,0.175,0.197,0.639,0.858,0.691,0.731,0.529,0.099,0.959,0.164,0.744,0.959,0.147,0.576,0.163,0.213,0.669,0.739,0.107,0.824,0.275
396,0.46,0.646,0.204,0.007,0.476,0.949,0.292,0.622,0.691,0.753,0.801,0.573,0.156,0.079,0.542,0.635,0.092,0.805,0.1,0.427,0.646,0.869,0.089,0.056,0.518,0.286,0.405,0.989,0.596,0.673,0.414,0.178,0.614,0.757,0.716,0.699,0.161,0.95,0.34,0.865,0.369,0.429,0.364,0.021,0.541,0.665,0.699,0.33,0.73,0.024,0.095,0.538,0.954,0.029,0.484,0.452,0.031,0.082,0.415,0.227,0.609,0.172,0.304,0.5
398,0.616,0.593,0.576,0.97,0.544,0.087,0.784,0.658,0.429,0.621,0.416,0.063,0.436,0.864,0.515,0.334,0.793,0.854,0.532,0.804,0.705,0.158,0.948,0.823,0.713,0.639,0.319,0.943,0.27,0.22,0.806,0.814,0.704,0.581,0.931,0.004,0.305,0.828,0.067,0.157,0.509,0.173,0.299,0.611,0.858,0.29,0.163,0.024,0.933,0.917,0.012,0.164,0.189,0.425,0.604,0.5,0.586,0.595,0.72,0.544,0.526,0.513,0.907,0.255
